label:PY[0].soma.v(0.5)
5001
0	-70
0.2	-70
0.4	-70
0.6	-70.0001
0.8	-70.0001
1	-70.0002
1.2	-70.0002
1.4	-70.0003
1.6	-70.0004
1.8	-70.0006
2	-70.0007
2.2	-70.0008
2.4	-70.001
2.6	-70.0012
2.8	-70.0013
3	-70.0015
3.2	-70.0017
3.4	-70.0019
3.6	-70.0022
3.8	-70.0024
4	-70.0026
4.2	-70.0029
4.4	-70.0032
4.6	-70.0034
4.8	-70.0037
5	-70.004
5.2	-70.0043
5.4	-70.0046
5.6	-70.0049
5.8	-70.0053
6	-70.0056
6.2	-70.006
6.4	-70.0063
6.6	-70.0067
6.8	-70.007
7	-70.0074
7.2	-70.0078
7.4	-70.0082
7.6	-70.0086
7.8	-70.009
8	-70.0094
8.2	-70.0098
8.4	-70.0102
8.6	-70.0107
8.8	-70.0111
9	-70.0115
9.2	-70.012
9.4	-70.0124
9.6	-70.0129
9.8	-70.0134
10	-70.0138
10.2	-70.0143
10.4	-70.0148
10.6	-70.0153
10.8	-70.0158
11	-70.0163
11.2	-70.0167
11.4	-70.0173
11.6	-70.0178
11.8	-70.0183
12	-70.0188
12.2	-70.0193
12.4	-70.0198
12.6	-70.0204
12.8	-70.0209
13	-70.0214
13.2	-70.022
13.4	-70.0225
13.6	-70.023
13.8	-70.0236
14	-70.0241
14.2	-70.0247
14.4	-70.0253
14.6	-70.0258
14.8	-70.0264
15	-70.0269
15.2	-70.0275
15.4	-70.0281
15.6	-70.0287
15.8	-70.0292
16	-70.0298
16.2	-70.0304
16.4	-70.031
16.6	-70.0316
16.8	-70.0322
17	-70.0327
17.2	-70.0333
17.4	-70.0339
17.6	-70.0345
17.8	-70.0351
18	-70.0357
18.2	-70.0363
18.4	-70.0369
18.6	-70.0375
18.8	-70.0381
19	-70.0388
19.2	-70.0394
19.4	-70.04
19.6	-70.0406
19.8	-70.0412
20	-70.0418
20.2	-70.0424
20.4	-70.0431
20.6	-70.0437
20.8	-70.0443
21	-70.0449
21.2	-70.0455
21.4	-70.0462
21.6	-70.0468
21.8	-70.0474
22	-70.048
22.2	-70.0487
22.4	-70.0493
22.6	-70.0499
22.8	-70.0506
23	-70.0512
23.2	-70.0518
23.4	-70.0525
23.6	-70.0531
23.8	-70.0537
24	-70.0544
24.2	-70.055
24.4	-70.0556
24.6	-70.0563
24.8	-70.0569
25	-70.0576
25.2	-70.0582
25.4	-70.0588
25.6	-70.0595
25.8	-70.0601
26	-70.0607
26.2	-70.0614
26.4	-70.062
26.6	-70.0627
26.8	-70.0633
27	-70.0639
27.2	-70.0646
27.4	-70.0652
27.6	-70.0659
27.8	-70.0665
28	-70.0672
28.2	-70.0678
28.4	-70.0684
28.6	-70.0691
28.8	-70.0697
29	-70.0704
29.2	-70.071
29.4	-70.0716
29.6	-70.0723
29.8	-70.0729
30	-70.0736
30.2	-70.0742
30.4	-70.0749
30.6	-70.0755
30.8	-70.0761
31	-70.0768
31.2	-70.0774
31.4	-70.0781
31.6	-70.0787
31.8	-70.0793
32	-70.08
32.2	-70.0806
32.4	-70.0813
32.6	-70.0819
32.8	-70.0825
33	-70.0832
33.2	-70.0838
33.4	-70.0844
33.6	-70.0851
33.8	-70.0857
34	-70.0864
34.2	-70.087
34.4	-70.0876
34.6	-70.0883
34.8	-70.0889
35	-70.0895
35.2	-70.0902
35.4	-70.0908
35.6	-70.0914
35.8	-70.0921
36	-70.0927
36.2	-70.0933
36.4	-70.094
36.6	-70.0946
36.8	-70.0952
37	-70.0959
37.2	-70.0965
37.4	-70.0971
37.6	-70.0978
37.8	-70.0984
38	-70.099
38.2	-70.0997
38.4	-70.1003
38.6	-70.1009
38.8	-70.1015
39	-70.1022
39.2	-70.1028
39.4	-70.1034
39.6	-70.104
39.8	-70.1047
40	-70.1053
40.2	-70.1059
40.4	-70.1065
40.6	-70.1072
40.8	-70.1078
41	-70.1084
41.2	-70.109
41.4	-70.1096
41.6	-70.1103
41.8	-70.1109
42	-70.1115
42.2	-70.1121
42.4	-70.1127
42.6	-70.1133
42.8	-70.114
43	-70.1146
43.2	-70.1152
43.4	-70.1158
43.6	-70.1164
43.8	-70.117
44	-70.1176
44.2	-70.1182
44.4	-70.1189
44.6	-70.1195
44.8	-70.1201
45	-70.1207
45.2	-70.1213
45.4	-70.1219
45.6	-70.1225
45.8	-70.1231
46	-70.1237
46.2	-70.1243
46.4	-70.1249
46.6	-70.1255
46.8	-70.1261
47	-70.1267
47.2	-70.1273
47.4	-70.1279
47.6	-70.1285
47.8	-70.1291
48	-70.1297
48.2	-70.1303
48.4	-70.1309
48.6	-70.1315
48.8	-70.1321
49	-70.1327
49.2	-70.1333
49.4	-70.1339
49.6	-70.1345
49.8	-70.1351
50	-70.1357
50.2	-70.1363
50.4	-70.1369
50.6	-70.1374
50.8	-70.138
51	-70.1386
51.2	-70.1392
51.4	-70.1398
51.6	-70.1404
51.8	-70.141
52	-70.1415
52.2	-70.1421
52.4	-70.1427
52.6	-70.1433
52.8	-70.1439
53	-70.1445
53.2	-70.145
53.4	-70.1456
53.6	-70.1462
53.8	-70.1468
54	-70.1474
54.2	-70.1479
54.4	-70.1485
54.6	-70.1491
54.8	-70.1497
55	-70.1502
55.2	-70.1508
55.4	-70.1514
55.6	-70.1519
55.8	-70.1525
56	-70.1531
56.2	-70.1537
56.4	-70.1542
56.6	-70.1548
56.8	-70.1554
57	-70.1559
57.2	-70.1565
57.4	-70.1571
57.6	-70.1576
57.8	-70.1582
58	-70.1587
58.2	-70.1593
58.4	-70.1599
58.6	-70.1604
58.8	-70.161
59	-70.1616
59.2	-70.1621
59.4	-70.1627
59.6	-70.1632
59.8	-70.1638
60	-70.1643
60.2	-70.1649
60.4	-70.1654
60.6	-70.166
60.8	-70.1665
61	-70.1671
61.2	-70.1677
61.4	-70.1682
61.6	-70.1688
61.8	-70.1693
62	-70.1699
62.2	-70.1704
62.4	-70.1709
62.6	-70.1715
62.8	-70.172
63	-70.1726
63.2	-70.1731
63.4	-70.1737
63.6	-70.1742
63.8	-70.1748
64	-70.1753
64.2	-70.1758
64.4	-70.1764
64.6	-70.1769
64.8	-70.1775
65	-70.178
65.2	-70.1785
65.4	-70.1791
65.6	-70.1796
65.8	-70.1801
66	-70.1807
66.2	-70.1812
66.4	-70.1817
66.6	-70.1823
66.8	-70.1828
67	-70.1833
67.2	-70.1839
67.4	-70.1844
67.6	-70.1849
67.8	-70.1854
68	-70.186
68.2	-70.1865
68.4	-70.187
68.6	-70.1876
68.8	-70.1881
69	-70.1886
69.2	-70.1891
69.4	-70.1896
69.6	-70.1902
69.8	-70.1907
70	-70.1912
70.2	-70.1917
70.4	-70.1922
70.6	-70.1928
70.8	-70.1933
71	-70.1938
71.2	-70.1943
71.4	-70.1948
71.6	-70.1953
71.8	-70.1959
72	-70.1964
72.2	-70.1969
72.4	-70.1974
72.6	-70.1979
72.8	-70.1984
73	-70.1989
73.2	-70.1994
73.4	-70.1999
73.6	-70.2005
73.8	-70.201
74	-70.2015
74.2	-70.202
74.4	-70.2025
74.6	-70.203
74.8	-70.2035
75	-70.204
75.2	-70.2045
75.4	-70.205
75.6	-70.2055
75.8	-70.206
76	-70.2065
76.2	-70.207
76.4	-70.2075
76.6	-70.208
76.8	-70.2085
77	-70.209
77.2	-70.2095
77.4	-70.21
77.6	-70.2105
77.8	-70.211
78	-70.2114
78.2	-70.2119
78.4	-70.2124
78.6	-70.2129
78.8	-70.2134
79	-70.2139
79.2	-70.2144
79.4	-70.2149
79.6	-70.2154
79.8	-70.2159
80	-70.2163
80.2	-70.2168
80.4	-70.2173
80.6	-70.2178
80.8	-70.2183
81	-70.2188
81.2	-70.2192
81.4	-70.2197
81.6	-70.2202
81.8	-70.2207
82	-70.2212
82.2	-70.2216
82.4	-70.2221
82.6	-70.2226
82.8	-70.2231
83	-70.2236
83.2	-70.224
83.4	-70.2245
83.6	-70.225
83.8	-70.2255
84	-70.2259
84.2	-70.2264
84.4	-70.2269
84.6	-70.2273
84.8	-70.2278
85	-70.2283
85.2	-70.2288
85.4	-70.2292
85.6	-70.2297
85.8	-70.2302
86	-70.2306
86.2	-70.2311
86.4	-70.2316
86.6	-70.232
86.8	-70.2325
87	-70.2329
87.2	-70.2334
87.4	-70.2339
87.6	-70.2343
87.8	-70.2348
88	-70.2353
88.2	-70.2357
88.4	-70.2362
88.6	-70.2366
88.8	-70.2371
89	-70.2375
89.2	-70.238
89.4	-70.2385
89.6	-70.2389
89.8	-70.2394
90	-70.2398
90.2	-70.2403
90.4	-70.2407
90.6	-70.2412
90.8	-70.2416
91	-70.2421
91.2	-70.2425
91.4	-70.243
91.6	-70.2434
91.8	-70.2439
92	-70.2443
92.2	-70.2448
92.4	-70.2452
92.6	-70.2457
92.8	-70.2461
93	-70.2466
93.2	-70.247
93.4	-70.2475
93.6	-70.2479
93.8	-70.2483
94	-70.2488
94.2	-70.2492
94.4	-70.2497
94.6	-70.2501
94.8	-70.2505
95	-70.251
95.2	-70.2514
95.4	-70.2519
95.6	-70.2523
95.8	-70.2527
96	-70.2532
96.2	-70.2536
96.4	-70.254
96.6	-70.2545
96.8	-70.2549
97	-70.2553
97.2	-70.2558
97.4	-70.2562
97.6	-70.2566
97.8	-70.2571
98	-70.2575
98.2	-70.2579
98.4	-70.2584
98.6	-70.2588
98.8	-70.2592
99	-70.2596
99.2	-70.2601
99.4	-70.2605
99.6	-70.2609
99.8	-70.2613
100	-70.2618
100.2	-70.2622
100.4	-70.2626
100.6	-70.263
100.8	-70.2635
101	-70.2639
101.2	-70.2643
101.4	-70.2647
101.6	-70.2651
101.8	-70.2656
102	-70.266
102.2	-70.2664
102.4	-70.2668
102.6	-70.2672
102.8	-70.2676
103	-70.2681
103.2	-70.2685
103.4	-70.2689
103.6	-70.2693
103.8	-70.2697
104	-70.2701
104.2	-70.2705
104.4	-70.271
104.6	-70.2714
104.8	-70.2718
105	-70.2722
105.2	-70.2726
105.4	-70.273
105.6	-70.2734
105.8	-70.2738
106	-70.2742
106.2	-70.2746
106.4	-70.275
106.6	-70.2754
106.8	-70.2759
107	-70.2763
107.2	-70.2767
107.4	-70.2771
107.6	-70.2775
107.8	-70.2779
108	-70.2783
108.2	-70.2787
108.4	-70.2791
108.6	-70.2795
108.8	-70.2799
109	-70.2803
109.2	-70.2807
109.4	-70.2811
109.6	-70.2815
109.8	-70.2819
110	-70.2823
110.2	-70.2827
110.4	-70.2831
110.6	-70.2834
110.8	-70.2838
111	-70.2842
111.2	-70.2846
111.4	-70.285
111.6	-70.2854
111.8	-70.2858
112	-70.2862
112.2	-70.2866
112.4	-70.287
112.6	-70.2874
112.8	-70.2878
113	-70.2881
113.2	-70.2885
113.4	-70.2889
113.6	-70.2893
113.8	-70.2897
114	-70.2901
114.2	-70.2905
114.4	-70.2908
114.6	-70.2912
114.8	-70.2916
115	-70.292
115.2	-70.2924
115.4	-70.2928
115.6	-70.2931
115.8	-70.2935
116	-70.2939
116.2	-70.2943
116.4	-70.2947
116.6	-70.295
116.8	-70.2954
117	-70.2958
117.2	-70.2962
117.4	-70.2965
117.6	-70.2969
117.8	-70.2973
118	-70.2977
118.2	-70.298
118.4	-70.2984
118.6	-70.2988
118.8	-70.2992
119	-70.2995
119.2	-70.2999
119.4	-70.3003
119.6	-70.3007
119.8	-70.301
120	-70.3014
120.2	-70.3018
120.4	-70.3021
120.6	-70.3025
120.8	-70.3029
121	-70.3032
121.2	-70.3036
121.4	-70.304
121.6	-70.3043
121.8	-70.3047
122	-70.3051
122.2	-70.3054
122.4	-70.3058
122.6	-70.3062
122.8	-70.3065
123	-70.3069
123.2	-70.3072
123.4	-70.3076
123.6	-70.308
123.8	-70.3083
124	-70.3087
124.2	-70.309
124.4	-70.3094
124.6	-70.3098
124.8	-70.3101
125	-70.3105
125.2	-70.3108
125.4	-70.3112
125.6	-70.3115
125.8	-70.3119
126	-70.3123
126.2	-70.3126
126.4	-70.313
126.6	-70.3133
126.8	-70.3137
127	-70.314
127.2	-70.3144
127.4	-70.3147
127.6	-70.3151
127.8	-70.3154
128	-70.3158
128.2	-70.3161
128.4	-70.3165
128.6	-70.3168
128.8	-70.3172
129	-70.3175
129.2	-70.3179
129.4	-70.3182
129.6	-70.3186
129.8	-70.3189
130	-70.3193
130.2	-70.3196
130.4	-70.32
130.6	-70.3203
130.8	-70.3206
131	-70.321
131.2	-70.3213
131.4	-70.3217
131.6	-70.322
131.8	-70.3223
132	-70.3227
132.2	-70.323
132.4	-70.3234
132.6	-70.3237
132.8	-70.3241
133	-70.3244
133.2	-70.3247
133.4	-70.3251
133.6	-70.3254
133.8	-70.3257
134	-70.3261
134.2	-70.3264
134.4	-70.3267
134.6	-70.3271
134.8	-70.3274
135	-70.3277
135.2	-70.3281
135.4	-70.3284
135.6	-70.3287
135.8	-70.3291
136	-70.3294
136.2	-70.3297
136.4	-70.3301
136.6	-70.3304
136.8	-70.3307
137	-70.3311
137.2	-70.3314
137.4	-70.3317
137.6	-70.332
137.8	-70.3324
138	-70.3327
138.2	-70.333
138.4	-70.3334
138.6	-70.3337
138.8	-70.334
139	-70.3343
139.2	-70.3347
139.4	-70.335
139.6	-70.3353
139.8	-70.3356
140	-70.3359
140.2	-70.3363
140.4	-70.3366
140.6	-70.3369
140.8	-70.3372
141	-70.3376
141.2	-70.3379
141.4	-70.3382
141.6	-70.3385
141.8	-70.3388
142	-70.3391
142.2	-70.3395
142.4	-70.3398
142.6	-70.3401
142.8	-70.3404
143	-70.3407
143.2	-70.341
143.4	-70.3414
143.6	-70.3417
143.8	-70.342
144	-70.3423
144.2	-70.3426
144.4	-70.3429
144.6	-70.3432
144.8	-70.3436
145	-70.3439
145.2	-70.3442
145.4	-70.3445
145.6	-70.3448
145.8	-70.3451
146	-70.3454
146.2	-70.3457
146.4	-70.346
146.6	-70.3464
146.8	-70.3467
147	-70.347
147.2	-70.3473
147.4	-70.3476
147.6	-70.3479
147.8	-70.3482
148	-70.3485
148.2	-70.3488
148.4	-70.3491
148.6	-70.3494
148.8	-70.3497
149	-70.35
149.2	-70.3503
149.4	-70.3506
149.6	-70.3509
149.8	-70.3512
150	-70.3515
150.2	-70.3518
150.4	-70.3521
150.6	-70.3524
150.8	-70.3527
151	-70.353
151.2	-70.3533
151.4	-70.3536
151.6	-70.3539
151.8	-70.3542
152	-70.3545
152.2	-70.3548
152.4	-70.3551
152.6	-70.3554
152.8	-70.3557
153	-70.356
153.2	-70.3563
153.4	-70.3566
153.6	-70.3569
153.8	-70.3572
154	-70.3575
154.2	-70.3578
154.4	-70.3581
154.6	-70.3583
154.8	-70.3586
155	-70.3589
155.2	-70.3592
155.4	-70.3595
155.6	-70.3598
155.8	-70.3601
156	-70.3604
156.2	-70.3607
156.4	-70.361
156.6	-70.3612
156.8	-70.3615
157	-70.3618
157.2	-70.3621
157.4	-70.3624
157.6	-70.3627
157.8	-70.363
158	-70.3633
158.2	-70.3635
158.4	-70.3638
158.6	-70.3641
158.8	-70.3644
159	-70.3647
159.2	-70.365
159.4	-70.3652
159.6	-70.3655
159.8	-70.3658
160	-70.3661
160.2	-70.3664
160.4	-70.3666
160.6	-70.3669
160.8	-70.3672
161	-70.3675
161.2	-70.3678
161.4	-70.368
161.6	-70.3683
161.8	-70.3686
162	-70.3689
162.2	-70.3691
162.4	-70.3694
162.6	-70.3697
162.8	-70.37
163	-70.3703
163.2	-70.3705
163.4	-70.3708
163.6	-70.3711
163.8	-70.3714
164	-70.3716
164.2	-70.3719
164.4	-70.3722
164.6	-70.3724
164.8	-70.3727
165	-70.373
165.2	-70.3733
165.4	-70.3735
165.6	-70.3738
165.8	-70.3741
166	-70.3743
166.2	-70.3746
166.4	-70.3749
166.6	-70.3752
166.8	-70.3754
167	-70.3757
167.2	-70.376
167.4	-70.3762
167.6	-70.3765
167.8	-70.3768
168	-70.377
168.2	-70.3773
168.4	-70.3776
168.6	-70.3778
168.8	-70.3781
169	-70.3783
169.2	-70.3786
169.4	-70.3789
169.6	-70.3791
169.8	-70.3794
170	-70.3797
170.2	-70.3799
170.4	-70.3802
170.6	-70.3805
170.8	-70.3807
171	-70.381
171.2	-70.3812
171.4	-70.3815
171.6	-70.3818
171.8	-70.382
172	-70.3823
172.2	-70.3825
172.4	-70.3828
172.6	-70.383
172.8	-70.3833
173	-70.3836
173.2	-70.3838
173.4	-70.3841
173.6	-70.3843
173.8	-70.3846
174	-70.3848
174.2	-70.3851
174.4	-70.3854
174.6	-70.3856
174.8	-70.3859
175	-70.3861
175.2	-70.3864
175.4	-70.3866
175.6	-70.3869
175.8	-70.3871
176	-70.3874
176.2	-70.3876
176.4	-70.3879
176.6	-70.3881
176.8	-70.3884
177	-70.3886
177.2	-70.3889
177.4	-70.3891
177.6	-70.3894
177.8	-70.3896
178	-70.3899
178.2	-70.3901
178.4	-70.3904
178.6	-70.3906
178.8	-70.3909
179	-70.3911
179.2	-70.3914
179.4	-70.3916
179.6	-70.3919
179.8	-70.3921
180	-70.3924
180.2	-70.3926
180.4	-70.3928
180.6	-70.3931
180.8	-70.3933
181	-70.3936
181.2	-70.3938
181.4	-70.3941
181.6	-70.3943
181.8	-70.3945
182	-70.3948
182.2	-70.395
182.4	-70.3953
182.6	-70.3955
182.8	-70.3958
183	-70.396
183.2	-70.3962
183.4	-70.3965
183.6	-70.3967
183.8	-70.397
184	-70.3972
184.2	-70.3974
184.4	-70.3977
184.6	-70.3979
184.8	-70.3981
185	-70.3984
185.2	-70.3986
185.4	-70.3989
185.6	-70.3991
185.8	-70.3993
186	-70.3996
186.2	-70.3998
186.4	-70.4
186.6	-70.4003
186.8	-70.4005
187	-70.4007
187.2	-70.401
187.4	-70.4012
187.6	-70.4014
187.8	-70.4017
188	-70.4019
188.2	-70.4021
188.4	-70.4024
188.6	-70.4026
188.8	-70.4028
189	-70.4031
189.2	-70.4033
189.4	-70.4035
189.6	-70.4037
189.8	-70.404
190	-70.4042
190.2	-70.4044
190.4	-70.4047
190.6	-70.4049
190.8	-70.4051
191	-70.4053
191.2	-70.4056
191.4	-70.4058
191.6	-70.406
191.8	-70.4062
192	-70.4065
192.2	-70.4067
192.4	-70.4069
192.6	-70.4072
192.8	-70.4074
193	-70.4076
193.2	-70.4078
193.4	-70.4081
193.6	-70.4083
193.8	-70.4085
194	-70.4087
194.2	-70.4089
194.4	-70.4092
194.6	-70.4094
194.8	-70.4096
195	-70.4098
195.2	-70.4101
195.4	-70.4103
195.6	-70.4105
195.8	-70.4107
196	-70.4109
196.2	-70.4112
196.4	-70.4114
196.6	-70.4116
196.8	-70.4118
197	-70.412
197.2	-70.4122
197.4	-70.4125
197.6	-70.4127
197.8	-70.4129
198	-70.4131
198.2	-70.4133
198.4	-70.4136
198.6	-70.4138
198.8	-70.414
199	-70.4142
199.2	-70.4144
199.4	-70.4146
199.6	-70.4148
199.8	-70.4151
200	-70.4153
200.2	-70.4155
200.4	-70.4157
200.6	-70.4159
200.8	-70.4161
201	-70.4163
201.2	-70.4165
201.4	-70.4168
201.6	-70.417
201.8	-70.4172
202	-70.4174
202.2	-70.4176
202.4	-70.4178
202.6	-70.418
202.8	-70.4182
203	-70.4184
203.2	-70.4187
203.4	-70.4189
203.6	-70.4191
203.8	-70.4193
204	-70.4195
204.2	-70.4197
204.4	-70.4199
204.6	-70.4201
204.8	-70.4203
205	-70.4205
205.2	-70.4207
205.4	-70.4209
205.6	-70.4211
205.8	-70.4213
206	-70.4216
206.2	-70.4218
206.4	-70.422
206.6	-70.4222
206.8	-70.4224
207	-70.4226
207.2	-70.4228
207.4	-70.423
207.6	-70.4232
207.8	-70.4234
208	-70.4236
208.2	-70.4238
208.4	-70.424
208.6	-70.4242
208.8	-70.4244
209	-70.4246
209.2	-70.4248
209.4	-70.425
209.6	-70.4252
209.8	-70.4254
210	-70.4256
210.2	-70.4258
210.4	-70.426
210.6	-70.4262
210.8	-70.4264
211	-70.4266
211.2	-70.4268
211.4	-70.427
211.6	-70.4272
211.8	-70.4274
212	-70.4276
212.2	-70.4278
212.4	-70.428
212.6	-70.4282
212.8	-70.4284
213	-70.4286
213.2	-70.4288
213.4	-70.429
213.6	-70.4292
213.8	-70.4293
214	-70.4295
214.2	-70.4297
214.4	-70.4299
214.6	-70.4301
214.8	-70.4303
215	-70.4305
215.2	-70.4307
215.4	-70.4309
215.6	-70.4311
215.8	-70.4313
216	-70.4315
216.2	-70.4317
216.4	-70.4319
216.6	-70.432
216.8	-70.4322
217	-70.4324
217.2	-70.4326
217.4	-70.4328
217.6	-70.433
217.8	-70.4332
218	-70.4334
218.2	-70.4336
218.4	-70.4337
218.6	-70.4339
218.8	-70.4341
219	-70.4343
219.2	-70.4345
219.4	-70.4347
219.6	-70.4349
219.8	-70.4351
220	-70.4352
220.2	-70.4354
220.4	-70.4356
220.6	-70.4358
220.8	-70.436
221	-70.4362
221.2	-70.4364
221.4	-70.4365
221.6	-70.4367
221.8	-70.4369
222	-70.4371
222.2	-70.4373
222.4	-70.4375
222.6	-70.4377
222.8	-70.4378
223	-70.438
223.2	-70.4382
223.4	-70.4384
223.6	-70.4386
223.8	-70.4387
224	-70.4389
224.2	-70.4391
224.4	-70.4393
224.6	-70.4395
224.8	-70.4397
225	-70.4398
225.2	-70.44
225.4	-70.4402
225.6	-70.4404
225.8	-70.4406
226	-70.4407
226.2	-70.4409
226.4	-70.4411
226.6	-70.4413
226.8	-70.4414
227	-70.4416
227.2	-70.4418
227.4	-70.442
227.6	-70.4422
227.8	-70.4423
228	-70.4425
228.2	-70.4427
228.4	-70.4429
228.6	-70.443
228.8	-70.4432
229	-70.4434
229.2	-70.4436
229.4	-70.4437
229.6	-70.4439
229.8	-70.4441
230	-70.4443
230.2	-70.4444
230.4	-70.4446
230.6	-70.4448
230.8	-70.445
231	-70.4451
231.2	-70.4453
231.4	-70.4455
231.6	-70.4456
231.8	-70.4458
232	-70.446
232.2	-70.4462
232.4	-70.4463
232.6	-70.4465
232.8	-70.4467
233	-70.4468
233.2	-70.447
233.4	-70.4472
233.6	-70.4473
233.8	-70.4475
234	-70.4477
234.2	-70.4479
234.4	-70.448
234.6	-70.4482
234.8	-70.4484
235	-70.4485
235.2	-70.4487
235.4	-70.4489
235.6	-70.449
235.8	-70.4492
236	-70.4494
236.2	-70.4495
236.4	-70.4497
236.6	-70.4499
236.8	-70.45
237	-70.4502
237.2	-70.4504
237.4	-70.4505
237.6	-70.4507
237.8	-70.4509
238	-70.451
238.2	-70.4512
238.4	-70.4514
238.6	-70.4515
238.8	-70.4517
239	-70.4519
239.2	-70.452
239.4	-70.4522
239.6	-70.4523
239.8	-70.4525
240	-70.4527
240.2	-70.4528
240.4	-70.453
240.6	-70.4532
240.8	-70.4533
241	-70.4535
241.2	-70.4536
241.4	-70.4538
241.6	-70.454
241.8	-70.4541
242	-70.4543
242.2	-70.4544
242.4	-70.4546
242.6	-70.4548
242.8	-70.4549
243	-70.4551
243.2	-70.4552
243.4	-70.4554
243.6	-70.4556
243.8	-70.4557
244	-70.4559
244.2	-70.456
244.4	-70.4562
244.6	-70.4564
244.8	-70.4565
245	-70.4567
245.2	-70.4568
245.4	-70.457
245.6	-70.4571
245.8	-70.4573
246	-70.4574
246.2	-70.4576
246.4	-70.4578
246.6	-70.4579
246.8	-70.4581
247	-70.4582
247.2	-70.4584
247.4	-70.4585
247.6	-70.4587
247.8	-70.4588
248	-70.459
248.2	-70.4592
248.4	-70.4593
248.6	-70.4595
248.8	-70.4596
249	-70.4598
249.2	-70.4599
249.4	-70.4601
249.6	-70.4602
249.8	-70.4604
250	-70.4605
250.2	-70.4607
250.4	-70.4608
250.6	-70.461
250.8	-70.4611
251	-70.4613
251.2	-70.4614
251.4	-70.4616
251.6	-70.4617
251.8	-70.4619
252	-70.462
252.2	-70.4622
252.4	-70.4623
252.6	-70.4625
252.8	-70.4626
253	-70.4628
253.2	-70.4629
253.4	-70.4631
253.6	-70.4632
253.8	-70.4634
254	-70.4635
254.2	-70.4637
254.4	-70.4638
254.6	-70.464
254.8	-70.4641
255	-70.4643
255.2	-70.4644
255.4	-70.4645
255.6	-70.4647
255.8	-70.4648
256	-70.465
256.2	-70.4651
256.4	-70.4653
256.6	-70.4654
256.8	-70.4656
257	-70.4657
257.2	-70.4659
257.4	-70.466
257.6	-70.4661
257.8	-70.4663
258	-70.4664
258.2	-70.4666
258.4	-70.4667
258.6	-70.4669
258.8	-70.467
259	-70.4671
259.2	-70.4673
259.4	-70.4674
259.6	-70.4676
259.8	-70.4677
260	-70.4679
260.2	-70.468
260.4	-70.4681
260.6	-70.4683
260.8	-70.4684
261	-70.4686
261.2	-70.4687
261.4	-70.4688
261.6	-70.469
261.8	-70.4691
262	-70.4693
262.2	-70.4694
262.4	-70.4695
262.6	-70.4697
262.8	-70.4698
263	-70.47
263.2	-70.4701
263.4	-70.4702
263.6	-70.4704
263.8	-70.4705
264	-70.4707
264.2	-70.4708
264.4	-70.4709
264.6	-70.4711
264.8	-70.4712
265	-70.4713
265.2	-70.4715
265.4	-70.4716
265.6	-70.4717
265.8	-70.4719
266	-70.472
266.2	-70.4722
266.4	-70.4723
266.6	-70.4724
266.8	-70.4726
267	-70.4727
267.2	-70.4728
267.4	-70.473
267.6	-70.4731
267.8	-70.4732
268	-70.4734
268.2	-70.4735
268.4	-70.4736
268.6	-70.4738
268.8	-70.4739
269	-70.474
269.2	-70.4742
269.4	-70.4743
269.6	-70.4744
269.8	-70.4746
270	-70.4747
270.2	-70.4748
270.4	-70.475
270.6	-70.4751
270.8	-70.4752
271	-70.4754
271.2	-70.4755
271.4	-70.4756
271.6	-70.4758
271.8	-70.4759
272	-70.476
272.2	-70.4762
272.4	-70.4763
272.6	-70.4764
272.8	-70.4765
273	-70.4767
273.2	-70.4768
273.4	-70.4769
273.6	-70.4771
273.8	-70.4772
274	-70.4773
274.2	-70.4774
274.4	-70.4776
274.6	-70.4777
274.8	-70.4778
275	-70.478
275.2	-70.4781
275.4	-70.4782
275.6	-70.4783
275.8	-70.4785
276	-70.4786
276.2	-70.4787
276.4	-70.4789
276.6	-70.479
276.8	-70.4791
277	-70.4792
277.2	-70.4794
277.4	-70.4795
277.6	-70.4796
277.8	-70.4797
278	-70.4799
278.2	-70.48
278.4	-70.4801
278.6	-70.4802
278.8	-70.4804
279	-70.4805
279.2	-70.4806
279.4	-70.4807
279.6	-70.4809
279.8	-70.481
280	-70.4811
280.2	-70.4812
280.4	-70.4813
280.6	-70.4815
280.8	-70.4816
281	-70.4817
281.2	-70.4818
281.4	-70.482
281.6	-70.4821
281.8	-70.4822
282	-70.4823
282.2	-70.4825
282.4	-70.4826
282.6	-70.4827
282.8	-70.4828
283	-70.4829
283.2	-70.4831
283.4	-70.4832
283.6	-70.4833
283.8	-70.4834
284	-70.4835
284.2	-70.4837
284.4	-70.4838
284.6	-70.4839
284.8	-70.484
285	-70.4841
285.2	-70.4843
285.4	-70.4844
285.6	-70.4845
285.8	-70.4846
286	-70.4847
286.2	-70.4849
286.4	-70.485
286.6	-70.4851
286.8	-70.4852
287	-70.4853
287.2	-70.4854
287.4	-70.4856
287.6	-70.4857
287.8	-70.4858
288	-70.4859
288.2	-70.486
288.4	-70.4861
288.6	-70.4863
288.8	-70.4864
289	-70.4865
289.2	-70.4866
289.4	-70.4867
289.6	-70.4868
289.8	-70.487
290	-70.4871
290.2	-70.4872
290.4	-70.4873
290.6	-70.4874
290.8	-70.4875
291	-70.4876
291.2	-70.4878
291.4	-70.4879
291.6	-70.488
291.8	-70.4881
292	-70.4882
292.2	-70.4883
292.4	-70.4884
292.6	-70.4886
292.8	-70.4887
293	-70.4888
293.2	-70.4889
293.4	-70.489
293.6	-70.4891
293.8	-70.4892
294	-70.4893
294.2	-70.4895
294.4	-70.4896
294.6	-70.4897
294.8	-70.4898
295	-70.4899
295.2	-70.49
295.4	-70.4901
295.6	-70.4902
295.8	-70.4904
296	-70.4905
296.2	-70.4906
296.4	-70.4907
296.6	-70.4908
296.8	-70.4909
297	-70.491
297.2	-70.4911
297.4	-70.4912
297.6	-70.4913
297.8	-70.4915
298	-70.4916
298.2	-70.4917
298.4	-70.4918
298.6	-70.4919
298.8	-70.492
299	-70.4921
299.2	-70.4922
299.4	-70.4923
299.6	-70.4924
299.8	-70.4925
300	-70.4927
300.2	-69.9825
300.4	-69.4825
300.6	-68.9926
300.8	-68.5125
301	-68.042
301.2	-67.5809
301.4	-67.1291
301.6	-66.6863
301.8	-66.2524
302	-65.8272
302.2	-65.4106
302.4	-65.0023
302.6	-64.6022
302.8	-64.2101
303	-63.8259
303.2	-63.4494
303.4	-63.0804
303.6	-62.7188
303.8	-62.3646
304	-62.0174
304.2	-61.6772
304.4	-61.3438
304.6	-61.0171
304.8	-60.6969
305	-60.3832
305.2	-60.0758
305.4	-59.7745
305.6	-59.4793
305.8	-59.1899
306	-58.9064
306.2	-58.6285
306.4	-58.3562
306.6	-58.0893
306.8	-57.8276
307	-57.5712
307.2	-57.3199
307.4	-57.0735
307.6	-56.832
307.8	-56.5952
308	-56.363
308.2	-56.1353
308.4	-55.912
308.6	-55.693
308.8	-55.4781
309	-55.2673
309.2	-55.0604
309.4	-54.8574
309.6	-54.6581
309.8	-54.4623
310	-54.27
310.2	-54.0811
310.4	-53.8954
310.6	-53.7129
310.8	-53.5333
311	-53.3566
311.2	-53.1827
311.4	-53.0113
311.6	-52.8425
311.8	-52.676
312	-52.5117
312.2	-52.3495
312.4	-52.1892
312.6	-52.0308
312.8	-51.8739
313	-51.7185
313.2	-51.5644
313.4	-51.4115
313.6	-51.2595
313.8	-51.1083
314	-50.9577
314.2	-50.8074
314.4	-50.6572
314.6	-50.5069
314.8	-50.3563
315	-50.205
315.2	-50.0527
315.4	-49.8991
315.6	-49.7439
315.8	-49.5865
316	-49.4265
316.2	-49.2634
316.4	-49.0966
316.6	-48.9253
316.8	-48.7488
317	-48.5659
317.2	-48.3757
317.4	-48.1765
317.6	-47.9668
317.8	-47.7443
318	-47.5062
318.2	-47.249
318.4	-46.968
318.6	-46.6567
318.8	-46.306
319	-45.9025
319.2	-45.4258
319.4	-44.8419
319.6	-44.0902
319.8	-43.0478
320	-41.4151
320.2	-38.1955
320.4	-27.2794
320.6	29.1787
320.8	43.7488
321	32.2039
321.2	9.37231
321.4	-15.0408
321.6	-34.1894
321.8	-49.9942
322	-59.5389
322.2	-64.0747
322.4	-66.0863
322.6	-66.8672
322.8	-67.0481
323	-66.9365
323.2	-66.6832
323.4	-66.3628
323.6	-66.0124
323.8	-65.6505
324	-65.2866
324.2	-64.9252
324.4	-64.5687
324.6	-64.2184
324.8	-63.8746
325	-63.5377
325.2	-63.2076
325.4	-62.8843
325.6	-62.5677
325.8	-62.2578
326	-61.9543
326.2	-61.6572
326.4	-61.3664
326.6	-61.0816
326.8	-60.8028
327	-60.5299
327.2	-60.2627
327.4	-60.0011
327.6	-59.745
327.8	-59.4943
328	-59.2488
328.2	-59.0085
328.4	-58.7732
328.6	-58.5428
328.8	-58.3172
329	-58.0963
329.2	-57.88
329.4	-57.6681
329.6	-57.4607
329.8	-57.2576
330	-57.0586
330.2	-56.8638
330.4	-56.6729
330.6	-56.4859
330.8	-56.3028
331	-56.1233
331.2	-55.9475
331.4	-55.7752
331.6	-55.6063
331.8	-55.4408
332	-55.2785
332.2	-55.1194
332.4	-54.9634
332.6	-54.8104
332.8	-54.6603
333	-54.5131
333.2	-54.3686
333.4	-54.2267
333.6	-54.0875
333.8	-53.9507
334	-53.8164
334.2	-53.6845
334.4	-53.5548
334.6	-53.4272
334.8	-53.3018
335	-53.1785
335.2	-53.057
335.4	-52.9375
335.6	-52.8198
335.8	-52.7038
336	-52.5894
336.2	-52.4766
336.4	-52.3653
336.6	-52.2555
336.8	-52.1469
337	-52.0397
337.2	-51.9337
337.4	-51.8287
337.6	-51.7248
337.8	-51.6219
338	-51.5198
338.2	-51.4186
338.4	-51.318
338.6	-51.2181
338.8	-51.1188
339	-51.0199
339.2	-50.9214
339.4	-50.8231
339.6	-50.725
339.8	-50.627
340	-50.529
340.2	-50.4308
340.4	-50.3323
340.6	-50.2335
340.8	-50.1341
341	-50.0341
341.2	-49.9333
341.4	-49.8314
341.6	-49.7284
341.8	-49.6241
342	-49.5182
342.2	-49.4104
342.4	-49.3007
342.6	-49.1885
342.8	-49.0737
343	-48.9557
343.2	-48.8344
343.4	-48.709
343.6	-48.5791
343.8	-48.4441
344	-48.3031
344.2	-48.1553
344.4	-47.9995
344.6	-47.8345
344.8	-47.6586
345	-47.4699
345.2	-47.2657
345.4	-47.0428
345.6	-46.7968
345.8	-46.5218
346	-46.2096
346.2	-45.848
346.4	-45.419
346.6	-44.893
346.8	-44.2186
347	-43.2952
347.2	-41.8917
347.4	-39.3139
347.6	-32.1118
347.8	12.4043
348	44.0638
348.2	36.9857
348.4	16.4486
348.6	-8.38812
348.8	-29.1138
349	-46.0384
349.2	-57.6335
349.4	-63.3212
349.6	-65.8979
349.8	-66.9608
350	-67.289
350.2	-67.2605
350.4	-67.0594
350.6	-66.7762
350.8	-66.4557
351	-66.1201
351.2	-65.7806
351.4	-65.4426
351.6	-65.109
351.8	-64.7811
352	-64.4595
352.2	-64.1444
352.4	-63.836
352.6	-63.5342
352.8	-63.2389
353	-62.9501
353.2	-62.6674
353.4	-62.391
353.6	-62.1206
353.8	-61.856
354	-61.5973
354.2	-61.3442
354.4	-61.0966
354.6	-60.8544
354.8	-60.6174
355	-60.3856
355.2	-60.1589
355.4	-59.9371
355.6	-59.7201
355.8	-59.5079
356	-59.3002
356.2	-59.097
356.4	-58.8983
356.6	-58.7038
356.8	-58.5136
357	-58.3274
357.2	-58.1453
357.4	-57.9671
357.6	-57.7927
357.8	-57.6221
358	-57.4551
358.2	-57.2917
358.4	-57.1317
358.6	-56.9752
358.8	-56.822
359	-56.6721
359.2	-56.5253
359.4	-56.3816
359.6	-56.2409
359.8	-56.1031
360	-55.9682
360.2	-55.8361
360.4	-55.7068
360.6	-55.5801
360.8	-55.4559
361	-55.3344
361.2	-55.2152
361.4	-55.0985
361.6	-54.9841
361.8	-54.872
362	-54.7621
362.2	-54.6543
362.4	-54.5487
362.6	-54.4451
362.8	-54.3434
363	-54.2437
363.2	-54.1459
363.4	-54.0499
363.6	-53.9557
363.8	-53.8632
364	-53.7724
364.2	-53.6832
364.4	-53.5956
364.6	-53.5096
364.8	-53.425
365	-53.3418
365.2	-53.2601
365.4	-53.1797
365.6	-53.1007
365.8	-53.0229
366	-52.9463
366.2	-52.871
366.4	-52.7968
366.6	-52.7237
366.8	-52.6517
367	-52.5808
367.2	-52.5108
367.4	-52.4419
367.6	-52.3738
367.8	-52.3067
368	-52.2405
368.2	-52.1751
368.4	-52.1105
368.6	-52.0466
368.8	-51.9836
369	-51.9212
369.2	-51.8595
369.4	-51.7985
369.6	-51.738
369.8	-51.6782
370	-51.619
370.2	-51.5602
370.4	-51.502
370.6	-51.4443
370.8	-51.387
371	-51.3301
371.2	-51.2736
371.4	-51.2174
371.6	-51.1616
371.8	-51.1062
372	-51.0509
372.2	-50.996
372.4	-50.9412
372.6	-50.8866
372.8	-50.8322
373	-50.7779
373.2	-50.7237
373.4	-50.6696
373.6	-50.6155
373.8	-50.5614
374	-50.5073
374.2	-50.4531
374.4	-50.3988
374.6	-50.3444
374.8	-50.2897
375	-50.2349
375.2	-50.1798
375.4	-50.1243
375.6	-50.0686
375.8	-50.0124
376	-49.9558
376.2	-49.8986
376.4	-49.8409
376.6	-49.7826
376.8	-49.7236
377	-49.6638
377.2	-49.6032
377.4	-49.5417
377.6	-49.4792
377.8	-49.4156
378	-49.3509
378.2	-49.2848
378.4	-49.2173
378.6	-49.1483
378.8	-49.0776
379	-49.005
379.2	-48.9304
379.4	-48.8536
379.6	-48.7743
379.8	-48.6923
380	-48.6074
380.2	-48.5192
380.4	-48.4274
380.6	-48.3315
380.8	-48.2311
381	-48.1255
381.2	-48.0143
381.4	-47.8965
381.6	-47.7713
381.8	-47.6375
382	-47.4938
382.2	-47.3386
382.4	-47.1697
382.6	-46.9845
382.8	-46.7794
383	-46.55
383.2	-46.2898
383.4	-45.9901
383.6	-45.6379
383.8	-45.2133
384	-44.6836
384.2	-43.9907
384.4	-43.0182
384.6	-41.4869
384.8	-38.4973
385	-28.8755
385.2	25.1571
385.4	43.8184
385.6	33.3846
385.8	11.0713
386	-13.5027
386.2	-33.0212
386.4	-49.1743
386.6	-59.2158
386.8	-64.0281
387	-66.1916
387.2	-67.067
387.4	-67.3167
387.6	-67.2624
387.8	-67.0613
388	-66.7909
388.2	-66.4893
388.4	-66.1757
388.6	-65.8594
388.8	-65.5452
389	-65.2356
389.2	-64.9315
389.4	-64.6336
389.6	-64.3419
389.8	-64.0566
390	-63.7776
390.2	-63.5048
390.4	-63.2382
390.6	-62.9774
390.8	-62.7225
391	-62.4734
391.2	-62.2298
391.4	-61.9917
391.6	-61.7589
391.8	-61.5313
392	-61.3089
392.2	-61.0914
392.4	-60.8788
392.6	-60.6709
392.8	-60.4677
393	-60.269
393.2	-60.0748
393.4	-59.8849
393.6	-59.6992
393.8	-59.5177
394	-59.3402
394.2	-59.1666
394.4	-58.9969
394.6	-58.831
394.8	-58.6687
395	-58.5101
395.2	-58.3549
395.4	-58.2032
395.6	-58.0548
395.8	-57.9097
396	-57.7678
396.2	-57.629
396.4	-57.4932
396.6	-57.3604
396.8	-57.2305
397	-57.1034
397.2	-56.9791
397.4	-56.8575
397.6	-56.7385
397.8	-56.6221
398	-56.5081
398.2	-56.3967
398.4	-56.2876
398.6	-56.1808
398.8	-56.0763
399	-55.9741
399.2	-55.8739
399.4	-55.7759
399.6	-55.68
399.8	-55.586
400	-55.494
400.2	-55.4039
400.4	-55.3157
400.6	-55.2293
400.8	-55.1446
401	-55.0617
401.2	-54.9805
401.4	-54.9009
401.6	-54.8229
401.8	-54.7464
402	-54.6715
402.2	-54.598
402.4	-54.526
402.6	-54.4554
402.8	-54.3862
403	-54.3183
403.2	-54.2517
403.4	-54.1864
403.6	-54.1223
403.8	-54.0594
404	-53.9977
404.2	-53.9371
404.4	-53.8777
404.6	-53.8193
404.8	-53.762
405	-53.7058
405.2	-53.6505
405.4	-53.5962
405.6	-53.5429
405.8	-53.4905
406	-53.4391
406.2	-53.3885
406.4	-53.3387
406.6	-53.2898
406.8	-53.2417
407	-53.1945
407.2	-53.148
407.4	-53.1022
407.6	-53.0572
407.8	-53.0129
408	-52.9693
408.2	-52.9264
408.4	-52.8842
408.6	-52.8426
408.8	-52.8016
409	-52.7613
409.2	-52.7215
409.4	-52.6824
409.6	-52.6438
409.8	-52.6057
410	-52.5682
410.2	-52.5313
410.4	-52.4948
410.6	-52.4589
410.8	-52.4234
411	-52.3884
411.2	-52.3538
411.4	-52.3198
411.6	-52.2861
411.8	-52.2529
412	-52.2201
412.2	-52.1877
412.4	-52.1557
412.6	-52.124
412.8	-52.0928
413	-52.0619
413.2	-52.0314
413.4	-52.0012
413.6	-51.9713
413.8	-51.9418
414	-51.9126
414.2	-51.8837
414.4	-51.8551
414.6	-51.8268
414.8	-51.7987
415	-51.771
415.2	-51.7435
415.4	-51.7163
415.6	-51.6893
415.8	-51.6626
416	-51.6361
416.2	-51.6098
416.4	-51.5838
416.6	-51.558
416.8	-51.5324
417	-51.507
417.2	-51.4818
417.4	-51.4568
417.6	-51.4319
417.8	-51.4073
418	-51.3828
418.2	-51.3585
418.4	-51.3344
418.6	-51.3104
418.8	-51.2865
419	-51.2629
419.2	-51.2393
419.4	-51.2159
419.6	-51.1926
419.8	-51.1694
420	-51.1463
420.2	-51.1234
420.4	-51.1006
420.6	-51.0778
420.8	-51.0552
421	-51.0326
421.2	-51.0102
421.4	-50.9878
421.6	-50.9655
421.8	-50.9433
422	-50.9211
422.2	-50.899
422.4	-50.8769
422.6	-50.8549
422.8	-50.833
423	-50.8111
423.2	-50.7892
423.4	-50.7673
423.6	-50.7455
423.8	-50.7237
424	-50.7019
424.2	-50.6802
424.4	-50.6584
424.6	-50.6366
424.8	-50.6148
425	-50.5931
425.2	-50.5713
425.4	-50.5494
425.6	-50.5276
425.8	-50.5057
426	-50.4838
426.2	-50.4618
426.4	-50.4398
426.6	-50.4178
426.8	-50.3956
427	-50.3735
427.2	-50.3512
427.4	-50.3288
427.6	-50.3064
427.8	-50.2839
428	-50.2612
428.2	-50.2385
428.4	-50.2156
428.6	-50.1927
428.8	-50.1695
429	-50.1463
429.2	-50.1229
429.4	-50.0993
429.6	-50.0756
429.8	-50.0517
430	-50.0276
430.2	-50.0034
430.4	-49.9789
430.6	-49.9542
430.8	-49.9292
431	-49.9041
431.2	-49.8787
431.4	-49.853
431.6	-49.827
431.8	-49.8008
432	-49.7742
432.2	-49.7473
432.4	-49.7201
432.6	-49.6925
432.8	-49.6646
433	-49.6363
433.2	-49.6075
433.4	-49.5783
433.6	-49.5487
433.8	-49.5186
434	-49.488
434.2	-49.4568
434.4	-49.4251
434.6	-49.3928
434.8	-49.3599
435	-49.3263
435.2	-49.2921
435.4	-49.2571
435.6	-49.2213
435.8	-49.1847
436	-49.1473
436.2	-49.1089
436.4	-49.0696
436.6	-49.0292
436.8	-48.9877
437	-48.9451
437.2	-48.9012
437.4	-48.856
437.6	-48.8093
437.8	-48.7611
438	-48.7112
438.2	-48.6596
438.4	-48.606
438.6	-48.5504
438.8	-48.4926
439	-48.4323
439.2	-48.3693
439.4	-48.3035
439.6	-48.2345
439.8	-48.162
440	-48.0857
440.2	-48.0051
440.4	-47.9198
440.6	-47.8292
440.8	-47.7326
441	-47.6292
441.2	-47.5182
441.4	-47.3984
441.6	-47.2684
441.8	-47.1265
442	-46.9705
442.2	-46.7977
442.4	-46.6045
442.6	-46.3862
442.8	-46.1362
443	-45.8451
443.2	-45.4996
443.4	-45.0784
443.6	-44.5466
443.8	-43.8416
444	-42.8353
444.2	-41.2124
444.4	-37.9059
444.6	-26.1384
444.8	31.1464
445	43.3859
445.2	30.9957
445.4	7.83936
445.6	-16.3655
445.8	-35.267
446	-50.8754
446.2	-60.0728
446.4	-64.4382
446.6	-66.391
446.8	-67.1716
447	-67.3831
447.2	-67.3184
447.4	-67.1206
447.6	-66.8602
447.8	-66.5719
448	-66.2731
448.2	-65.9725
448.4	-65.6742
448.6	-65.3805
448.8	-65.0922
449	-64.8099
449.2	-64.5338
449.4	-64.2638
449.6	-63.9999
449.8	-63.742
450	-63.4899
450.2	-63.2436
450.4	-63.0029
450.6	-62.7678
450.8	-62.538
451	-62.3135
451.2	-62.0941
451.4	-61.8797
451.6	-61.6702
451.8	-61.4654
452	-61.2654
452.2	-61.0699
452.4	-60.8788
452.6	-60.6922
452.8	-60.5097
453	-60.3314
453.2	-60.1571
453.4	-59.9868
453.6	-59.8204
453.8	-59.6577
454	-59.4987
454.2	-59.3433
454.4	-59.1914
454.6	-59.043
454.8	-58.8979
455	-58.756
455.2	-58.6173
455.4	-58.4818
455.6	-58.3493
455.8	-58.2197
456	-58.0931
456.2	-57.9692
456.4	-57.8482
456.6	-57.7298
456.8	-57.6141
457	-57.5009
457.2	-57.3902
457.4	-57.282
457.6	-57.1761
457.8	-57.0726
458	-56.9713
458.2	-56.8723
458.4	-56.7754
458.6	-56.6807
458.8	-56.588
459	-56.4973
459.2	-56.4086
459.4	-56.3217
459.6	-56.2368
459.8	-56.1537
460	-56.0723
460.2	-55.9927
460.4	-55.9148
460.6	-55.8385
460.8	-55.7638
461	-55.6907
461.2	-55.6192
461.4	-55.5491
461.6	-55.4805
461.8	-55.4133
462	-55.3475
462.2	-55.2831
462.4	-55.22
462.6	-55.1582
462.8	-55.0976
463	-55.0383
463.2	-54.9801
463.4	-54.9232
463.6	-54.8673
463.8	-54.8126
464	-54.759
464.2	-54.7064
464.4	-54.6549
464.6	-54.6043
464.8	-54.5548
465	-54.5062
465.2	-54.4586
465.4	-54.4118
465.6	-54.366
465.8	-54.321
466	-54.2769
466.2	-54.2337
466.4	-54.1912
466.6	-54.1495
466.8	-54.1086
467	-54.0684
467.2	-54.029
467.4	-53.9903
467.6	-53.9523
467.8	-53.915
468	-53.8784
468.2	-53.8424
468.4	-53.807
468.6	-53.7723
468.8	-53.7382
469	-53.7047
469.2	-53.6717
469.4	-53.6394
469.6	-53.6075
469.8	-53.5763
470	-53.5455
470.2	-53.5153
470.4	-53.4855
470.6	-53.4563
470.8	-53.4276
471	-53.3993
471.2	-53.3714
471.4	-53.3441
471.6	-53.3171
471.8	-53.2906
472	-53.2646
472.2	-53.2389
472.4	-53.2136
472.6	-53.1887
472.8	-53.1643
473	-53.1401
473.2	-53.1164
473.4	-53.093
473.6	-53.07
473.8	-53.0473
474	-53.0249
474.2	-53.0029
474.4	-52.9812
474.6	-52.9598
474.8	-52.9387
475	-52.9179
475.2	-52.8974
475.4	-52.8772
475.6	-52.8573
475.8	-52.8377
476	-52.8183
476.2	-52.7992
476.4	-52.7804
476.6	-52.7618
476.8	-52.7434
477	-52.7253
477.2	-52.7075
477.4	-52.6898
477.6	-52.6724
477.8	-52.6552
478	-52.6383
478.2	-52.6215
478.4	-52.605
478.6	-52.5887
478.8	-52.5725
479	-52.5566
479.2	-52.5409
479.4	-52.5253
479.6	-52.51
479.8	-52.4948
480	-52.4798
480.2	-52.465
480.4	-52.4503
480.6	-52.4358
480.8	-52.4215
481	-52.4073
481.2	-52.3933
481.4	-52.3795
481.6	-52.3658
481.8	-52.3522
482	-52.3388
482.2	-52.3255
482.4	-52.3124
482.6	-52.2994
482.8	-52.2866
483	-52.2738
483.2	-52.2613
483.4	-52.2488
483.6	-52.2365
483.8	-52.2242
484	-52.2121
484.2	-52.2002
484.4	-52.1883
484.6	-52.1765
484.8	-52.1649
485	-52.1534
485.2	-52.142
485.4	-52.1306
485.6	-52.1194
485.8	-52.1083
486	-52.0973
486.2	-52.0863
486.4	-52.0755
486.6	-52.0648
486.8	-52.0541
487	-52.0436
487.2	-52.0331
487.4	-52.0228
487.6	-52.0125
487.8	-52.0022
488	-51.9921
488.2	-51.9821
488.4	-51.9721
488.6	-51.9622
488.8	-51.9524
489	-51.9426
489.2	-51.933
489.4	-51.9234
489.6	-51.9138
489.8	-51.9044
490	-51.895
490.2	-51.8857
490.4	-51.8764
490.6	-51.8672
490.8	-51.8581
491	-51.849
491.2	-51.84
491.4	-51.831
491.6	-51.8221
491.8	-51.8133
492	-51.8045
492.2	-51.7958
492.4	-51.7871
492.6	-51.7785
492.8	-51.7699
493	-51.7614
493.2	-51.7529
493.4	-51.7445
493.6	-51.7361
493.8	-51.7278
494	-51.7195
494.2	-51.7113
494.4	-51.7031
494.6	-51.695
494.8	-51.6869
495	-51.6788
495.2	-51.6708
495.4	-51.6628
495.6	-51.6549
495.8	-51.647
496	-51.6391
496.2	-51.6313
496.4	-51.6235
496.6	-51.6157
496.8	-51.608
497	-51.6003
497.2	-51.5927
497.4	-51.5851
497.6	-51.5775
497.8	-51.5699
498	-51.5624
498.2	-51.5549
498.4	-51.5474
498.6	-51.54
498.8	-51.5326
499	-51.5252
499.2	-51.5179
499.4	-51.5106
499.6	-51.5033
499.8	-51.496
500	-51.4888
500.2	-51.4815
500.4	-51.4743
500.6	-51.4672
500.8	-51.46
501	-51.4529
501.2	-51.4458
501.4	-51.4387
501.6	-51.4317
501.8	-51.4246
502	-51.4176
502.2	-51.4106
502.4	-51.4036
502.6	-51.3966
502.8	-51.3897
503	-51.3828
503.2	-51.3759
503.4	-51.369
503.6	-51.3621
503.8	-51.3552
504	-51.3484
504.2	-51.3415
504.4	-51.3347
504.6	-51.3279
504.8	-51.3211
505	-51.3143
505.2	-51.3076
505.4	-51.3008
505.6	-51.2941
505.8	-51.2874
506	-51.2806
506.2	-51.2739
506.4	-51.2672
506.6	-51.2606
506.8	-51.2539
507	-51.2472
507.2	-51.2405
507.4	-51.2339
507.6	-51.2273
507.8	-51.2206
508	-51.214
508.2	-51.2074
508.4	-51.2008
508.6	-51.1942
508.8	-51.1875
509	-51.181
509.2	-51.1744
509.4	-51.1678
509.6	-51.1612
509.8	-51.1546
510	-51.148
510.2	-51.1415
510.4	-51.1349
510.6	-51.1283
510.8	-51.1218
511	-51.1152
511.2	-51.1087
511.4	-51.1021
511.6	-51.0956
511.8	-51.089
512	-51.0825
512.2	-51.0759
512.4	-51.0694
512.6	-51.0628
512.8	-51.0562
513	-51.0497
513.2	-51.0431
513.4	-51.0366
513.6	-51.03
513.8	-51.0234
514	-51.0169
514.2	-51.0103
514.4	-51.0037
514.6	-50.9972
514.8	-50.9906
515	-50.984
515.2	-50.9774
515.4	-50.9708
515.6	-50.9642
515.8	-50.9576
516	-50.951
516.2	-50.9444
516.4	-50.9377
516.6	-50.9311
516.8	-50.9245
517	-50.9178
517.2	-50.9112
517.4	-50.9045
517.6	-50.8978
517.8	-50.8911
518	-50.8845
518.2	-50.8777
518.4	-50.871
518.6	-50.8643
518.8	-50.8576
519	-50.8508
519.2	-50.8441
519.4	-50.8373
519.6	-50.8305
519.8	-50.8237
520	-50.8169
520.2	-50.8101
520.4	-50.8033
520.6	-50.7964
520.8	-50.7895
521	-50.7827
521.2	-50.7758
521.4	-50.7689
521.6	-50.7619
521.8	-50.755
522	-50.748
522.2	-50.741
522.4	-50.734
522.6	-50.727
522.8	-50.72
523	-50.7129
523.2	-50.7059
523.4	-50.6988
523.6	-50.6917
523.8	-50.6845
524	-50.6774
524.2	-50.6702
524.4	-50.663
524.6	-50.6558
524.8	-50.6485
525	-50.6412
525.2	-50.6339
525.4	-50.6266
525.6	-50.6193
525.8	-50.6119
526	-50.6045
526.2	-50.5971
526.4	-50.5896
526.6	-50.5821
526.8	-50.5746
527	-50.5671
527.2	-50.5595
527.4	-50.5519
527.6	-50.5443
527.8	-50.5366
528	-50.5289
528.2	-50.5212
528.4	-50.5134
528.6	-50.5056
528.8	-50.4977
529	-50.4899
529.2	-50.482
529.4	-50.474
529.6	-50.466
529.8	-50.458
530	-50.4499
530.2	-50.4418
530.4	-50.4337
530.6	-50.4255
530.8	-50.4173
531	-50.409
531.2	-50.4007
531.4	-50.3923
531.6	-50.3839
531.8	-50.3755
532	-50.367
532.2	-50.3584
532.4	-50.3498
532.6	-50.3411
532.8	-50.3324
533	-50.3237
533.2	-50.3148
533.4	-50.306
533.6	-50.297
533.8	-50.288
534	-50.279
534.2	-50.2699
534.4	-50.2607
534.6	-50.2515
534.8	-50.2422
535	-50.2328
535.2	-50.2234
535.4	-50.2139
535.6	-50.2043
535.8	-50.1947
536	-50.185
536.2	-50.1752
536.4	-50.1653
536.6	-50.1554
536.8	-50.1453
537	-50.1352
537.2	-50.125
537.4	-50.1148
537.6	-50.1044
537.8	-50.094
538	-50.0834
538.2	-50.0728
538.4	-50.062
538.6	-50.0512
538.8	-50.0403
539	-50.0293
539.2	-50.0181
539.4	-50.0069
539.6	-49.9955
539.8	-49.984
540	-49.9724
540.2	-49.9607
540.4	-49.9489
540.6	-49.937
540.8	-49.9249
541	-49.9127
541.2	-49.9003
541.4	-49.8878
541.6	-49.8752
541.8	-49.8624
542	-49.8495
542.2	-49.8364
542.4	-49.8231
542.6	-49.8097
542.8	-49.7961
543	-49.7824
543.2	-49.7685
543.4	-49.7543
543.6	-49.74
543.8	-49.7255
544	-49.7108
544.2	-49.6959
544.4	-49.6808
544.6	-49.6655
544.8	-49.6499
545	-49.6341
545.2	-49.6181
545.4	-49.6018
545.6	-49.5852
545.8	-49.5684
546	-49.5513
546.2	-49.5339
546.4	-49.5162
546.6	-49.4982
546.8	-49.4799
547	-49.4613
547.2	-49.4423
547.4	-49.423
547.6	-49.4033
547.8	-49.3832
548	-49.3627
548.2	-49.3418
548.4	-49.3204
548.6	-49.2986
548.8	-49.2764
549	-49.2536
549.2	-49.2303
549.4	-49.2065
549.6	-49.1822
549.8	-49.1572
550	-49.1317
550.2	-49.1055
550.4	-49.0786
550.6	-49.051
550.8	-49.0226
551	-48.9935
551.2	-48.9636
551.4	-48.9327
551.6	-48.901
551.8	-48.8683
552	-48.8345
552.2	-48.7997
552.4	-48.7637
552.6	-48.7264
552.8	-48.6879
553	-48.6479
553.2	-48.6065
553.4	-48.5634
553.6	-48.5186
553.8	-48.472
554	-48.4234
554.2	-48.3726
554.4	-48.3195
554.6	-48.2639
554.8	-48.2055
555	-48.1441
555.2	-48.0794
555.4	-48.011
555.6	-47.9387
555.8	-47.8619
556	-47.7802
556.2	-47.6929
556.4	-47.5994
556.6	-47.4988
556.8	-47.3901
557	-47.2722
557.2	-47.1434
557.4	-47.0021
557.6	-46.8457
557.8	-46.6713
558	-46.475
558.2	-46.2514
558.4	-45.9931
558.6	-45.6895
558.8	-45.3248
559	-44.8739
559.2	-44.2942
559.4	-43.5058
559.6	-42.336
559.8	-40.3177
560	-35.5652
560.2	-11.6555
560.4	40.9111
560.6	40.7659
560.8	23.5123
561	-1.08919
561.2	-23.5955
561.4	-41.2932
561.6	-54.9326
561.8	-62.0658
562	-65.377
562.2	-66.818
562.4	-67.3521
562.6	-67.4462
562.8	-67.3272
563	-67.1063
563.2	-66.8382
563.4	-66.5499
563.6	-66.2549
563.8	-65.9599
564	-65.6682
564.2	-65.3814
564.4	-65.1003
564.6	-64.8251
564.8	-64.5561
565	-64.2931
565.2	-64.0361
565.4	-63.785
565.6	-63.5396
565.8	-63.2999
566	-63.0658
566.2	-62.837
566.4	-62.6135
566.6	-62.3951
566.8	-62.1817
567	-61.9733
567.2	-61.7697
567.4	-61.5707
567.6	-61.3763
567.8	-61.1863
568	-61.0007
568.2	-60.8194
568.4	-60.6422
568.6	-60.4691
568.8	-60.2999
569	-60.1346
569.2	-59.973
569.4	-59.8152
569.6	-59.6609
569.8	-59.5102
570	-59.3628
570.2	-59.2188
570.4	-59.0781
570.6	-58.9406
570.8	-58.8062
571	-58.6748
571.2	-58.5464
571.4	-58.4208
571.6	-58.2981
571.8	-58.1782
572	-58.0609
572.2	-57.9463
572.4	-57.8342
572.6	-57.7247
572.8	-57.6175
573	-57.5128
573.2	-57.4104
573.4	-57.3102
573.6	-57.2123
573.8	-57.1165
574	-57.0229
574.2	-56.9312
574.4	-56.8416
574.6	-56.754
574.8	-56.6683
575	-56.5844
575.2	-56.5023
575.4	-56.4221
575.6	-56.3435
575.8	-56.2667
576	-56.1915
576.2	-56.1179
576.4	-56.0459
576.6	-55.9754
576.8	-55.9064
577	-55.8389
577.2	-55.7728
577.4	-55.7081
577.6	-55.6447
577.8	-55.5827
578	-55.5219
578.2	-55.4624
578.4	-55.4042
578.6	-55.3471
578.8	-55.2912
579	-55.2365
579.2	-55.1828
579.4	-55.1303
579.6	-55.0788
579.8	-55.0283
580	-54.9789
580.2	-54.9304
580.4	-54.8829
580.6	-54.8364
580.8	-54.7907
581	-54.746
581.2	-54.7021
581.4	-54.6591
581.6	-54.6169
581.8	-54.5756
582	-54.535
582.2	-54.4952
582.4	-54.4561
582.6	-54.4178
582.8	-54.3802
583	-54.3434
583.2	-54.3072
583.4	-54.2717
583.6	-54.2368
583.8	-54.2026
584	-54.169
584.2	-54.136
584.4	-54.1036
584.6	-54.0718
584.8	-54.0405
585	-54.0099
585.2	-53.9797
585.4	-53.9501
585.6	-53.921
585.8	-53.8925
586	-53.8644
586.2	-53.8368
586.4	-53.8096
586.6	-53.783
586.8	-53.7568
587	-53.731
587.2	-53.7057
587.4	-53.6808
587.6	-53.6562
587.8	-53.6322
588	-53.6084
588.2	-53.5851
588.4	-53.5622
588.6	-53.5396
588.8	-53.5174
589	-53.4956
589.2	-53.474
589.4	-53.4529
589.6	-53.432
589.8	-53.4115
590	-53.3913
590.2	-53.3714
590.4	-53.3518
590.6	-53.3325
590.8	-53.3135
591	-53.2948
591.2	-53.2764
591.4	-53.2582
591.6	-53.2403
591.8	-53.2226
592	-53.2052
592.2	-53.1881
592.4	-53.1712
592.6	-53.1546
592.8	-53.1381
593	-53.1219
593.2	-53.106
593.4	-53.0902
593.6	-53.0747
593.8	-53.0593
594	-53.0442
594.2	-53.0293
594.4	-53.0146
594.6	-53.0001
594.8	-52.9857
595	-52.9716
595.2	-52.9576
595.4	-52.9438
595.6	-52.9302
595.8	-52.9168
596	-52.9035
596.2	-52.8904
596.4	-52.8774
596.6	-52.8646
596.8	-52.852
597	-52.8395
597.2	-52.8272
597.4	-52.815
597.6	-52.803
597.8	-52.791
598	-52.7793
598.2	-52.7677
598.4	-52.7561
598.6	-52.7448
598.8	-52.7335
599	-52.7224
599.2	-52.7114
599.4	-52.7005
599.6	-52.6898
599.8	-52.6791
600	-52.6686
600.2	-52.6582
600.4	-52.6479
600.6	-52.6377
600.8	-52.6276
601	-52.6176
601.2	-52.6077
601.4	-52.5979
601.6	-52.5882
601.8	-52.5785
602	-52.569
602.2	-52.5596
602.4	-52.5503
602.6	-52.541
602.8	-52.5319
603	-52.5228
603.2	-52.5138
603.4	-52.5049
603.6	-52.4961
603.8	-52.4873
604	-52.4786
604.2	-52.47
604.4	-52.4615
604.6	-52.4531
604.8	-52.4447
605	-52.4364
605.2	-52.4282
605.4	-52.42
605.6	-52.4119
605.8	-52.4038
606	-52.3959
606.2	-52.388
606.4	-52.3801
606.6	-52.3723
606.8	-52.3646
607	-52.3569
607.2	-52.3493
607.4	-52.3417
607.6	-52.3342
607.8	-52.3268
608	-52.3194
608.2	-52.3121
608.4	-52.3048
608.6	-52.2975
608.8	-52.2903
609	-52.2832
609.2	-52.2761
609.4	-52.2691
609.6	-52.2621
609.8	-52.2551
610	-52.2482
610.2	-52.2413
610.4	-52.2345
610.6	-52.2277
610.8	-52.221
611	-52.2143
611.2	-52.2076
611.4	-52.201
611.6	-52.1945
611.8	-52.1879
612	-52.1814
612.2	-52.1749
612.4	-52.1685
612.6	-52.1621
612.8	-52.1558
613	-52.1494
613.2	-52.1431
613.4	-52.1369
613.6	-52.1306
613.8	-52.1244
614	-52.1183
614.2	-52.1121
614.4	-52.106
614.6	-52.1
614.8	-52.0939
615	-52.0879
615.2	-52.0819
615.4	-52.076
615.6	-52.07
615.8	-52.0641
616	-52.0582
616.2	-52.0524
616.4	-52.0465
616.6	-52.0407
616.8	-52.035
617	-52.0292
617.2	-52.0235
617.4	-52.0177
617.6	-52.0121
617.8	-52.0064
618	-52.0007
618.2	-51.9951
618.4	-51.9895
618.6	-51.9839
618.8	-51.9784
619	-51.9728
619.2	-51.9673
619.4	-51.9618
619.6	-51.9563
619.8	-51.9508
620	-51.9454
620.2	-51.94
620.4	-51.9346
620.6	-51.9292
620.8	-51.9238
621	-51.9184
621.2	-51.9131
621.4	-51.9077
621.6	-51.9024
621.8	-51.8971
622	-51.8918
622.2	-51.8866
622.4	-51.8813
622.6	-51.8761
622.8	-51.8708
623	-51.8656
623.2	-51.8604
623.4	-51.8552
623.6	-51.8501
623.8	-51.8449
624	-51.8397
624.2	-51.8346
624.4	-51.8295
624.6	-51.8244
624.8	-51.8193
625	-51.8142
625.2	-51.8091
625.4	-51.804
625.6	-51.7989
625.8	-51.7939
626	-51.7889
626.2	-51.7838
626.4	-51.7788
626.6	-51.7738
626.8	-51.7688
627	-51.7638
627.2	-51.7588
627.4	-51.7538
627.6	-51.7489
627.8	-51.7439
628	-51.7389
628.2	-51.734
628.4	-51.7291
628.6	-51.7241
628.8	-51.7192
629	-51.7143
629.2	-51.7094
629.4	-51.7045
629.6	-51.6996
629.8	-51.6947
630	-51.6898
630.2	-51.6849
630.4	-51.6801
630.6	-51.6752
630.8	-51.6703
631	-51.6655
631.2	-51.6606
631.4	-51.6558
631.6	-51.651
631.8	-51.6461
632	-51.6413
632.2	-51.6365
632.4	-51.6316
632.6	-51.6268
632.8	-51.622
633	-51.6172
633.2	-51.6124
633.4	-51.6076
633.6	-51.6028
633.8	-51.598
634	-51.5932
634.2	-51.5884
634.4	-51.5836
634.6	-51.5788
634.8	-51.5741
635	-51.5693
635.2	-51.5645
635.4	-51.5597
635.6	-51.555
635.8	-51.5502
636	-51.5454
636.2	-51.5406
636.4	-51.5359
636.6	-51.5311
636.8	-51.5264
637	-51.5216
637.2	-51.5168
637.4	-51.5121
637.6	-51.5073
637.8	-51.5026
638	-51.4978
638.2	-51.493
638.4	-51.4883
638.6	-51.4835
638.8	-51.4788
639	-51.474
639.2	-51.4693
639.4	-51.4645
639.6	-51.4598
639.8	-51.455
640	-51.4502
640.2	-51.4455
640.4	-51.4407
640.6	-51.436
640.8	-51.4312
641	-51.4264
641.2	-51.4217
641.4	-51.4169
641.6	-51.4122
641.8	-51.4074
642	-51.4026
642.2	-51.3978
642.4	-51.3931
642.6	-51.3883
642.8	-51.3835
643	-51.3787
643.2	-51.374
643.4	-51.3692
643.6	-51.3644
643.8	-51.3596
644	-51.3548
644.2	-51.35
644.4	-51.3452
644.6	-51.3404
644.8	-51.3356
645	-51.3308
645.2	-51.326
645.4	-51.3212
645.6	-51.3164
645.8	-51.3116
646	-51.3068
646.2	-51.3019
646.4	-51.2971
646.6	-51.2923
646.8	-51.2874
647	-51.2826
647.2	-51.2777
647.4	-51.2729
647.6	-51.268
647.8	-51.2632
648	-51.2583
648.2	-51.2534
648.4	-51.2486
648.6	-51.2437
648.8	-51.2388
649	-51.2339
649.2	-51.229
649.4	-51.2241
649.6	-51.2192
649.8	-51.2143
650	-51.2094
650.2	-51.2044
650.4	-51.1995
650.6	-51.1946
650.8	-51.1896
651	-51.1847
651.2	-51.1797
651.4	-51.1748
651.6	-51.1698
651.8	-51.1648
652	-51.1598
652.2	-51.1548
652.4	-51.1498
652.6	-51.1448
652.8	-51.1398
653	-51.1348
653.2	-51.1298
653.4	-51.1247
653.6	-51.1197
653.8	-51.1146
654	-51.1096
654.2	-51.1045
654.4	-51.0994
654.6	-51.0943
654.8	-51.0893
655	-51.0841
655.2	-51.079
655.4	-51.0739
655.6	-51.0688
655.8	-51.0636
656	-51.0585
656.2	-51.0533
656.4	-51.0482
656.6	-51.043
656.8	-51.0378
657	-51.0326
657.2	-51.0274
657.4	-51.0222
657.6	-51.0169
657.8	-51.0117
658	-51.0065
658.2	-51.0012
658.4	-50.9959
658.6	-50.9906
658.8	-50.9853
659	-50.98
659.2	-50.9747
659.4	-50.9694
659.6	-50.964
659.8	-50.9587
660	-50.9533
660.2	-50.9479
660.4	-50.9425
660.6	-50.9371
660.8	-50.9317
661	-50.9263
661.2	-50.9208
661.4	-50.9153
661.6	-50.9099
661.8	-50.9044
662	-50.8989
662.2	-50.8934
662.4	-50.8878
662.6	-50.8823
662.8	-50.8767
663	-50.8711
663.2	-50.8655
663.4	-50.8599
663.6	-50.8543
663.8	-50.8487
664	-50.843
664.2	-50.8373
664.4	-50.8316
664.6	-50.8259
664.8	-50.8202
665	-50.8145
665.2	-50.8087
665.4	-50.8029
665.6	-50.7971
665.8	-50.7913
666	-50.7855
666.2	-50.7796
666.4	-50.7737
666.6	-50.7679
666.8	-50.7619
667	-50.756
667.2	-50.7501
667.4	-50.7441
667.6	-50.7381
667.8	-50.7321
668	-50.7261
668.2	-50.72
668.4	-50.7139
668.6	-50.7078
668.8	-50.7017
669	-50.6956
669.2	-50.6894
669.4	-50.6832
669.6	-50.677
669.8	-50.6707
670	-50.6645
670.2	-50.6582
670.4	-50.6519
670.6	-50.6455
670.8	-50.6392
671	-50.6328
671.2	-50.6264
671.4	-50.6199
671.6	-50.6134
671.8	-50.6069
672	-50.6004
672.2	-50.5939
672.4	-50.5873
672.6	-50.5807
672.8	-50.574
673	-50.5673
673.2	-50.5606
673.4	-50.5539
673.6	-50.5471
673.8	-50.5403
674	-50.5335
674.2	-50.5266
674.4	-50.5197
674.6	-50.5128
674.8	-50.5058
675	-50.4988
675.2	-50.4918
675.4	-50.4847
675.6	-50.4776
675.8	-50.4704
676	-50.4632
676.2	-50.456
676.4	-50.4487
676.6	-50.4414
676.8	-50.4341
677	-50.4267
677.2	-50.4192
677.4	-50.4118
677.6	-50.4042
677.8	-50.3967
678	-50.3891
678.2	-50.3814
678.4	-50.3737
678.6	-50.366
678.8	-50.3582
679	-50.3503
679.2	-50.3424
679.4	-50.3345
679.6	-50.3265
679.8	-50.3184
680	-50.3103
680.2	-50.3022
680.4	-50.2939
680.6	-50.2857
680.8	-50.2773
681	-50.269
681.2	-50.2605
681.4	-50.252
681.6	-50.2434
681.8	-50.2348
682	-50.2261
682.2	-50.2173
682.4	-50.2085
682.6	-50.1996
682.8	-50.1906
683	-50.1816
683.2	-50.1725
683.4	-50.1633
683.6	-50.154
683.8	-50.1447
684	-50.1353
684.2	-50.1258
684.4	-50.1162
684.6	-50.1066
684.8	-50.0968
685	-50.087
685.2	-50.0771
685.4	-50.067
685.6	-50.0569
685.8	-50.0467
686	-50.0364
686.2	-50.026
686.4	-50.0155
686.6	-50.0049
686.8	-49.9942
687	-49.9834
687.2	-49.9725
687.4	-49.9614
687.6	-49.9502
687.8	-49.939
688	-49.9276
688.2	-49.916
688.4	-49.9044
688.6	-49.8926
688.8	-49.8806
689	-49.8686
689.2	-49.8564
689.4	-49.844
689.6	-49.8315
689.8	-49.8188
690	-49.806
690.2	-49.793
690.4	-49.7799
690.6	-49.7665
690.8	-49.753
691	-49.7393
691.2	-49.7255
691.4	-49.7114
691.6	-49.6971
691.8	-49.6826
692	-49.668
692.2	-49.653
692.4	-49.6379
692.6	-49.6226
692.8	-49.607
693	-49.5911
693.2	-49.575
693.4	-49.5586
693.6	-49.542
693.8	-49.5251
694	-49.5078
694.2	-49.4903
694.4	-49.4725
694.6	-49.4543
694.8	-49.4358
695	-49.417
695.2	-49.3977
695.4	-49.3781
695.6	-49.3582
695.8	-49.3378
696	-49.3169
696.2	-49.2957
696.4	-49.274
696.6	-49.2518
696.8	-49.2291
697	-49.2058
697.2	-49.182
697.4	-49.1577
697.6	-49.1327
697.8	-49.1072
698	-49.0809
698.2	-49.054
698.4	-49.0264
698.6	-48.9979
698.8	-48.9687
699	-48.9386
699.2	-48.9077
699.4	-48.8758
699.6	-48.8428
699.8	-48.8089
700	-48.7738
700.2	-49.2509
700.4	-49.737
700.6	-50.2316
700.8	-50.7308
701	-51.2307
701.2	-51.7285
701.4	-52.222
701.6	-52.7094
701.8	-53.1894
702	-53.6613
702.2	-54.1246
702.4	-54.5787
702.6	-55.0235
702.8	-55.459
703	-55.8851
703.2	-56.3019
703.4	-56.7095
703.6	-57.1079
703.8	-57.4974
704	-57.8781
704.2	-58.2501
704.4	-58.6137
704.6	-58.9689
704.8	-59.3161
705	-59.6552
705.2	-59.9866
705.4	-60.3104
705.6	-60.6267
705.8	-60.9357
706	-61.2377
706.2	-61.5326
706.4	-61.8208
706.6	-62.1023
706.8	-62.3773
707	-62.646
707.2	-62.9084
707.4	-63.1648
707.6	-63.4152
707.8	-63.6599
708	-63.8989
708.2	-64.1323
708.4	-64.3604
708.6	-64.5831
708.8	-64.8007
709	-65.0132
709.2	-65.2208
709.4	-65.4236
709.6	-65.6217
709.8	-65.8152
710	-66.0041
710.2	-66.1887
710.4	-66.369
710.6	-66.5451
710.8	-66.717
711	-66.885
711.2	-67.049
711.4	-67.2093
711.6	-67.3657
711.8	-67.5186
712	-67.6678
712.2	-67.8136
712.4	-67.9559
712.6	-68.0949
712.8	-68.2307
713	-68.3632
713.2	-68.4927
713.4	-68.6191
713.6	-68.7425
713.8	-68.8631
714	-68.9808
714.2	-69.0957
714.4	-69.2079
714.6	-69.3175
714.8	-69.4245
715	-69.529
715.2	-69.6309
715.4	-69.7305
715.6	-69.8277
715.8	-69.9226
716	-70.0153
716.2	-70.1057
716.4	-70.194
716.6	-70.2803
716.8	-70.3644
717	-70.4465
717.2	-70.5267
717.4	-70.605
717.6	-70.6813
717.8	-70.7559
718	-70.8287
718.2	-70.8997
718.4	-70.969
718.6	-71.0366
718.8	-71.1026
719	-71.167
719.2	-71.2299
719.4	-71.2912
719.6	-71.3511
719.8	-71.4094
720	-71.4664
720.2	-71.522
720.4	-71.5762
720.6	-71.6291
720.8	-71.6807
721	-71.731
721.2	-71.7801
721.4	-71.828
721.6	-71.8747
721.8	-71.9203
722	-71.9647
722.2	-72.008
722.4	-72.0502
722.6	-72.0914
722.8	-72.1316
723	-72.1707
723.2	-72.2089
723.4	-72.2461
723.6	-72.2824
723.8	-72.3177
724	-72.3522
724.2	-72.3857
724.4	-72.4185
724.6	-72.4503
724.8	-72.4814
725	-72.5117
725.2	-72.5412
725.4	-72.5699
725.6	-72.5979
725.8	-72.6251
726	-72.6517
726.2	-72.6775
726.4	-72.7027
726.6	-72.7272
726.8	-72.751
727	-72.7742
727.2	-72.7968
727.4	-72.8188
727.6	-72.8402
727.8	-72.861
728	-72.8813
728.2	-72.901
728.4	-72.9201
728.6	-72.9388
728.8	-72.9569
729	-72.9745
729.2	-72.9916
729.4	-73.0083
729.6	-73.0244
729.8	-73.0401
730	-73.0554
730.2	-73.0702
730.4	-73.0846
730.6	-73.0986
730.8	-73.1121
731	-73.1253
731.2	-73.1381
731.4	-73.1505
731.6	-73.1625
731.8	-73.1741
732	-73.1854
732.2	-73.1964
732.4	-73.207
732.6	-73.2173
732.8	-73.2272
733	-73.2369
733.2	-73.2462
733.4	-73.2552
733.6	-73.2639
733.8	-73.2724
734	-73.2805
734.2	-73.2884
734.4	-73.296
734.6	-73.3033
734.8	-73.3104
735	-73.3173
735.2	-73.3238
735.4	-73.3302
735.6	-73.3363
735.8	-73.3422
736	-73.3478
736.2	-73.3533
736.4	-73.3585
736.6	-73.3635
736.8	-73.3683
737	-73.3729
737.2	-73.3774
737.4	-73.3816
737.6	-73.3856
737.8	-73.3895
738	-73.3932
738.2	-73.3967
738.4	-73.4
738.6	-73.4032
738.8	-73.4062
739	-73.409
739.2	-73.4117
739.4	-73.4143
739.6	-73.4167
739.8	-73.4189
740	-73.4211
740.2	-73.423
740.4	-73.4249
740.6	-73.4266
740.8	-73.4282
741	-73.4296
741.2	-73.431
741.4	-73.4322
741.6	-73.4333
741.8	-73.4343
742	-73.4352
742.2	-73.4359
742.4	-73.4366
742.6	-73.4372
742.8	-73.4376
743	-73.438
743.2	-73.4383
743.4	-73.4384
743.6	-73.4385
743.8	-73.4385
744	-73.4384
744.2	-73.4382
744.4	-73.438
744.6	-73.4376
744.8	-73.4372
745	-73.4367
745.2	-73.4361
745.4	-73.4354
745.6	-73.4347
745.8	-73.4339
746	-73.4331
746.2	-73.4321
746.4	-73.4311
746.6	-73.4301
746.8	-73.4289
747	-73.4278
747.2	-73.4265
747.4	-73.4252
747.6	-73.4239
747.8	-73.4224
748	-73.421
748.2	-73.4195
748.4	-73.4179
748.6	-73.4163
748.8	-73.4146
749	-73.4129
749.2	-73.4111
749.4	-73.4093
749.6	-73.4074
749.8	-73.4055
750	-73.4036
750.2	-73.4016
750.4	-73.3996
750.6	-73.3976
750.8	-73.3955
751	-73.3933
751.2	-73.3912
751.4	-73.389
751.6	-73.3867
751.8	-73.3845
752	-73.3821
752.2	-73.3798
752.4	-73.3774
752.6	-73.3751
752.8	-73.3726
753	-73.3702
753.2	-73.3677
753.4	-73.3652
753.6	-73.3626
753.8	-73.3601
754	-73.3575
754.2	-73.3549
754.4	-73.3523
754.6	-73.3496
754.8	-73.3469
755	-73.3442
755.2	-73.3415
755.4	-73.3388
755.6	-73.336
755.8	-73.3332
756	-73.3304
756.2	-73.3276
756.4	-73.3248
756.6	-73.3219
756.8	-73.319
757	-73.3162
757.2	-73.3133
757.4	-73.3103
757.6	-73.3074
757.8	-73.3045
758	-73.3015
758.2	-73.2985
758.4	-73.2955
758.6	-73.2925
758.8	-73.2895
759	-73.2865
759.2	-73.2834
759.4	-73.2804
759.6	-73.2773
759.8	-73.2743
760	-73.2712
760.2	-73.2681
760.4	-73.265
760.6	-73.2619
760.8	-73.2588
761	-73.2556
761.2	-73.2525
761.4	-73.2494
761.6	-73.2462
761.8	-73.243
762	-73.2399
762.2	-73.2367
762.4	-73.2335
762.6	-73.2303
762.8	-73.2271
763	-73.2239
763.2	-73.2207
763.4	-73.2175
763.6	-73.2143
763.8	-73.2111
764	-73.2079
764.2	-73.2046
764.4	-73.2014
764.6	-73.1982
764.8	-73.1949
765	-73.1917
765.2	-73.1884
765.4	-73.1852
765.6	-73.1819
765.8	-73.1786
766	-73.1754
766.2	-73.1721
766.4	-73.1688
766.6	-73.1656
766.8	-73.1623
767	-73.159
767.2	-73.1557
767.4	-73.1525
767.6	-73.1492
767.8	-73.1459
768	-73.1426
768.2	-73.1393
768.4	-73.136
768.6	-73.1327
768.8	-73.1294
769	-73.1262
769.2	-73.1229
769.4	-73.1196
769.6	-73.1163
769.8	-73.113
770	-73.1097
770.2	-73.1064
770.4	-73.1031
770.6	-73.0998
770.8	-73.0965
771	-73.0932
771.2	-73.0899
771.4	-73.0866
771.6	-73.0834
771.8	-73.0801
772	-73.0768
772.2	-73.0735
772.4	-73.0702
772.6	-73.0669
772.8	-73.0636
773	-73.0603
773.2	-73.0571
773.4	-73.0538
773.6	-73.0505
773.8	-73.0472
774	-73.0439
774.2	-73.0407
774.4	-73.0374
774.6	-73.0341
774.8	-73.0308
775	-73.0276
775.2	-73.0243
775.4	-73.021
775.6	-73.0178
775.8	-73.0145
776	-73.0113
776.2	-73.008
776.4	-73.0047
776.6	-73.0015
776.8	-72.9982
777	-72.995
777.2	-72.9917
777.4	-72.9885
777.6	-72.9852
777.8	-72.982
778	-72.9788
778.2	-72.9755
778.4	-72.9723
778.6	-72.9691
778.8	-72.9659
779	-72.9626
779.2	-72.9594
779.4	-72.9562
779.6	-72.953
779.8	-72.9498
780	-72.9465
780.2	-72.9433
780.4	-72.9401
780.6	-72.9369
780.8	-72.9337
781	-72.9305
781.2	-72.9273
781.4	-72.9242
781.6	-72.921
781.8	-72.9178
782	-72.9146
782.2	-72.9114
782.4	-72.9083
782.6	-72.9051
782.8	-72.9019
783	-72.8988
783.2	-72.8956
783.4	-72.8924
783.6	-72.8893
783.8	-72.8861
784	-72.883
784.2	-72.8798
784.4	-72.8767
784.6	-72.8736
784.8	-72.8704
785	-72.8673
785.2	-72.8642
785.4	-72.8611
785.6	-72.8579
785.8	-72.8548
786	-72.8517
786.2	-72.8486
786.4	-72.8455
786.6	-72.8424
786.8	-72.8393
787	-72.8362
787.2	-72.8331
787.4	-72.83
787.6	-72.8269
787.8	-72.8238
788	-72.8208
788.2	-72.8177
788.4	-72.8146
788.6	-72.8116
788.8	-72.8085
789	-72.8054
789.2	-72.8024
789.4	-72.7993
789.6	-72.7963
789.8	-72.7932
790	-72.7902
790.2	-72.7872
790.4	-72.7841
790.6	-72.7811
790.8	-72.7781
791	-72.775
791.2	-72.772
791.4	-72.769
791.6	-72.766
791.8	-72.763
792	-72.76
792.2	-72.757
792.4	-72.754
792.6	-72.751
792.8	-72.748
793	-72.745
793.2	-72.7421
793.4	-72.7391
793.6	-72.7361
793.8	-72.7331
794	-72.7302
794.2	-72.7272
794.4	-72.7242
794.6	-72.7213
794.8	-72.7183
795	-72.7154
795.2	-72.7124
795.4	-72.7095
795.6	-72.7066
795.8	-72.7036
796	-72.7007
796.2	-72.6978
796.4	-72.6949
796.6	-72.6919
796.8	-72.689
797	-72.6861
797.2	-72.6832
797.4	-72.6803
797.6	-72.6774
797.8	-72.6745
798	-72.6716
798.2	-72.6687
798.4	-72.6659
798.6	-72.663
798.8	-72.6601
799	-72.6572
799.2	-72.6544
799.4	-72.6515
799.6	-72.6487
799.8	-72.6458
800	-72.6429
800.2	-72.6401
800.4	-72.6372
800.6	-72.6344
800.8	-72.6316
801	-72.6287
801.2	-72.6259
801.4	-72.6231
801.6	-72.6203
801.8	-72.6174
802	-72.6146
802.2	-72.6118
802.4	-72.609
802.6	-72.6062
802.8	-72.6034
803	-72.6006
803.2	-72.5978
803.4	-72.595
803.6	-72.5922
803.8	-72.5895
804	-72.5867
804.2	-72.5839
804.4	-72.5811
804.6	-72.5784
804.8	-72.5756
805	-72.5729
805.2	-72.5701
805.4	-72.5673
805.6	-72.5646
805.8	-72.5619
806	-72.5591
806.2	-72.5564
806.4	-72.5536
806.6	-72.5509
806.8	-72.5482
807	-72.5455
807.2	-72.5428
807.4	-72.54
807.6	-72.5373
807.8	-72.5346
808	-72.5319
808.2	-72.5292
808.4	-72.5265
808.6	-72.5238
808.8	-72.5211
809	-72.5185
809.2	-72.5158
809.4	-72.5131
809.6	-72.5104
809.8	-72.5078
810	-72.5051
810.2	-72.5024
810.4	-72.4998
810.6	-72.4971
810.8	-72.4945
811	-72.4918
811.2	-72.4892
811.4	-72.4865
811.6	-72.4839
811.8	-72.4813
812	-72.4786
812.2	-72.476
812.4	-72.4734
812.6	-72.4708
812.8	-72.4681
813	-72.4655
813.2	-72.4629
813.4	-72.4603
813.6	-72.4577
813.8	-72.4551
814	-72.4525
814.2	-72.4499
814.4	-72.4473
814.6	-72.4448
814.8	-72.4422
815	-72.4396
815.2	-72.437
815.4	-72.4345
815.6	-72.4319
815.8	-72.4293
816	-72.4268
816.2	-72.4242
816.4	-72.4217
816.6	-72.4191
816.8	-72.4166
817	-72.414
817.2	-72.4115
817.4	-72.409
817.6	-72.4064
817.8	-72.4039
818	-72.4014
818.2	-72.3988
818.4	-72.3963
818.6	-72.3938
818.8	-72.3913
819	-72.3888
819.2	-72.3863
819.4	-72.3838
819.6	-72.3813
819.8	-72.3788
820	-72.3763
820.2	-72.3738
820.4	-72.3713
820.6	-72.3689
820.8	-72.3664
821	-72.3639
821.2	-72.3614
821.4	-72.359
821.6	-72.3565
821.8	-72.3541
822	-72.3516
822.2	-72.3492
822.4	-72.3467
822.6	-72.3443
822.8	-72.3418
823	-72.3394
823.2	-72.3369
823.4	-72.3345
823.6	-72.3321
823.8	-72.3297
824	-72.3272
824.2	-72.3248
824.4	-72.3224
824.6	-72.32
824.8	-72.3176
825	-72.3152
825.2	-72.3128
825.4	-72.3104
825.6	-72.308
825.8	-72.3056
826	-72.3032
826.2	-72.3008
826.4	-72.2984
826.6	-72.296
826.8	-72.2937
827	-72.2913
827.2	-72.2889
827.4	-72.2866
827.6	-72.2842
827.8	-72.2818
828	-72.2795
828.2	-72.2771
828.4	-72.2748
828.6	-72.2724
828.8	-72.2701
829	-72.2678
829.2	-72.2654
829.4	-72.2631
829.6	-72.2607
829.8	-72.2584
830	-72.2561
830.2	-72.2538
830.4	-72.2515
830.6	-72.2492
830.8	-72.2468
831	-72.2445
831.2	-72.2422
831.4	-72.2399
831.6	-72.2376
831.8	-72.2353
832	-72.233
832.2	-72.2308
832.4	-72.2285
832.6	-72.2262
832.8	-72.2239
833	-72.2216
833.2	-72.2194
833.4	-72.2171
833.6	-72.2148
833.8	-72.2126
834	-72.2103
834.2	-72.208
834.4	-72.2058
834.6	-72.2035
834.8	-72.2013
835	-72.199
835.2	-72.1968
835.4	-72.1946
835.6	-72.1923
835.8	-72.1901
836	-72.1879
836.2	-72.1856
836.4	-72.1834
836.6	-72.1812
836.8	-72.179
837	-72.1768
837.2	-72.1746
837.4	-72.1723
837.6	-72.1701
837.8	-72.1679
838	-72.1657
838.2	-72.1635
838.4	-72.1613
838.6	-72.1592
838.8	-72.157
839	-72.1548
839.2	-72.1526
839.4	-72.1504
839.6	-72.1483
839.8	-72.1461
840	-72.1439
840.2	-72.1417
840.4	-72.1396
840.6	-72.1374
840.8	-72.1353
841	-72.1331
841.2	-72.131
841.4	-72.1288
841.6	-72.1267
841.8	-72.1245
842	-72.1224
842.2	-72.1203
842.4	-72.1181
842.6	-72.116
842.8	-72.1139
843	-72.1117
843.2	-72.1096
843.4	-72.1075
843.6	-72.1054
843.8	-72.1033
844	-72.1012
844.2	-72.0991
844.4	-72.097
844.6	-72.0949
844.8	-72.0928
845	-72.0907
845.2	-72.0886
845.4	-72.0865
845.6	-72.0844
845.8	-72.0823
846	-72.0802
846.2	-72.0782
846.4	-72.0761
846.6	-72.074
846.8	-72.0719
847	-72.0699
847.2	-72.0678
847.4	-72.0658
847.6	-72.0637
847.8	-72.0616
848	-72.0596
848.2	-72.0575
848.4	-72.0555
848.6	-72.0535
848.8	-72.0514
849	-72.0494
849.2	-72.0473
849.4	-72.0453
849.6	-72.0433
849.8	-72.0412
850	-72.0392
850.2	-72.0372
850.4	-72.0352
850.6	-72.0332
850.8	-72.0312
851	-72.0291
851.2	-72.0271
851.4	-72.0251
851.6	-72.0231
851.8	-72.0211
852	-72.0191
852.2	-72.0172
852.4	-72.0152
852.6	-72.0132
852.8	-72.0112
853	-72.0092
853.2	-72.0072
853.4	-72.0052
853.6	-72.0033
853.8	-72.0013
854	-71.9993
854.2	-71.9974
854.4	-71.9954
854.6	-71.9934
854.8	-71.9915
855	-71.9895
855.2	-71.9876
855.4	-71.9856
855.6	-71.9837
855.8	-71.9817
856	-71.9798
856.2	-71.9779
856.4	-71.9759
856.6	-71.974
856.8	-71.9721
857	-71.9701
857.2	-71.9682
857.4	-71.9663
857.6	-71.9644
857.8	-71.9624
858	-71.9605
858.2	-71.9586
858.4	-71.9567
858.6	-71.9548
858.8	-71.9529
859	-71.951
859.2	-71.9491
859.4	-71.9472
859.6	-71.9453
859.8	-71.9434
860	-71.9415
860.2	-71.9396
860.4	-71.9378
860.6	-71.9359
860.8	-71.934
861	-71.9321
861.2	-71.9303
861.4	-71.9284
861.6	-71.9265
861.8	-71.9246
862	-71.9228
862.2	-71.9209
862.4	-71.9191
862.6	-71.9172
862.8	-71.9154
863	-71.9135
863.2	-71.9117
863.4	-71.9098
863.6	-71.908
863.8	-71.9061
864	-71.9043
864.2	-71.9025
864.4	-71.9006
864.6	-71.8988
864.8	-71.897
865	-71.8951
865.2	-71.8933
865.4	-71.8915
865.6	-71.8897
865.8	-71.8879
866	-71.8861
866.2	-71.8843
866.4	-71.8825
866.6	-71.8806
866.8	-71.8788
867	-71.877
867.2	-71.8753
867.4	-71.8735
867.6	-71.8717
867.8	-71.8699
868	-71.8681
868.2	-71.8663
868.4	-71.8645
868.6	-71.8627
868.8	-71.861
869	-71.8592
869.2	-71.8574
869.4	-71.8557
869.6	-71.8539
869.8	-71.8521
870	-71.8504
870.2	-71.8486
870.4	-71.8468
870.6	-71.8451
870.8	-71.8433
871	-71.8416
871.2	-71.8398
871.4	-71.8381
871.6	-71.8363
871.8	-71.8346
872	-71.8329
872.2	-71.8311
872.4	-71.8294
872.6	-71.8277
872.8	-71.8259
873	-71.8242
873.2	-71.8225
873.4	-71.8208
873.6	-71.819
873.8	-71.8173
874	-71.8156
874.2	-71.8139
874.4	-71.8122
874.6	-71.8105
874.8	-71.8088
875	-71.8071
875.2	-71.8054
875.4	-71.8037
875.6	-71.802
875.8	-71.8003
876	-71.7986
876.2	-71.7969
876.4	-71.7952
876.6	-71.7935
876.8	-71.7919
877	-71.7902
877.2	-71.7885
877.4	-71.7868
877.6	-71.7852
877.8	-71.7835
878	-71.7818
878.2	-71.7802
878.4	-71.7785
878.6	-71.7768
878.8	-71.7752
879	-71.7735
879.2	-71.7719
879.4	-71.7702
879.6	-71.7686
879.8	-71.7669
880	-71.7653
880.2	-71.7636
880.4	-71.762
880.6	-71.7603
880.8	-71.7587
881	-71.7571
881.2	-71.7554
881.4	-71.7538
881.6	-71.7522
881.8	-71.7506
882	-71.7489
882.2	-71.7473
882.4	-71.7457
882.6	-71.7441
882.8	-71.7425
883	-71.7409
883.2	-71.7393
883.4	-71.7377
883.6	-71.736
883.8	-71.7344
884	-71.7328
884.2	-71.7312
884.4	-71.7297
884.6	-71.7281
884.8	-71.7265
885	-71.7249
885.2	-71.7233
885.4	-71.7217
885.6	-71.7201
885.8	-71.7185
886	-71.717
886.2	-71.7154
886.4	-71.7138
886.6	-71.7122
886.8	-71.7107
887	-71.7091
887.2	-71.7076
887.4	-71.706
887.6	-71.7044
887.8	-71.7029
888	-71.7013
888.2	-71.6998
888.4	-71.6982
888.6	-71.6967
888.8	-71.6951
889	-71.6936
889.2	-71.692
889.4	-71.6905
889.6	-71.6889
889.8	-71.6874
890	-71.6859
890.2	-71.6843
890.4	-71.6828
890.6	-71.6813
890.8	-71.6797
891	-71.6782
891.2	-71.6767
891.4	-71.6752
891.6	-71.6737
891.8	-71.6721
892	-71.6706
892.2	-71.6691
892.4	-71.6676
892.6	-71.6661
892.8	-71.6646
893	-71.6631
893.2	-71.6616
893.4	-71.6601
893.6	-71.6586
893.8	-71.6571
894	-71.6556
894.2	-71.6541
894.4	-71.6526
894.6	-71.6511
894.8	-71.6497
895	-71.6482
895.2	-71.6467
895.4	-71.6452
895.6	-71.6437
895.8	-71.6423
896	-71.6408
896.2	-71.6393
896.4	-71.6378
896.6	-71.6364
896.8	-71.6349
897	-71.6335
897.2	-71.632
897.4	-71.6305
897.6	-71.6291
897.8	-71.6276
898	-71.6262
898.2	-71.6247
898.4	-71.6233
898.6	-71.6218
898.8	-71.6204
899	-71.6189
899.2	-71.6175
899.4	-71.6161
899.6	-71.6146
899.8	-71.6132
900	-71.6118
900.2	-71.6103
900.4	-71.6089
900.6	-71.6075
900.8	-71.606
901	-71.6046
901.2	-71.6032
901.4	-71.6018
901.6	-71.6004
901.8	-71.5989
902	-71.5975
902.2	-71.5961
902.4	-71.5947
902.6	-71.5933
902.8	-71.5919
903	-71.5905
903.2	-71.5891
903.4	-71.5877
903.6	-71.5863
903.8	-71.5849
904	-71.5835
904.2	-71.5821
904.4	-71.5807
904.6	-71.5793
904.8	-71.578
905	-71.5766
905.2	-71.5752
905.4	-71.5738
905.6	-71.5724
905.8	-71.5711
906	-71.5697
906.2	-71.5683
906.4	-71.5669
906.6	-71.5656
906.8	-71.5642
907	-71.5628
907.2	-71.5615
907.4	-71.5601
907.6	-71.5588
907.8	-71.5574
908	-71.556
908.2	-71.5547
908.4	-71.5533
908.6	-71.552
908.8	-71.5506
909	-71.5493
909.2	-71.5479
909.4	-71.5466
909.6	-71.5453
909.8	-71.5439
910	-71.5426
910.2	-71.5413
910.4	-71.5399
910.6	-71.5386
910.8	-71.5373
911	-71.5359
911.2	-71.5346
911.4	-71.5333
911.6	-71.532
911.8	-71.5306
912	-71.5293
912.2	-71.528
912.4	-71.5267
912.6	-71.5254
912.8	-71.5241
913	-71.5228
913.2	-71.5214
913.4	-71.5201
913.6	-71.5188
913.8	-71.5175
914	-71.5162
914.2	-71.5149
914.4	-71.5136
914.6	-71.5123
914.8	-71.511
915	-71.5098
915.2	-71.5085
915.4	-71.5072
915.6	-71.5059
915.8	-71.5046
916	-71.5033
916.2	-71.502
916.4	-71.5008
916.6	-71.4995
916.8	-71.4982
917	-71.4969
917.2	-71.4957
917.4	-71.4944
917.6	-71.4931
917.8	-71.4919
918	-71.4906
918.2	-71.4893
918.4	-71.4881
918.6	-71.4868
918.8	-71.4855
919	-71.4843
919.2	-71.483
919.4	-71.4818
919.6	-71.4805
919.8	-71.4793
920	-71.478
920.2	-71.4768
920.4	-71.4755
920.6	-71.4743
920.8	-71.4731
921	-71.4718
921.2	-71.4706
921.4	-71.4693
921.6	-71.4681
921.8	-71.4669
922	-71.4656
922.2	-71.4644
922.4	-71.4632
922.6	-71.462
922.8	-71.4607
923	-71.4595
923.2	-71.4583
923.4	-71.4571
923.6	-71.4559
923.8	-71.4546
924	-71.4534
924.2	-71.4522
924.4	-71.451
924.6	-71.4498
924.8	-71.4486
925	-71.4474
925.2	-71.4462
925.4	-71.445
925.6	-71.4438
925.8	-71.4426
926	-71.4414
926.2	-71.4402
926.4	-71.439
926.6	-71.4378
926.8	-71.4366
927	-71.4354
927.2	-71.4342
927.4	-71.433
927.6	-71.4319
927.8	-71.4307
928	-71.4295
928.2	-71.4283
928.4	-71.4271
928.6	-71.426
928.8	-71.4248
929	-71.4236
929.2	-71.4224
929.4	-71.4213
929.6	-71.4201
929.8	-71.4189
930	-71.4178
930.2	-71.4166
930.4	-71.4154
930.6	-71.4143
930.8	-71.4131
931	-71.412
931.2	-71.4108
931.4	-71.4097
931.6	-71.4085
931.8	-71.4074
932	-71.4062
932.2	-71.4051
932.4	-71.4039
932.6	-71.4028
932.8	-71.4016
933	-71.4005
933.2	-71.3994
933.4	-71.3982
933.6	-71.3971
933.8	-71.3959
934	-71.3948
934.2	-71.3937
934.4	-71.3925
934.6	-71.3914
934.8	-71.3903
935	-71.3892
935.2	-71.388
935.4	-71.3869
935.6	-71.3858
935.8	-71.3847
936	-71.3836
936.2	-71.3824
936.4	-71.3813
936.6	-71.3802
936.8	-71.3791
937	-71.378
937.2	-71.3769
937.4	-71.3758
937.6	-71.3747
937.8	-71.3736
938	-71.3725
938.2	-71.3714
938.4	-71.3703
938.6	-71.3692
938.8	-71.3681
939	-71.367
939.2	-71.3659
939.4	-71.3648
939.6	-71.3637
939.8	-71.3626
940	-71.3615
940.2	-71.3604
940.4	-71.3594
940.6	-71.3583
940.8	-71.3572
941	-71.3561
941.2	-71.355
941.4	-71.354
941.6	-71.3529
941.8	-71.3518
942	-71.3507
942.2	-71.3497
942.4	-71.3486
942.6	-71.3475
942.8	-71.3465
943	-71.3454
943.2	-71.3443
943.4	-71.3433
943.6	-71.3422
943.8	-71.3411
944	-71.3401
944.2	-71.339
944.4	-71.338
944.6	-71.3369
944.8	-71.3359
945	-71.3348
945.2	-71.3338
945.4	-71.3327
945.6	-71.3317
945.8	-71.3306
946	-71.3296
946.2	-71.3286
946.4	-71.3275
946.6	-71.3265
946.8	-71.3254
947	-71.3244
947.2	-71.3234
947.4	-71.3223
947.6	-71.3213
947.8	-71.3203
948	-71.3192
948.2	-71.3182
948.4	-71.3172
948.6	-71.3162
948.8	-71.3151
949	-71.3141
949.2	-71.3131
949.4	-71.3121
949.6	-71.3111
949.8	-71.31
950	-71.309
950.2	-71.308
950.4	-71.307
950.6	-71.306
950.8	-71.305
951	-71.304
951.2	-71.303
951.4	-71.302
951.6	-71.301
951.8	-71.3
952	-71.299
952.2	-71.298
952.4	-71.297
952.6	-71.296
952.8	-71.295
953	-71.294
953.2	-71.293
953.4	-71.292
953.6	-71.291
953.8	-71.29
954	-71.289
954.2	-71.288
954.4	-71.2871
954.6	-71.2861
954.8	-71.2851
955	-71.2841
955.2	-71.2831
955.4	-71.2822
955.6	-71.2812
955.8	-71.2802
956	-71.2792
956.2	-71.2783
956.4	-71.2773
956.6	-71.2763
956.8	-71.2753
957	-71.2744
957.2	-71.2734
957.4	-71.2724
957.6	-71.2715
957.8	-71.2705
958	-71.2696
958.2	-71.2686
958.4	-71.2676
958.6	-71.2667
958.8	-71.2657
959	-71.2648
959.2	-71.2638
959.4	-71.2629
959.6	-71.2619
959.8	-71.261
960	-71.26
960.2	-71.2591
960.4	-71.2581
960.6	-71.2572
960.8	-71.2562
961	-71.2553
961.2	-71.2544
961.4	-71.2534
961.6	-71.2525
961.8	-71.2516
962	-71.2506
962.2	-71.2497
962.4	-71.2488
962.6	-71.2478
962.8	-71.2469
963	-71.246
963.2	-71.245
963.4	-71.2441
963.6	-71.2432
963.8	-71.2423
964	-71.2414
964.2	-71.2404
964.4	-71.2395
964.6	-71.2386
964.8	-71.2377
965	-71.2368
965.2	-71.2358
965.4	-71.2349
965.6	-71.234
965.8	-71.2331
966	-71.2322
966.2	-71.2313
966.4	-71.2304
966.6	-71.2295
966.8	-71.2286
967	-71.2277
967.2	-71.2268
967.4	-71.2259
967.6	-71.225
967.8	-71.2241
968	-71.2232
968.2	-71.2223
968.4	-71.2214
968.6	-71.2205
968.8	-71.2196
969	-71.2187
969.2	-71.2178
969.4	-71.2169
969.6	-71.2161
969.8	-71.2152
970	-71.2143
970.2	-71.2134
970.4	-71.2125
970.6	-71.2116
970.8	-71.2108
971	-71.2099
971.2	-71.209
971.4	-71.2081
971.6	-71.2073
971.8	-71.2064
972	-71.2055
972.2	-71.2046
972.4	-71.2038
972.6	-71.2029
972.8	-71.202
973	-71.2012
973.2	-71.2003
973.4	-71.1994
973.6	-71.1986
973.8	-71.1977
974	-71.1969
974.2	-71.196
974.4	-71.1951
974.6	-71.1943
974.8	-71.1934
975	-71.1926
975.2	-71.1917
975.4	-71.1909
975.6	-71.19
975.8	-71.1892
976	-71.1883
976.2	-71.1875
976.4	-71.1866
976.6	-71.1858
976.8	-71.1849
977	-71.1841
977.2	-71.1833
977.4	-71.1824
977.6	-71.1816
977.8	-71.1807
978	-71.1799
978.2	-71.1791
978.4	-71.1782
978.6	-71.1774
978.8	-71.1766
979	-71.1757
979.2	-71.1749
979.4	-71.1741
979.6	-71.1732
979.8	-71.1724
980	-71.1716
980.2	-71.1708
980.4	-71.1699
980.6	-71.1691
980.8	-71.1683
981	-71.1675
981.2	-71.1667
981.4	-71.1658
981.6	-71.165
981.8	-71.1642
982	-71.1634
982.2	-71.1626
982.4	-71.1618
982.6	-71.161
982.8	-71.1601
983	-71.1593
983.2	-71.1585
983.4	-71.1577
983.6	-71.1569
983.8	-71.1561
984	-71.1553
984.2	-71.1545
984.4	-71.1537
984.6	-71.1529
984.8	-71.1521
985	-71.1513
985.2	-71.1505
985.4	-71.1497
985.6	-71.1489
985.8	-71.1481
986	-71.1473
986.2	-71.1466
986.4	-71.1458
986.6	-71.145
986.8	-71.1442
987	-71.1434
987.2	-71.1426
987.4	-71.1418
987.6	-71.141
987.8	-71.1403
988	-71.1395
988.2	-71.1387
988.4	-71.1379
988.6	-71.1371
988.8	-71.1364
989	-71.1356
989.2	-71.1348
989.4	-71.134
989.6	-71.1333
989.8	-71.1325
990	-71.1317
990.2	-71.131
990.4	-71.1302
990.6	-71.1294
990.8	-71.1287
991	-71.1279
991.2	-71.1271
991.4	-71.1264
991.6	-71.1256
991.8	-71.1248
992	-71.1241
992.2	-71.1233
992.4	-71.1226
992.6	-71.1218
992.8	-71.1211
993	-71.1203
993.2	-71.1195
993.4	-71.1188
993.6	-71.118
993.8	-71.1173
994	-71.1165
994.2	-71.1158
994.4	-71.115
994.6	-71.1143
994.8	-71.1135
995	-71.1128
995.2	-71.1121
995.4	-71.1113
995.6	-71.1106
995.8	-71.1098
996	-71.1091
996.2	-71.1084
996.4	-71.1076
996.6	-71.1069
996.8	-71.1061
997	-71.1054
997.2	-71.1047
997.4	-71.104
997.6	-71.1032
997.8	-71.1025
998	-71.1018
998.2	-71.101
998.4	-71.1003
998.6	-71.0996
998.8	-71.0989
999	-71.0981
999.2	-71.0974
999.4	-71.0967
999.6	-71.096
999.8	-71.0952
1000	-71.0945
