label:PY[0].soma.v(0.5)
5001
0	-70
0.2	-70
0.4	-70
0.6	-70.0001
0.8	-70.0001
1	-70.0002
1.2	-70.0002
1.4	-70.0003
1.6	-70.0004
1.8	-70.0006
2	-70.0007
2.2	-70.0008
2.4	-70.001
2.6	-70.0012
2.8	-70.0013
3	-70.0015
3.2	-70.0017
3.4	-70.0019
3.6	-70.0022
3.8	-70.0024
4	-70.0026
4.2	-70.0029
4.4	-70.0032
4.6	-70.0034
4.8	-70.0037
5	-70.004
5.2	-70.0043
5.4	-70.0046
5.6	-70.0049
5.8	-70.0053
6	-70.0056
6.2	-70.006
6.4	-70.0063
6.6	-70.0067
6.8	-70.007
7	-70.0074
7.2	-70.0078
7.4	-70.0082
7.6	-70.0086
7.8	-70.009
8	-70.0094
8.2	-70.0098
8.4	-70.0102
8.6	-70.0107
8.8	-70.0111
9	-70.0115
9.2	-70.012
9.4	-70.0124
9.6	-70.0129
9.8	-70.0134
10	-70.0138
10.2	-70.0143
10.4	-70.0148
10.6	-70.0153
10.8	-70.0158
11	-70.0163
11.2	-70.0167
11.4	-70.0173
11.6	-70.0178
11.8	-70.0183
12	-70.0188
12.2	-70.0193
12.4	-70.0198
12.6	-70.0204
12.8	-70.0209
13	-70.0214
13.2	-70.022
13.4	-70.0225
13.6	-70.023
13.8	-70.0236
14	-70.0241
14.2	-70.0247
14.4	-70.0253
14.6	-70.0258
14.8	-70.0264
15	-70.0269
15.2	-70.0275
15.4	-70.0281
15.6	-70.0287
15.8	-70.0292
16	-70.0298
16.2	-70.0304
16.4	-70.031
16.6	-70.0316
16.8	-70.0322
17	-70.0327
17.2	-70.0333
17.4	-70.0339
17.6	-70.0345
17.8	-70.0351
18	-70.0357
18.2	-70.0363
18.4	-70.0369
18.6	-70.0375
18.8	-70.0381
19	-70.0388
19.2	-70.0394
19.4	-70.04
19.6	-70.0406
19.8	-70.0412
20	-70.0418
20.2	-70.0424
20.4	-70.0431
20.6	-70.0437
20.8	-70.0443
21	-70.0449
21.2	-70.0455
21.4	-70.0462
21.6	-70.0468
21.8	-70.0474
22	-70.048
22.2	-70.0487
22.4	-70.0493
22.6	-70.0499
22.8	-70.0506
23	-70.0512
23.2	-70.0518
23.4	-70.0525
23.6	-70.0531
23.8	-70.0537
24	-70.0544
24.2	-70.055
24.4	-70.0556
24.6	-70.0563
24.8	-70.0569
25	-70.0576
25.2	-70.0582
25.4	-70.0588
25.6	-70.0595
25.8	-70.0601
26	-70.0607
26.2	-70.0614
26.4	-70.062
26.6	-70.0627
26.8	-70.0633
27	-70.0639
27.2	-70.0646
27.4	-70.0652
27.6	-70.0659
27.8	-70.0665
28	-70.0672
28.2	-70.0678
28.4	-70.0684
28.6	-70.0691
28.8	-70.0697
29	-70.0704
29.2	-70.071
29.4	-70.0716
29.6	-70.0723
29.8	-70.0729
30	-70.0736
30.2	-70.0742
30.4	-70.0749
30.6	-70.0755
30.8	-70.0761
31	-70.0768
31.2	-70.0774
31.4	-70.0781
31.6	-70.0787
31.8	-70.0793
32	-70.08
32.2	-70.0806
32.4	-70.0813
32.6	-70.0819
32.8	-70.0825
33	-70.0832
33.2	-70.0838
33.4	-70.0844
33.6	-70.0851
33.8	-70.0857
34	-70.0864
34.2	-70.087
34.4	-70.0876
34.6	-70.0883
34.8	-70.0889
35	-70.0895
35.2	-70.0902
35.4	-70.0908
35.6	-70.0914
35.8	-70.0921
36	-70.0927
36.2	-70.0933
36.4	-70.094
36.6	-70.0946
36.8	-70.0952
37	-70.0959
37.2	-70.0965
37.4	-70.0971
37.6	-70.0978
37.8	-70.0984
38	-70.099
38.2	-70.0997
38.4	-70.1003
38.6	-70.1009
38.8	-70.1015
39	-70.1022
39.2	-70.1028
39.4	-70.1034
39.6	-70.104
39.8	-70.1047
40	-70.1053
40.2	-70.1059
40.4	-70.1065
40.6	-70.1072
40.8	-70.1078
41	-70.1084
41.2	-70.109
41.4	-70.1096
41.6	-70.1103
41.8	-70.1109
42	-70.1115
42.2	-70.1121
42.4	-70.1127
42.6	-70.1133
42.8	-70.114
43	-70.1146
43.2	-70.1152
43.4	-70.1158
43.6	-70.1164
43.8	-70.117
44	-70.1176
44.2	-70.1182
44.4	-70.1189
44.6	-70.1195
44.8	-70.1201
45	-70.1207
45.2	-70.1213
45.4	-70.1219
45.6	-70.1225
45.8	-70.1231
46	-70.1237
46.2	-70.1243
46.4	-70.1249
46.6	-70.1255
46.8	-70.1261
47	-70.1267
47.2	-70.1273
47.4	-70.1279
47.6	-70.1285
47.8	-70.1291
48	-70.1297
48.2	-70.1303
48.4	-70.1309
48.6	-70.1315
48.8	-70.1321
49	-70.1327
49.2	-70.1333
49.4	-70.1339
49.6	-70.1345
49.8	-70.1351
50	-70.1357
50.2	-70.1363
50.4	-70.1369
50.6	-70.1374
50.8	-70.138
51	-70.1386
51.2	-70.1392
51.4	-70.1398
51.6	-70.1404
51.8	-70.141
52	-70.1415
52.2	-70.1421
52.4	-70.1427
52.6	-70.1433
52.8	-70.1439
53	-70.1445
53.2	-70.145
53.4	-70.1456
53.6	-70.1462
53.8	-70.1468
54	-70.1474
54.2	-70.1479
54.4	-70.1485
54.6	-70.1491
54.8	-70.1497
55	-70.1502
55.2	-70.1508
55.4	-70.1514
55.6	-70.1519
55.8	-70.1525
56	-70.1531
56.2	-70.1537
56.4	-70.1542
56.6	-70.1548
56.8	-70.1554
57	-70.1559
57.2	-70.1565
57.4	-70.1571
57.6	-70.1576
57.8	-70.1582
58	-70.1587
58.2	-70.1593
58.4	-70.1599
58.6	-70.1604
58.8	-70.161
59	-70.1616
59.2	-70.1621
59.4	-70.1627
59.6	-70.1632
59.8	-70.1638
60	-70.1643
60.2	-70.1649
60.4	-70.1654
60.6	-70.166
60.8	-70.1665
61	-70.1671
61.2	-70.1677
61.4	-70.1682
61.6	-70.1688
61.8	-70.1693
62	-70.1699
62.2	-70.1704
62.4	-70.1709
62.6	-70.1715
62.8	-70.172
63	-70.1726
63.2	-70.1731
63.4	-70.1737
63.6	-70.1742
63.8	-70.1748
64	-70.1753
64.2	-70.1758
64.4	-70.1764
64.6	-70.1769
64.8	-70.1775
65	-70.178
65.2	-70.1785
65.4	-70.1791
65.6	-70.1796
65.8	-70.1801
66	-70.1807
66.2	-70.1812
66.4	-70.1817
66.6	-70.1823
66.8	-70.1828
67	-70.1833
67.2	-70.1839
67.4	-70.1844
67.6	-70.1849
67.8	-70.1854
68	-70.186
68.2	-70.1865
68.4	-70.187
68.6	-70.1876
68.8	-70.1881
69	-70.1886
69.2	-70.1891
69.4	-70.1896
69.6	-70.1902
69.8	-70.1907
70	-70.1912
70.2	-70.1917
70.4	-70.1922
70.6	-70.1928
70.8	-70.1933
71	-70.1938
71.2	-70.1943
71.4	-70.1948
71.6	-70.1953
71.8	-70.1959
72	-70.1964
72.2	-70.1969
72.4	-70.1974
72.6	-70.1979
72.8	-70.1984
73	-70.1989
73.2	-70.1994
73.4	-70.1999
73.6	-70.2005
73.8	-70.201
74	-70.2015
74.2	-70.202
74.4	-70.2025
74.6	-70.203
74.8	-70.2035
75	-70.204
75.2	-70.2045
75.4	-70.205
75.6	-70.2055
75.8	-70.206
76	-70.2065
76.2	-70.207
76.4	-70.2075
76.6	-70.208
76.8	-70.2085
77	-70.209
77.2	-70.2095
77.4	-70.21
77.6	-70.2105
77.8	-70.211
78	-70.2114
78.2	-70.2119
78.4	-70.2124
78.6	-70.2129
78.8	-70.2134
79	-70.2139
79.2	-70.2144
79.4	-70.2149
79.6	-70.2154
79.8	-70.2159
80	-70.2163
80.2	-70.2168
80.4	-70.2173
80.6	-70.2178
80.8	-70.2183
81	-70.2188
81.2	-70.2192
81.4	-70.2197
81.6	-70.2202
81.8	-70.2207
82	-70.2212
82.2	-70.2216
82.4	-70.2221
82.6	-70.2226
82.8	-70.2231
83	-70.2236
83.2	-70.224
83.4	-70.2245
83.6	-70.225
83.8	-70.2255
84	-70.2259
84.2	-70.2264
84.4	-70.2269
84.6	-70.2273
84.8	-70.2278
85	-70.2283
85.2	-70.2288
85.4	-70.2292
85.6	-70.2297
85.8	-70.2302
86	-70.2306
86.2	-70.2311
86.4	-70.2316
86.6	-70.232
86.8	-70.2325
87	-70.2329
87.2	-70.2334
87.4	-70.2339
87.6	-70.2343
87.8	-70.2348
88	-70.2353
88.2	-70.2357
88.4	-70.2362
88.6	-70.2366
88.8	-70.2371
89	-70.2375
89.2	-70.238
89.4	-70.2385
89.6	-70.2389
89.8	-70.2394
90	-70.2398
90.2	-70.2403
90.4	-70.2407
90.6	-70.2412
90.8	-70.2416
91	-70.2421
91.2	-70.2425
91.4	-70.243
91.6	-70.2434
91.8	-70.2439
92	-70.2443
92.2	-70.2448
92.4	-70.2452
92.6	-70.2457
92.8	-70.2461
93	-70.2466
93.2	-70.247
93.4	-70.2475
93.6	-70.2479
93.8	-70.2483
94	-70.2488
94.2	-70.2492
94.4	-70.2497
94.6	-70.2501
94.8	-70.2505
95	-70.251
95.2	-70.2514
95.4	-70.2519
95.6	-70.2523
95.8	-70.2527
96	-70.2532
96.2	-70.2536
96.4	-70.254
96.6	-70.2545
96.8	-70.2549
97	-70.2553
97.2	-70.2558
97.4	-70.2562
97.6	-70.2566
97.8	-70.2571
98	-70.2575
98.2	-70.2579
98.4	-70.2584
98.6	-70.2588
98.8	-70.2592
99	-70.2596
99.2	-70.2601
99.4	-70.2605
99.6	-70.2609
99.8	-70.2613
100	-70.2618
100.2	-70.2622
100.4	-70.2626
100.6	-70.263
100.8	-70.2635
101	-70.2639
101.2	-70.2643
101.4	-70.2647
101.6	-70.2651
101.8	-70.2656
102	-70.266
102.2	-70.2664
102.4	-70.2668
102.6	-70.2672
102.8	-70.2676
103	-70.2681
103.2	-70.2685
103.4	-70.2689
103.6	-70.2693
103.8	-70.2697
104	-70.2701
104.2	-70.2705
104.4	-70.271
104.6	-70.2714
104.8	-70.2718
105	-70.2722
105.2	-70.2726
105.4	-70.273
105.6	-70.2734
105.8	-70.2738
106	-70.2742
106.2	-70.2746
106.4	-70.275
106.6	-70.2754
106.8	-70.2759
107	-70.2763
107.2	-70.2767
107.4	-70.2771
107.6	-70.2775
107.8	-70.2779
108	-70.2783
108.2	-70.2787
108.4	-70.2791
108.6	-70.2795
108.8	-70.2799
109	-70.2803
109.2	-70.2807
109.4	-70.2811
109.6	-70.2815
109.8	-70.2819
110	-70.2823
110.2	-70.2827
110.4	-70.2831
110.6	-70.2834
110.8	-70.2838
111	-70.2842
111.2	-70.2846
111.4	-70.285
111.6	-70.2854
111.8	-70.2858
112	-70.2862
112.2	-70.2866
112.4	-70.287
112.6	-70.2874
112.8	-70.2878
113	-70.2881
113.2	-70.2885
113.4	-70.2889
113.6	-70.2893
113.8	-70.2897
114	-70.2901
114.2	-70.2905
114.4	-70.2908
114.6	-70.2912
114.8	-70.2916
115	-70.292
115.2	-70.2924
115.4	-70.2928
115.6	-70.2931
115.8	-70.2935
116	-70.2939
116.2	-70.2943
116.4	-70.2947
116.6	-70.295
116.8	-70.2954
117	-70.2958
117.2	-70.2962
117.4	-70.2965
117.6	-70.2969
117.8	-70.2973
118	-70.2977
118.2	-70.298
118.4	-70.2984
118.6	-70.2988
118.8	-70.2992
119	-70.2995
119.2	-70.2999
119.4	-70.3003
119.6	-70.3007
119.8	-70.301
120	-70.3014
120.2	-70.3018
120.4	-70.3021
120.6	-70.3025
120.8	-70.3029
121	-70.3032
121.2	-70.3036
121.4	-70.304
121.6	-70.3043
121.8	-70.3047
122	-70.3051
122.2	-70.3054
122.4	-70.3058
122.6	-70.3062
122.8	-70.3065
123	-70.3069
123.2	-70.3072
123.4	-70.3076
123.6	-70.308
123.8	-70.3083
124	-70.3087
124.2	-70.309
124.4	-70.3094
124.6	-70.3098
124.8	-70.3101
125	-70.3105
125.2	-70.3108
125.4	-70.3112
125.6	-70.3115
125.8	-70.3119
126	-70.3123
126.2	-70.3126
126.4	-70.313
126.6	-70.3133
126.8	-70.3137
127	-70.314
127.2	-70.3144
127.4	-70.3147
127.6	-70.3151
127.8	-70.3154
128	-70.3158
128.2	-70.3161
128.4	-70.3165
128.6	-70.3168
128.8	-70.3172
129	-70.3175
129.2	-70.3179
129.4	-70.3182
129.6	-70.3186
129.8	-70.3189
130	-70.3193
130.2	-70.3196
130.4	-70.32
130.6	-70.3203
130.8	-70.3206
131	-70.321
131.2	-70.3213
131.4	-70.3217
131.6	-70.322
131.8	-70.3223
132	-70.3227
132.2	-70.323
132.4	-70.3234
132.6	-70.3237
132.8	-70.3241
133	-70.3244
133.2	-70.3247
133.4	-70.3251
133.6	-70.3254
133.8	-70.3257
134	-70.3261
134.2	-70.3264
134.4	-70.3267
134.6	-70.3271
134.8	-70.3274
135	-70.3277
135.2	-70.3281
135.4	-70.3284
135.6	-70.3287
135.8	-70.3291
136	-70.3294
136.2	-70.3297
136.4	-70.3301
136.6	-70.3304
136.8	-70.3307
137	-70.3311
137.2	-70.3314
137.4	-70.3317
137.6	-70.332
137.8	-70.3324
138	-70.3327
138.2	-70.333
138.4	-70.3334
138.6	-70.3337
138.8	-70.334
139	-70.3343
139.2	-70.3347
139.4	-70.335
139.6	-70.3353
139.8	-70.3356
140	-70.3359
140.2	-70.3363
140.4	-70.3366
140.6	-70.3369
140.8	-70.3372
141	-70.3376
141.2	-70.3379
141.4	-70.3382
141.6	-70.3385
141.8	-70.3388
142	-70.3391
142.2	-70.3395
142.4	-70.3398
142.6	-70.3401
142.8	-70.3404
143	-70.3407
143.2	-70.341
143.4	-70.3414
143.6	-70.3417
143.8	-70.342
144	-70.3423
144.2	-70.3426
144.4	-70.3429
144.6	-70.3432
144.8	-70.3436
145	-70.3439
145.2	-70.3442
145.4	-70.3445
145.6	-70.3448
145.8	-70.3451
146	-70.3454
146.2	-70.3457
146.4	-70.346
146.6	-70.3464
146.8	-70.3467
147	-70.347
147.2	-70.3473
147.4	-70.3476
147.6	-70.3479
147.8	-70.3482
148	-70.3485
148.2	-70.3488
148.4	-70.3491
148.6	-70.3494
148.8	-70.3497
149	-70.35
149.2	-70.3503
149.4	-70.3506
149.6	-70.3509
149.8	-70.3512
150	-70.3515
150.2	-70.3518
150.4	-70.3521
150.6	-70.3524
150.8	-70.3527
151	-70.353
151.2	-70.3533
151.4	-70.3536
151.6	-70.3539
151.8	-70.3542
152	-70.3545
152.2	-70.3548
152.4	-70.3551
152.6	-70.3554
152.8	-70.3557
153	-70.356
153.2	-70.3563
153.4	-70.3566
153.6	-70.3569
153.8	-70.3572
154	-70.3575
154.2	-70.3578
154.4	-70.3581
154.6	-70.3583
154.8	-70.3586
155	-70.3589
155.2	-70.3592
155.4	-70.3595
155.6	-70.3598
155.8	-70.3601
156	-70.3604
156.2	-70.3607
156.4	-70.361
156.6	-70.3612
156.8	-70.3615
157	-70.3618
157.2	-70.3621
157.4	-70.3624
157.6	-70.3627
157.8	-70.363
158	-70.3633
158.2	-70.3635
158.4	-70.3638
158.6	-70.3641
158.8	-70.3644
159	-70.3647
159.2	-70.365
159.4	-70.3652
159.6	-70.3655
159.8	-70.3658
160	-70.3661
160.2	-70.3664
160.4	-70.3666
160.6	-70.3669
160.8	-70.3672
161	-70.3675
161.2	-70.3678
161.4	-70.368
161.6	-70.3683
161.8	-70.3686
162	-70.3689
162.2	-70.3691
162.4	-70.3694
162.6	-70.3697
162.8	-70.37
163	-70.3703
163.2	-70.3705
163.4	-70.3708
163.6	-70.3711
163.8	-70.3714
164	-70.3716
164.2	-70.3719
164.4	-70.3722
164.6	-70.3724
164.8	-70.3727
165	-70.373
165.2	-70.3733
165.4	-70.3735
165.6	-70.3738
165.8	-70.3741
166	-70.3743
166.2	-70.3746
166.4	-70.3749
166.6	-70.3752
166.8	-70.3754
167	-70.3757
167.2	-70.376
167.4	-70.3762
167.6	-70.3765
167.8	-70.3768
168	-70.377
168.2	-70.3773
168.4	-70.3776
168.6	-70.3778
168.8	-70.3781
169	-70.3783
169.2	-70.3786
169.4	-70.3789
169.6	-70.3791
169.8	-70.3794
170	-70.3797
170.2	-70.3799
170.4	-70.3802
170.6	-70.3805
170.8	-70.3807
171	-70.381
171.2	-70.3812
171.4	-70.3815
171.6	-70.3818
171.8	-70.382
172	-70.3823
172.2	-70.3825
172.4	-70.3828
172.6	-70.383
172.8	-70.3833
173	-70.3836
173.2	-70.3838
173.4	-70.3841
173.6	-70.3843
173.8	-70.3846
174	-70.3848
174.2	-70.3851
174.4	-70.3854
174.6	-70.3856
174.8	-70.3859
175	-70.3861
175.2	-70.3864
175.4	-70.3866
175.6	-70.3869
175.8	-70.3871
176	-70.3874
176.2	-70.3876
176.4	-70.3879
176.6	-70.3881
176.8	-70.3884
177	-70.3886
177.2	-70.3889
177.4	-70.3891
177.6	-70.3894
177.8	-70.3896
178	-70.3899
178.2	-70.3901
178.4	-70.3904
178.6	-70.3906
178.8	-70.3909
179	-70.3911
179.2	-70.3914
179.4	-70.3916
179.6	-70.3919
179.8	-70.3921
180	-70.3924
180.2	-70.3926
180.4	-70.3928
180.6	-70.3931
180.8	-70.3933
181	-70.3936
181.2	-70.3938
181.4	-70.3941
181.6	-70.3943
181.8	-70.3945
182	-70.3948
182.2	-70.395
182.4	-70.3953
182.6	-70.3955
182.8	-70.3958
183	-70.396
183.2	-70.3962
183.4	-70.3965
183.6	-70.3967
183.8	-70.397
184	-70.3972
184.2	-70.3974
184.4	-70.3977
184.6	-70.3979
184.8	-70.3981
185	-70.3984
185.2	-70.3986
185.4	-70.3989
185.6	-70.3991
185.8	-70.3993
186	-70.3996
186.2	-70.3998
186.4	-70.4
186.6	-70.4003
186.8	-70.4005
187	-70.4007
187.2	-70.401
187.4	-70.4012
187.6	-70.4014
187.8	-70.4017
188	-70.4019
188.2	-70.4021
188.4	-70.4024
188.6	-70.4026
188.8	-70.4028
189	-70.4031
189.2	-70.4033
189.4	-70.4035
189.6	-70.4037
189.8	-70.404
190	-70.4042
190.2	-70.4044
190.4	-70.4047
190.6	-70.4049
190.8	-70.4051
191	-70.4053
191.2	-70.4056
191.4	-70.4058
191.6	-70.406
191.8	-70.4062
192	-70.4065
192.2	-70.4067
192.4	-70.4069
192.6	-70.4072
192.8	-70.4074
193	-70.4076
193.2	-70.4078
193.4	-70.4081
193.6	-70.4083
193.8	-70.4085
194	-70.4087
194.2	-70.4089
194.4	-70.4092
194.6	-70.4094
194.8	-70.4096
195	-70.4098
195.2	-70.4101
195.4	-70.4103
195.6	-70.4105
195.8	-70.4107
196	-70.4109
196.2	-70.4112
196.4	-70.4114
196.6	-70.4116
196.8	-70.4118
197	-70.412
197.2	-70.4122
197.4	-70.4125
197.6	-70.4127
197.8	-70.4129
198	-70.4131
198.2	-70.4133
198.4	-70.4136
198.6	-70.4138
198.8	-70.414
199	-70.4142
199.2	-70.4144
199.4	-70.4146
199.6	-70.4148
199.8	-70.4151
200	-70.4153
200.2	-70.4155
200.4	-70.4157
200.6	-70.4159
200.8	-70.4161
201	-70.4163
201.2	-70.4165
201.4	-70.4168
201.6	-70.417
201.8	-70.4172
202	-70.4174
202.2	-70.4176
202.4	-70.4178
202.6	-70.418
202.8	-70.4182
203	-70.4184
203.2	-70.4187
203.4	-70.4189
203.6	-70.4191
203.8	-70.4193
204	-70.4195
204.2	-70.4197
204.4	-70.4199
204.6	-70.4201
204.8	-70.4203
205	-70.4205
205.2	-70.4207
205.4	-70.4209
205.6	-70.4211
205.8	-70.4213
206	-70.4216
206.2	-70.4218
206.4	-70.422
206.6	-70.4222
206.8	-70.4224
207	-70.4226
207.2	-70.4228
207.4	-70.423
207.6	-70.4232
207.8	-70.4234
208	-70.4236
208.2	-70.4238
208.4	-70.424
208.6	-70.4242
208.8	-70.4244
209	-70.4246
209.2	-70.4248
209.4	-70.425
209.6	-70.4252
209.8	-70.4254
210	-70.4256
210.2	-70.4258
210.4	-70.426
210.6	-70.4262
210.8	-70.4264
211	-70.4266
211.2	-70.4268
211.4	-70.427
211.6	-70.4272
211.8	-70.4274
212	-70.4276
212.2	-70.4278
212.4	-70.428
212.6	-70.4282
212.8	-70.4284
213	-70.4286
213.2	-70.4288
213.4	-70.429
213.6	-70.4292
213.8	-70.4293
214	-70.4295
214.2	-70.4297
214.4	-70.4299
214.6	-70.4301
214.8	-70.4303
215	-70.4305
215.2	-70.4307
215.4	-70.4309
215.6	-70.4311
215.8	-70.4313
216	-70.4315
216.2	-70.4317
216.4	-70.4319
216.6	-70.432
216.8	-70.4322
217	-70.4324
217.2	-70.4326
217.4	-70.4328
217.6	-70.433
217.8	-70.4332
218	-70.4334
218.2	-70.4336
218.4	-70.4337
218.6	-70.4339
218.8	-70.4341
219	-70.4343
219.2	-70.4345
219.4	-70.4347
219.6	-70.4349
219.8	-70.4351
220	-70.4352
220.2	-70.4354
220.4	-70.4356
220.6	-70.4358
220.8	-70.436
221	-70.4362
221.2	-70.4364
221.4	-70.4365
221.6	-70.4367
221.8	-70.4369
222	-70.4371
222.2	-70.4373
222.4	-70.4375
222.6	-70.4377
222.8	-70.4378
223	-70.438
223.2	-70.4382
223.4	-70.4384
223.6	-70.4386
223.8	-70.4387
224	-70.4389
224.2	-70.4391
224.4	-70.4393
224.6	-70.4395
224.8	-70.4397
225	-70.4398
225.2	-70.44
225.4	-70.4402
225.6	-70.4404
225.8	-70.4406
226	-70.4407
226.2	-70.4409
226.4	-70.4411
226.6	-70.4413
226.8	-70.4414
227	-70.4416
227.2	-70.4418
227.4	-70.442
227.6	-70.4422
227.8	-70.4423
228	-70.4425
228.2	-70.4427
228.4	-70.4429
228.6	-70.443
228.8	-70.4432
229	-70.4434
229.2	-70.4436
229.4	-70.4437
229.6	-70.4439
229.8	-70.4441
230	-70.4443
230.2	-70.4444
230.4	-70.4446
230.6	-70.4448
230.8	-70.445
231	-70.4451
231.2	-70.4453
231.4	-70.4455
231.6	-70.4456
231.8	-70.4458
232	-70.446
232.2	-70.4462
232.4	-70.4463
232.6	-70.4465
232.8	-70.4467
233	-70.4468
233.2	-70.447
233.4	-70.4472
233.6	-70.4473
233.8	-70.4475
234	-70.4477
234.2	-70.4479
234.4	-70.448
234.6	-70.4482
234.8	-70.4484
235	-70.4485
235.2	-70.4487
235.4	-70.4489
235.6	-70.449
235.8	-70.4492
236	-70.4494
236.2	-70.4495
236.4	-70.4497
236.6	-70.4499
236.8	-70.45
237	-70.4502
237.2	-70.4504
237.4	-70.4505
237.6	-70.4507
237.8	-70.4509
238	-70.451
238.2	-70.4512
238.4	-70.4514
238.6	-70.4515
238.8	-70.4517
239	-70.4519
239.2	-70.452
239.4	-70.4522
239.6	-70.4523
239.8	-70.4525
240	-70.4527
240.2	-70.4528
240.4	-70.453
240.6	-70.4532
240.8	-70.4533
241	-70.4535
241.2	-70.4536
241.4	-70.4538
241.6	-70.454
241.8	-70.4541
242	-70.4543
242.2	-70.4544
242.4	-70.4546
242.6	-70.4548
242.8	-70.4549
243	-70.4551
243.2	-70.4552
243.4	-70.4554
243.6	-70.4556
243.8	-70.4557
244	-70.4559
244.2	-70.456
244.4	-70.4562
244.6	-70.4564
244.8	-70.4565
245	-70.4567
245.2	-70.4568
245.4	-70.457
245.6	-70.4571
245.8	-70.4573
246	-70.4574
246.2	-70.4576
246.4	-70.4578
246.6	-70.4579
246.8	-70.4581
247	-70.4582
247.2	-70.4584
247.4	-70.4585
247.6	-70.4587
247.8	-70.4588
248	-70.459
248.2	-70.4592
248.4	-70.4593
248.6	-70.4595
248.8	-70.4596
249	-70.4598
249.2	-70.4599
249.4	-70.4601
249.6	-70.4602
249.8	-70.4604
250	-70.4605
250.2	-70.4607
250.4	-70.4608
250.6	-70.461
250.8	-70.4611
251	-70.4613
251.2	-70.4614
251.4	-70.4616
251.6	-70.4617
251.8	-70.4619
252	-70.462
252.2	-70.4622
252.4	-70.4623
252.6	-70.4625
252.8	-70.4626
253	-70.4628
253.2	-70.4629
253.4	-70.4631
253.6	-70.4632
253.8	-70.4634
254	-70.4635
254.2	-70.4637
254.4	-70.4638
254.6	-70.464
254.8	-70.4641
255	-70.4643
255.2	-70.4644
255.4	-70.4645
255.6	-70.4647
255.8	-70.4648
256	-70.465
256.2	-70.4651
256.4	-70.4653
256.6	-70.4654
256.8	-70.4656
257	-70.4657
257.2	-70.4659
257.4	-70.466
257.6	-70.4661
257.8	-70.4663
258	-70.4664
258.2	-70.4666
258.4	-70.4667
258.6	-70.4669
258.8	-70.467
259	-70.4671
259.2	-70.4673
259.4	-70.4674
259.6	-70.4676
259.8	-70.4677
260	-70.4679
260.2	-70.468
260.4	-70.4681
260.6	-70.4683
260.8	-70.4684
261	-70.4686
261.2	-70.4687
261.4	-70.4688
261.6	-70.469
261.8	-70.4691
262	-70.4693
262.2	-70.4694
262.4	-70.4695
262.6	-70.4697
262.8	-70.4698
263	-70.47
263.2	-70.4701
263.4	-70.4702
263.6	-70.4704
263.8	-70.4705
264	-70.4707
264.2	-70.4708
264.4	-70.4709
264.6	-70.4711
264.8	-70.4712
265	-70.4713
265.2	-70.4715
265.4	-70.4716
265.6	-70.4717
265.8	-70.4719
266	-70.472
266.2	-70.4722
266.4	-70.4723
266.6	-70.4724
266.8	-70.4726
267	-70.4727
267.2	-70.4728
267.4	-70.473
267.6	-70.4731
267.8	-70.4732
268	-70.4734
268.2	-70.4735
268.4	-70.4736
268.6	-70.4738
268.8	-70.4739
269	-70.474
269.2	-70.4742
269.4	-70.4743
269.6	-70.4744
269.8	-70.4746
270	-70.4747
270.2	-70.4748
270.4	-70.475
270.6	-70.4751
270.8	-70.4752
271	-70.4754
271.2	-70.4755
271.4	-70.4756
271.6	-70.4758
271.8	-70.4759
272	-70.476
272.2	-70.4762
272.4	-70.4763
272.6	-70.4764
272.8	-70.4765
273	-70.4767
273.2	-70.4768
273.4	-70.4769
273.6	-70.4771
273.8	-70.4772
274	-70.4773
274.2	-70.4774
274.4	-70.4776
274.6	-70.4777
274.8	-70.4778
275	-70.478
275.2	-70.4781
275.4	-70.4782
275.6	-70.4783
275.8	-70.4785
276	-70.4786
276.2	-70.4787
276.4	-70.4789
276.6	-70.479
276.8	-70.4791
277	-70.4792
277.2	-70.4794
277.4	-70.4795
277.6	-70.4796
277.8	-70.4797
278	-70.4799
278.2	-70.48
278.4	-70.4801
278.6	-70.4802
278.8	-70.4804
279	-70.4805
279.2	-70.4806
279.4	-70.4807
279.6	-70.4809
279.8	-70.481
280	-70.4811
280.2	-70.4812
280.4	-70.4813
280.6	-70.4815
280.8	-70.4816
281	-70.4817
281.2	-70.4818
281.4	-70.482
281.6	-70.4821
281.8	-70.4822
282	-70.4823
282.2	-70.4825
282.4	-70.4826
282.6	-70.4827
282.8	-70.4828
283	-70.4829
283.2	-70.4831
283.4	-70.4832
283.6	-70.4833
283.8	-70.4834
284	-70.4835
284.2	-70.4837
284.4	-70.4838
284.6	-70.4839
284.8	-70.484
285	-70.4841
285.2	-70.4843
285.4	-70.4844
285.6	-70.4845
285.8	-70.4846
286	-70.4847
286.2	-70.4849
286.4	-70.485
286.6	-70.4851
286.8	-70.4852
287	-70.4853
287.2	-70.4854
287.4	-70.4856
287.6	-70.4857
287.8	-70.4858
288	-70.4859
288.2	-70.486
288.4	-70.4861
288.6	-70.4863
288.8	-70.4864
289	-70.4865
289.2	-70.4866
289.4	-70.4867
289.6	-70.4868
289.8	-70.487
290	-70.4871
290.2	-70.4872
290.4	-70.4873
290.6	-70.4874
290.8	-70.4875
291	-70.4876
291.2	-70.4878
291.4	-70.4879
291.6	-70.488
291.8	-70.4881
292	-70.4882
292.2	-70.4883
292.4	-70.4884
292.6	-70.4886
292.8	-70.4887
293	-70.4888
293.2	-70.4889
293.4	-70.489
293.6	-70.4891
293.8	-70.4892
294	-70.4893
294.2	-70.4895
294.4	-70.4896
294.6	-70.4897
294.8	-70.4898
295	-70.4899
295.2	-70.49
295.4	-70.4901
295.6	-70.4902
295.8	-70.4904
296	-70.4905
296.2	-70.4906
296.4	-70.4907
296.6	-70.4908
296.8	-70.4909
297	-70.491
297.2	-70.4911
297.4	-70.4912
297.6	-70.4913
297.8	-70.4915
298	-70.4916
298.2	-70.4917
298.4	-70.4918
298.6	-70.4919
298.8	-70.492
299	-70.4921
299.2	-70.4922
299.4	-70.4923
299.6	-70.4924
299.8	-70.4925
300	-70.4927
300.2	-69.3361
300.4	-68.2027
300.6	-67.0921
300.8	-66.0037
301	-64.9371
301.2	-63.8919
301.4	-62.8676
301.6	-61.8638
301.8	-60.8802
302	-59.9163
302.2	-58.9716
302.4	-58.0457
302.6	-57.1382
302.8	-56.2485
303	-55.376
303.2	-54.52
303.4	-53.6793
303.6	-52.8527
303.8	-52.0382
304	-51.2329
304.2	-50.433
304.4	-49.6327
304.6	-48.8234
304.8	-47.9922
305	-47.119
305.2	-46.1704
305.4	-45.0872
305.6	-43.75
305.8	-41.8697
306	-38.49
306.2	-27.7884
306.4	28.5539
306.6	44.4066
306.8	33.7181
307	11.2672
307.2	-13.3145
307.4	-32.6277
307.6	-48.3136
307.8	-58.0426
308	-62.5285
308.2	-64.2945
308.4	-64.7062
308.6	-64.4418
308.8	-63.8395
309	-63.0703
309.2	-62.2218
309.4	-61.3397
309.6	-60.4477
309.8	-59.5587
310	-58.6793
310.2	-57.8132
310.4	-56.962
310.6	-56.1265
310.8	-55.307
311	-54.5032
311.2	-53.7145
311.4	-52.94
311.6	-52.1781
311.8	-51.427
312	-50.6838
312.2	-49.9445
312.4	-49.2035
312.6	-48.4524
312.8	-47.6793
313	-46.8657
313.2	-45.9817
313.4	-44.9758
313.6	-43.7476
313.8	-42.0681
314	-39.2521
314.2	-31.9272
314.4	11.0162
314.6	43.611
314.8	37.0922
315	16.462
315.2	-8.49382
315.4	-29.0453
315.6	-45.3958
315.8	-56.5078
316	-61.8398
316.2	-64.0457
316.4	-64.6922
316.6	-64.5605
316.8	-64.04
317	-63.3268
317.2	-62.5213
317.4	-61.6755
317.6	-60.8164
317.8	-59.9586
318	-59.1095
318.2	-58.2733
318.4	-57.4519
318.6	-56.6462
318.8	-55.8567
319	-55.0831
319.2	-54.325
319.4	-53.5818
319.6	-52.8524
319.8	-52.1354
320	-51.4289
320.2	-50.7303
320.4	-50.0361
320.6	-49.3412
320.8	-48.6388
321	-47.9188
321.2	-47.1664
321.4	-46.3587
321.6	-45.4577
321.8	-44.3945
322	-43.0258
322.2	-40.9878
322.4	-36.9667
322.6	-21.5828
322.8	35.8119
323	42.8889
323.2	28.7287
323.4	4.80908
323.6	-18.8766
323.8	-36.9667
324	-51.4676
324.2	-59.5718
324.4	-63.2008
324.6	-64.5653
324.8	-64.8031
325	-64.479
325.2	-63.8752
325.4	-63.135
325.6	-62.3316
325.8	-61.5034
326	-60.6703
326.2	-59.8428
326.4	-59.0266
326.6	-58.2245
326.8	-57.4379
327	-56.6674
327.2	-55.9131
327.4	-55.1748
327.6	-54.452
327.8	-53.744
328	-53.0499
328.2	-52.3685
328.4	-51.6981
328.6	-51.0366
328.8	-50.3812
329	-49.7279
329.2	-49.0715
329.4	-48.4048
329.6	-47.7173
329.8	-46.9938
330	-46.2106
330.2	-45.3282
330.4	-44.2747
330.6	-42.8989
330.8	-40.8098
331	-36.5478
331.2	-19.0464
331.4	37.7503
331.6	42.495
331.8	27.438
332	3.28309
332.2	-20.0955
332.4	-37.9787
332.6	-52.2065
332.8	-59.9798
333	-63.4373
333.2	-64.7229
333.4	-64.9299
333.6	-64.6002
333.8	-64.0044
334	-63.2793
334.2	-62.4953
334.4	-61.6887
334.6	-60.8785
334.8	-60.0748
335	-59.2828
335.2	-58.5051
335.4	-57.7432
335.6	-56.9975
335.8	-56.268
336	-55.5547
336.2	-54.857
336.4	-54.1744
336.6	-53.506
336.8	-52.851
337	-52.2079
337.2	-51.5753
337.4	-50.9509
337.6	-50.3321
337.8	-49.7151
338	-49.0953
338.2	-48.4659
338.4	-47.8178
338.6	-47.1376
338.8	-46.4052
339	-45.5878
339.2	-44.6281
339.4	-43.4117
339.6	-41.6671
339.8	-38.5259
340	-29.096
340.2	23.1975
340.4	43.7616
340.6	34.0166
340.8	11.8225
341	-12.8506
341.2	-32.3163
341.4	-48.0833
341.6	-57.9653
341.8	-62.5753
342	-64.445
342.2	-64.953
342.4	-64.7837
342.6	-64.278
342.8	-63.6075
343	-62.8597
343.2	-62.0799
343.4	-61.2916
343.6	-60.5072
343.8	-59.7332
344	-58.9729
344.2	-58.228
344.4	-57.4991
344.6	-56.7866
344.8	-56.0902
345	-55.4097
345.2	-54.7445
345.4	-54.094
345.6	-53.4575
345.8	-52.8339
346	-52.2221
346.2	-51.6205
346.4	-51.0272
346.6	-50.4397
346.8	-49.8549
347	-49.2686
347.2	-48.6753
347.4	-48.0673
347.6	-47.434
347.8	-46.7599
348	-46.0207
348.2	-45.1759
348.4	-44.1516
348.6	-42.7905
348.8	-40.6807
349	-36.2465
349.2	-17.0019
349.4	38.9053
349.6	42.1138
349.8	26.4246
350	2.12171
350.2	-21.0134
350.4	-38.7663
350.6	-52.7842
350.8	-60.3203
351	-63.663
351.2	-64.9048
351.4	-65.1058
351.6	-64.7905
351.8	-64.2202
352	-63.5271
352.2	-62.7786
352.4	-62.0097
352.6	-61.2384
352.8	-60.4744
353	-59.7224
353.2	-58.9851
353.4	-58.2636
353.6	-57.5584
353.8	-56.8695
354	-56.1968
354.2	-55.5398
354.4	-54.8981
354.6	-54.271
354.8	-53.6578
355	-53.0577
355.2	-52.4695
355.4	-51.892
355.6	-51.3235
355.8	-50.762
356	-50.2049
356.2	-49.649
356.4	-49.0901
356.6	-48.5224
356.8	-47.9385
357	-47.3275
357.2	-46.6739
357.4	-45.9533
357.6	-45.1252
357.8	-44.115
358	-42.7646
358.2	-40.6575
358.4	-36.1928
358.6	-16.5611
358.8	39.1479
359	42.0326
359.2	26.2196
359.4	1.89684
359.6	-21.1885
359.8	-38.9261
360	-52.9146
360.2	-60.4118
360.4	-63.7377
360.6	-64.9767
360.8	-65.183
361	-64.8775
361.2	-64.3198
361.4	-63.6409
361.6	-62.9077
361.8	-62.1545
362	-61.3994
362.2	-60.6517
362.4	-59.9162
362.6	-59.1954
362.8	-58.4905
363	-57.8019
363.2	-57.1295
363.4	-56.4733
363.6	-55.8328
363.8	-55.2076
364	-54.5971
364.2	-54.0008
364.4	-53.4177
364.6	-52.8469
364.8	-52.2875
365	-51.738
365.2	-51.1968
365.4	-50.662
365.6	-50.1311
365.8	-49.6008
366	-49.0673
366.2	-48.5252
366.4	-47.9674
366.6	-47.3843
366.8	-46.7615
367	-46.0773
367.2	-45.2964
367.4	-44.3552
367.6	-43.1241
367.8	-41.2825
368	-37.7323
368.2	-25.3695
368.4	31.7149
368.6	43.37
368.8	30.887
369	7.58061
369.2	-16.5711
369.4	-35.1898
369.6	-50.3126
369.8	-59.1409
370	-63.1768
370.2	-64.7771
370.4	-65.171
370.6	-64.9667
370.8	-64.4668
371	-63.8237
371.2	-63.1149
371.4	-62.3804
371.6	-61.6408
371.8	-60.9069
372	-60.1845
372.2	-59.4763
372.4	-58.7836
372.6	-58.1071
372.8	-57.4469
373	-56.8027
373.2	-56.1743
373.4	-55.5613
373.6	-54.963
373.8	-54.3791
374	-53.8087
374.2	-53.251
374.4	-52.7052
374.6	-52.1701
374.8	-51.6444
375	-51.1266
375.2	-50.6147
375.4	-50.1064
375.6	-49.5988
375.8	-49.0879
376	-48.5691
376.2	-48.0359
376.4	-47.4795
376.6	-46.8872
376.8	-46.2403
377	-45.5087
377.2	-44.6399
377.4	-43.5319
377.6	-41.9492
377.8	-39.178
378	-31.6108
378.2	13.8327
378.4	43.9145
378.6	36.6569
378.8	15.8657
379	-8.98812
379.2	-29.4402
379.4	-45.9177
379.6	-57.0272
379.8	-62.3473
380	-64.5818
380.2	-65.2903
380.4	-65.2448
380.6	-64.827
380.8	-64.2277
381	-63.5435
381.2	-62.8238
381.4	-62.0941
381.6	-61.3678
381.8	-60.6515
382	-59.9489
382.2	-59.2616
382.4	-58.5905
382.6	-57.9356
382.8	-57.2968
383	-56.6741
383.2	-56.0668
383.4	-55.4746
383.6	-54.897
383.8	-54.3333
384	-53.7829
384.2	-53.2449
384.4	-52.7185
384.6	-52.2027
384.8	-51.6962
385	-51.1975
385.2	-50.7048
385.4	-50.2162
385.6	-49.7288
385.8	-49.2395
386	-48.7439
386.2	-48.2368
386.4	-47.7106
386.6	-47.1552
386.8	-46.5556
387	-45.889
387.2	-45.1175
387.4	-44.1719
387.6	-42.9084
387.8	-40.9593
388	-36.9875
388.2	-21.2805
388.4	36.5775
388.6	42.8901
388.8	28.5921
389	4.7524
389.2	-18.8877
389.4	-37.0686
389.6	-51.7456
389.8	-59.9356
390	-63.6264
390.2	-65.0583
390.4	-65.3753
390.6	-65.1415
390.8	-64.6369
391	-64.0022
391.2	-63.3089
391.4	-62.5937
391.6	-61.8756
391.8	-61.1644
392	-60.4653
392.2	-59.7806
392.4	-59.1118
392.6	-58.459
392.8	-57.8226
393	-57.2021
393.2	-56.5974
393.4	-56.008
393.6	-55.4334
393.8	-54.8731
394	-54.3265
394.2	-53.7929
394.4	-53.2716
394.6	-52.7617
394.8	-52.2622
395	-51.772
395.2	-51.2897
395.4	-50.8137
395.6	-50.342
395.8	-49.8724
396	-49.4019
396.2	-48.927
396.4	-48.4429
396.6	-47.9435
396.8	-47.4205
397	-46.862
397.2	-46.2506
397.4	-45.5585
397.6	-44.7379
397.8	-43.6979
398	-42.2346
398.2	-39.7626
398.4	-33.6175
398.6	1.77802
398.8	42.9699
399	38.6561
399.2	19.2703
399.4	-5.64403
399.6	-26.9583
399.8	-43.8171
400	-55.8718
400.2	-61.8205
400.4	-64.3802
400.6	-65.2602
400.8	-65.3104
401	-64.9508
401.2	-64.391
401.4	-63.7368
401.6	-63.0423
401.8	-62.3354
402	-61.6304
402.2	-60.9348
402.4	-60.2524
402.6	-59.5851
402.8	-58.9337
403	-58.2985
403.2	-57.6793
403.4	-57.076
403.6	-56.4882
403.8	-55.9155
404	-55.3572
404.2	-54.813
404.4	-54.2823
404.6	-53.7642
404.8	-53.2582
405	-52.7634
405.2	-52.2788
405.4	-51.8033
405.6	-51.3357
405.8	-50.8745
406	-50.4178
406.2	-49.9635
406.4	-49.509
406.6	-49.051
406.8	-48.5855
407	-48.1071
407.2	-47.6087
407.4	-47.0802
407.6	-46.5075
407.8	-45.8683
408	-45.1265
408.2	-44.2164
408.4	-43.003
408.6	-41.1481
408.8	-37.4645
409	-23.9007
409.2	33.9862
409.4	43.2212
409.6	29.9646
409.8	6.45216
410	-17.4951
410.2	-35.9523
410.4	-50.9585
410.6	-59.5586
410.8	-63.4738
411	-65.0254
411.2	-65.4106
411.4	-65.2196
411.6	-64.7455
411.8	-64.135
412	-63.463
412.2	-62.7674
412.4	-62.0682
412.6	-61.3754
412.8	-60.6944
413	-60.0278
413.2	-59.3767
413.4	-58.7417
413.6	-58.1229
413.8	-57.52
414	-56.9327
414.2	-56.3606
414.4	-55.8034
414.6	-55.2604
414.8	-54.7311
415	-54.215
415.2	-53.7114
415.4	-53.2195
415.6	-52.7385
415.8	-52.2675
416	-51.8055
416.2	-51.3511
416.4	-50.9031
416.6	-50.4597
416.8	-50.0188
417	-49.5782
417.2	-49.1347
417.4	-48.6847
417.6	-48.2233
417.8	-47.7442
418	-47.2388
418.2	-46.6946
418.4	-46.0933
418.6	-45.4051
418.8	-44.5787
419	-43.5141
419.2	-41.9814
419.4	-39.2903
419.6	-32.0109
419.8	12.0121
420	43.8744
420.2	37.018
420.4	16.4821
420.6	-8.36617
420.8	-28.9825
421	-45.5908
421.2	-56.9219
421.4	-62.3773
421.6	-64.689
421.8	-65.4494
422	-65.4452
422.2	-65.0647
422.4	-64.5014
422.6	-63.8529
422.8	-63.169
423	-62.4752
423.2	-61.7848
423.4	-61.1046
423.6	-60.438
423.8	-59.7867
424	-59.1513
424.2	-58.5321
424.4	-57.9289
424.6	-57.3415
424.8	-56.7695
425	-56.2124
425.2	-55.6699
425.4	-55.1413
425.6	-54.6262
425.8	-54.124
426	-53.6339
426.2	-53.1552
426.4	-52.6872
426.6	-52.2289
426.8	-51.7793
427	-51.3372
427.2	-50.9012
427.4	-50.4698
427.6	-50.0409
427.8	-49.6124
428	-49.1814
428.2	-48.7444
428.4	-48.297
428.6	-47.8334
428.8	-47.3458
429	-46.8231
429.2	-46.249
429.4	-45.598
429.6	-44.827
429.8	-43.8551
430	-42.5067
430.2	-40.3027
430.4	-35.2713
430.6	-9.91796
430.8	41.0983
431	40.5897
431.2	23.0947
431.4	-1.60526
431.6	-23.9185
431.8	-41.2555
432	-54.4171
432.2	-61.1861
432.4	-64.1652
432.6	-65.2614
432.8	-65.4285
433	-65.1371
433.2	-64.6215
433.4	-63.9996
433.6	-63.3313
433.8	-62.6474
434	-61.964
434.2	-61.2891
434.4	-60.6269
434.6	-59.9796
434.8	-59.348
435	-58.7325
435.2	-58.1329
435.4	-57.5491
435.6	-56.9807
435.8	-56.4273
436	-55.8885
436.2	-55.3637
436.4	-54.8524
436.6	-54.3541
436.8	-53.8682
437	-53.3938
437.2	-52.9304
437.4	-52.4771
437.6	-52.0329
437.8	-51.5968
438	-51.1675
438.2	-50.7437
438.4	-50.3237
438.6	-49.9056
438.8	-49.487
439	-49.065
439.2	-48.6362
439.4	-48.196
439.6	-47.7384
439.8	-47.2554
440	-46.7356
440.2	-46.162
440.4	-45.5078
440.6	-44.7276
440.8	-43.7348
441	-42.3384
441.2	-40.0013
441.4	-34.3853
441.6	-3.51011
441.8	42.2393
442	39.4258
442.2	20.7626
442.4	-4.10452
442.6	-25.8142
442.8	-42.861
443	-55.3525
443.2	-61.6142
443.4	-64.341
443.6	-65.3156
443.8	-65.4255
444	-65.109
444.2	-64.5842
444.4	-63.9613
444.6	-63.2962
444.8	-62.6177
445	-61.9407
445.2	-61.2728
445.4	-60.6179
445.6	-59.978
445.8	-59.3538
446	-58.7456
446.2	-58.1533
446.4	-57.5767
446.6	-57.0154
446.8	-56.4691
447	-55.9372
447.2	-55.4193
447.4	-54.9148
447.6	-54.4233
447.8	-53.944
448	-53.4764
448.2	-53.0196
448.4	-52.573
448.6	-52.1356
448.8	-51.7064
449	-51.2843
449.2	-50.868
449.4	-50.4559
449.6	-50.0464
449.8	-49.6372
450	-49.2258
450.2	-48.8092
450.4	-48.3832
450.6	-47.9429
450.8	-47.4814
451	-46.9894
451.2	-46.4531
451.4	-45.852
451.6	-45.1523
451.8	-44.2937
452	-43.1544
452.2	-41.4382
452.4	-38.163
452.6	-27.363
452.8	28.3059
453	43.5676
453.2	32.232
453.4	9.43084
453.6	-14.9548
453.8	-33.9703
454	-49.5058
454.2	-58.857
454.4	-63.1864
454.6	-64.9542
454.8	-65.4577
455	-65.3374
455.2	-64.9103
455.4	-64.3352
455.6	-63.6926
455.8	-63.0236
456	-62.3494
456.2	-61.6807
456.4	-61.0234
456.6	-60.3801
456.8	-59.7522
457	-59.1401
457.2	-58.544
457.4	-57.9637
457.6	-57.3989
457.8	-56.8493
458	-56.3143
458.2	-55.7935
458.4	-55.2865
458.6	-54.7926
458.8	-54.3114
459	-53.8421
459.2	-53.3843
459.4	-52.9371
459.6	-52.4997
459.8	-52.0713
460	-51.6508
460.2	-51.2372
460.4	-50.8291
460.6	-50.4251
460.8	-50.0234
461	-49.622
461.2	-49.2183
461.4	-48.8093
461.6	-48.3913
461.8	-47.9592
462	-47.5065
462.2	-47.0243
462.4	-46.4995
462.6	-45.9128
462.8	-45.2323
463	-44.4023
463.2	-43.3123
463.4	-41.7005
463.6	-38.7408
463.8	-29.894
464	21.4614
464.2	43.9336
464.4	34.6923
464.6	12.9284
464.8	-11.759
465	-31.5395
465.2	-47.6831
465.4	-58.0103
465.6	-62.8739
465.8	-64.902
466	-65.5326
466.2	-65.4748
466.4	-65.0788
466.6	-64.5194
466.8	-63.8847
467	-63.2197
467.2	-62.5475
467.4	-61.8801
467.6	-61.2234
467.8	-60.5806
468	-59.9531
468.2	-59.3414
468.4	-58.7458
468.6	-58.166
468.8	-57.6018
469	-57.0528
469.2	-56.5185
469.4	-55.9986
469.6	-55.4924
469.8	-54.9996
470	-54.5196
470.2	-54.0517
470.4	-53.5953
470.6	-53.1499
470.8	-52.7145
471	-52.2885
471.2	-51.8708
471.4	-51.4605
471.6	-51.0564
471.8	-50.6572
472	-50.2613
472.2	-49.8668
472.4	-49.4718
472.6	-49.0735
472.8	-48.6687
473	-48.2535
473.2	-47.8225
473.4	-47.3688
473.6	-46.8826
473.8	-46.3497
474	-45.7485
474.2	-45.0431
474.4	-44.1687
474.6	-42.9925
474.8	-41.1824
475	-37.5826
475.2	-24.4672
475.4	33.3817
475.6	43.2701
475.8	30.2423
476	6.83412
476.2	-17.1678
476.4	-35.712
476.6	-50.8329
476.8	-59.5517
477	-63.5359
477.2	-65.1328
477.4	-65.5535
477.6	-65.3947
477.8	-64.9518
478	-64.3726
478.2	-63.7319
478.4	-63.068
478.6	-62.4005
478.8	-61.7395
479	-61.0903
479.2	-60.4553
479.4	-59.8358
479.6	-59.2322
479.8	-58.6446
480	-58.0727
480.2	-57.5162
480.4	-56.9748
480.6	-56.4479
480.8	-55.9353
481	-55.4363
481.2	-54.9505
481.4	-54.4773
481.6	-54.0161
481.8	-53.5663
482	-53.1272
482.2	-52.6981
482.4	-52.2782
482.6	-51.8666
482.8	-51.4622
483	-51.064
483.2	-50.6707
483.4	-50.2806
483.6	-49.8922
483.8	-49.5033
484	-49.1114
484.2	-48.7135
484.4	-48.3057
484.6	-47.8832
484.8	-47.4392
485	-46.9649
485.2	-46.4471
485.4	-45.866
485.6	-45.1897
485.8	-44.3613
486	-43.268
486.2	-41.6409
486.4	-38.6221
486.6	-29.3945
486.8	23.1272
487	43.8627
487.2	34.1401
487.4	12.1279
487.6	-12.5043
487.8	-32.1061
488	-48.1275
488.2	-58.2313
488.4	-62.9715
488.6	-64.9422
488.8	-65.5481
489	-65.4818
489.2	-65.0854
489.4	-64.5295
489.6	-63.9005
489.8	-63.2423
490	-62.5775
490.2	-61.9176
490.4	-61.2686
490.6	-60.6335
490.8	-60.0137
491	-59.4097
491.2	-58.8217
491.4	-58.2495
491.6	-57.6927
491.8	-57.1511
492	-56.6241
492.2	-56.1114
492.4	-55.6124
492.6	-55.1267
492.8	-54.6538
493	-54.193
493.2	-53.7437
493.4	-53.3054
493.6	-52.8773
493.8	-52.4587
494	-52.0486
494.2	-51.6462
494.4	-51.2505
494.6	-50.8601
494.8	-50.4738
495	-50.09
495.2	-49.7068
495.4	-49.322
495.6	-48.933
495.8	-48.5364
496	-48.1281
496.2	-47.7027
496.4	-47.2527
496.6	-46.768
496.8	-46.2335
497	-45.626
497.2	-44.9065
497.4	-44.0037
497.6	-42.7671
497.8	-40.8066
498	-36.664
498.2	-19.1896
498.4	38.1732
498.6	42.5061
498.8	27.4687
499	3.46404
499.2	-19.9134
499.4	-37.9594
499.6	-52.4586
499.8	-60.3941
500	-63.9611
500.2	-65.3498
500.4	-65.6678
500.6	-65.4594
500.8	-64.9938
501	-64.4058
501.2	-63.7636
501.4	-63.102
501.6	-62.4388
501.8	-61.7832
502	-61.1399
502.2	-60.5112
502.4	-59.898
502.6	-59.3008
502.8	-58.7196
503	-58.154
503.2	-57.6039
503.4	-57.0688
503.6	-56.5482
503.8	-56.0417
504	-55.5489
504.2	-55.0692
504.4	-54.602
504.6	-54.1469
504.8	-53.7032
505	-53.2703
505.2	-52.8474
505.4	-52.4339
505.6	-52.0289
505.8	-51.6314
506	-51.2404
506.2	-50.8548
506.4	-50.4731
506.6	-50.0939
506.8	-49.7154
507	-49.3353
507.2	-48.9512
507.4	-48.5597
507.6	-48.1569
507.8	-47.7375
508	-47.2945
508.2	-46.818
508.4	-46.294
508.6	-45.7003
508.8	-45.0009
509	-44.1301
509.2	-42.9527
509.4	-41.129
509.6	-37.4651
509.8	-23.824
510	34.2436
510.2	43.1963
510.4	29.8633
510.6	6.36895
510.8	-17.5494
511	-36.0247
511.2	-51.083
511.4	-59.7002
511.6	-63.6299
511.8	-65.2016
512	-65.6128
512.2	-65.4527
512.4	-65.0129
512.6	-64.4392
512.8	-63.8053
513	-63.1489
513.2	-62.4893
513.4	-61.8365
513.6	-61.1954
513.8	-60.5687
514	-59.9574
514.2	-59.362
514.4	-58.7824
514.6	-58.2186
514.8	-57.6701
515	-57.1367
515.2	-56.6178
515.4	-56.113
515.6	-55.6218
515.8	-55.1438
516	-54.6783
516.2	-54.2249
516.4	-53.783
516.6	-53.3519
516.8	-52.931
517	-52.5195
517.2	-52.1165
517.4	-51.7213
517.6	-51.3329
517.8	-50.95
518	-50.5714
518.2	-50.1957
518.4	-49.8211
518.6	-49.4457
518.8	-49.067
519	-48.6821
519.2	-48.2874
519.4	-47.878
519.6	-47.4478
519.8	-46.9881
520	-46.4867
520.2	-45.9251
520.4	-45.2737
520.6	-44.4808
520.8	-43.4454
521	-41.9352
521.2	-39.248
521.4	-31.8632
521.6	13.0585
521.8	43.9359
522	36.7945
522.2	16.1651
522.4	-8.64909
522.6	-29.2011
522.8	-45.8277
523	-57.1153
523.2	-62.5405
523.4	-64.8469
523.6	-65.6178
523.8	-65.6339
524	-65.2797
524.2	-64.7464
524.4	-64.1301
524.6	-63.4797
524.8	-62.8202
525	-62.1644
525.2	-61.519
525.4	-60.8872
525.6	-60.2705
525.8	-59.6696
526	-59.0847
526.2	-58.5156
526.4	-57.962
526.6	-57.4236
526.8	-56.9
527	-56.3907
527.2	-55.8952
527.4	-55.413
527.6	-54.9438
527.8	-54.4868
528	-54.0416
528.2	-53.6075
528.4	-53.184
528.6	-52.7702
528.8	-52.3655
529	-51.969
529.2	-51.5799
529.4	-51.197
529.6	-50.8192
529.8	-50.4453
530	-50.0736
530.2	-49.7025
530.4	-49.3298
530.6	-48.9531
530.8	-48.5692
531	-48.1742
531.2	-47.7632
531.4	-47.3294
531.6	-46.8636
531.8	-46.3523
532	-45.7749
532.2	-45.0981
532.4	-44.2621
532.6	-43.1463
532.8	-41.4585
533	-38.2334
533.2	-27.6675
533.4	27.7391
533.6	43.6029
533.8	32.4488
534	9.74995
534.2	-14.6633
534.4	-33.7566
534.6	-49.381
534.8	-58.8367
535	-63.2249
535.2	-65.0278
535.4	-65.5566
535.6	-65.4576
535.8	-65.0505
536	-64.4952
536.2	-63.8722
536.4	-63.2229
536.6	-62.5684
536.8	-61.9196
537	-61.2819
537.2	-60.6583
537.4	-60.05
537.6	-59.4574
537.8	-58.8806
538	-58.3195
538.2	-57.7738
538.4	-57.243
538.6	-56.7268
538.8	-56.2247
539	-55.7363
539.2	-55.261
539.4	-54.7983
539.6	-54.3477
539.8	-53.9086
540	-53.4805
540.2	-53.0626
540.4	-52.6542
540.6	-52.2547
540.8	-51.8631
541	-51.4785
541.2	-51.0998
541.4	-50.7259
541.6	-50.3555
541.8	-49.987
542	-49.6186
542.2	-49.2481
542.4	-48.873
542.6	-48.49
542.8	-48.0952
543	-47.6834
543.2	-47.2473
543.4	-46.7774
543.6	-46.2593
543.8	-45.671
544	-44.9762
544.2	-44.109
544.4	-42.9332
544.6	-41.1064
544.8	-37.4204
545	-23.5843
545.2	34.5364
545.4	43.1594
545.6	29.7139
545.8	6.18863
546	-17.6969
546.2	-36.1473
546.4	-51.1825
546.6	-59.7615
546.8	-63.6714
547	-65.2349
547.2	-65.6441
547.4	-65.4854
547.6	-65.0487
547.8	-64.4792
548	-63.8501
548.2	-63.1988
548.4	-62.5444
548.6	-61.8968
548.8	-61.2611
549	-60.6397
549.2	-60.0337
549.4	-59.4435
549.6	-58.8692
549.8	-58.3106
550	-57.7673
550.2	-57.2389
550.4	-56.7251
550.6	-56.2253
550.8	-55.7391
551	-55.2661
551.2	-54.8056
551.4	-54.3572
551.6	-53.9203
551.8	-53.4943
552	-53.0785
552.2	-52.6722
552.4	-52.2747
552.6	-51.8852
552.8	-51.5027
553	-51.1262
553.2	-50.7545
553.4	-50.3864
553.6	-50.0203
553.8	-49.6545
554	-49.2868
554.2	-48.9148
554.4	-48.5355
554.6	-48.1448
554.8	-47.7379
555	-47.308
555.2	-46.8459
555.4	-46.3381
555.6	-45.7642
555.8	-45.0908
556	-44.2583
556.2	-43.1466
556.4	-41.4643
556.6	-38.2515
556.8	-27.7532
557	27.5487
557.2	43.6104
557.4	32.514
557.6	9.8428
557.8	-14.5798
558	-33.6938
558.2	-49.3383
558.4	-58.8212
558.6	-63.2245
558.8	-65.0357
559	-65.5698
559.2	-65.4746
559.4	-65.0708
559.6	-64.5183
559.8	-63.8982
560	-63.2517
560.2	-62.5999
560.4	-61.9538
560.6	-61.3189
560.8	-60.698
561	-60.0923
561.2	-59.5024
561.4	-58.9283
561.6	-58.3698
561.8	-57.8267
562	-57.2985
562.2	-56.7849
562.4	-56.2853
562.6	-55.7994
562.8	-55.3266
563	-54.8665
563.2	-54.4184
563.4	-53.9819
563.6	-53.5563
563.8	-53.141
564	-52.7353
564.2	-52.3385
564.4	-51.9498
564.6	-51.5682
564.8	-51.1928
565	-50.8224
565.2	-50.4558
565.4	-50.0915
565.6	-49.7279
565.8	-49.3629
566	-48.9942
566.2	-48.6188
566.4	-48.2331
566.6	-47.8325
566.8	-47.4107
567	-46.9593
567.2	-46.4661
567.4	-45.9129
567.6	-45.2704
567.8	-44.4878
568	-43.466
568.2	-41.978
568.4	-39.3445
568.6	-32.2188
568.8	11.1149
569	43.845
569.2	37.1462
569.4	16.7393
569.6	-8.08842
569.8	-28.7825
570	-45.4813
570.2	-56.9373
570.4	-62.4685
570.6	-64.8295
570.8	-65.6297
571	-65.6629
571.2	-65.3199
571.4	-64.7949
571.6	-64.1856
571.8	-63.5413
572	-62.8877
572.2	-62.2375
572.4	-61.5976
572.6	-60.9712
572.8	-60.3599
573	-59.7644
573.2	-59.1848
573.4	-58.6209
573.6	-58.0725
573.8	-57.5393
574	-57.0208
574.2	-56.5166
574.4	-56.0262
574.6	-55.5491
574.8	-55.0849
575	-54.6329
575.2	-54.1928
575.4	-53.7638
575.6	-53.3455
575.8	-52.937
576	-52.5378
576.2	-52.147
576.4	-51.7638
576.6	-51.3873
576.8	-51.0164
577	-50.65
577.2	-50.2866
577.4	-49.9248
577.6	-49.5628
577.8	-49.1983
578	-48.829
578.2	-48.4515
578.4	-48.0618
578.6	-47.6548
578.8	-47.2234
579	-46.7579
579.2	-46.244
579.4	-45.6598
579.6	-44.9689
579.8	-44.1057
580	-42.9343
580.2	-41.1131
580.4	-37.439
580.6	-23.6718
580.8	34.4544
581	43.1709
581.2	29.7603
581.4	6.25048
581.6	-17.6443
581.8	-36.1075
582	-51.1598
582.2	-59.757
582.4	-63.677
582.6	-65.2467
582.8	-65.6603
583	-65.5054
583.2	-65.0724
583.4	-64.5063
583.6	-63.8806
583.8	-63.2327
584	-62.5817
584.2	-61.9376
584.4	-61.3053
584.6	-60.6873
584.8	-60.0847
585	-59.4979
585.2	-58.9269
585.4	-58.3715
585.6	-57.8315
585.8	-57.3064
586	-56.7958
586.2	-56.2992
586.4	-55.8162
586.6	-55.3463
586.8	-54.889
587	-54.4438
587.2	-54.01
587.4	-53.5872
587.6	-53.1746
587.8	-52.7717
588	-52.3777
588.2	-51.9917
588.4	-51.6129
588.6	-51.2404
588.8	-50.8731
589	-50.5096
589.2	-50.1487
589.4	-49.7887
589.6	-49.4277
589.8	-49.0635
590	-48.6933
590.2	-48.3136
590.4	-47.9202
590.6	-47.5072
590.8	-47.0669
591	-46.5883
591.2	-46.0551
591.4	-45.4416
591.6	-44.7042
591.8	-43.7606
592	-42.4314
592.2	-40.2232
592.4	-35.0749
592.6	-8.34261
592.8	41.4476
593	40.2344
593.2	22.4084
593.4	-2.32688
593.6	-24.4697
593.8	-41.7589
594	-54.7712
594.2	-61.4133
594.4	-64.3384
594.6	-65.4217
594.8	-65.5983
595	-65.3286
595.2	-64.8416
595.4	-64.2521
595.6	-63.6183
595.8	-62.9702
596	-62.323
596.2	-61.6847
596.4	-61.0592
596.6	-60.4484
596.8	-59.8531
597	-59.2737
597.2	-58.7099
597.4	-58.1617
597.6	-57.6286
597.8	-57.1102
598	-56.6062
598.2	-56.116
598.4	-55.6391
598.6	-55.1752
598.8	-54.7236
599	-54.2839
599.2	-53.8554
599.4	-53.4376
599.6	-53.0298
599.8	-52.6314
600	-52.2416
600.2	-51.8595
600.4	-51.4843
600.6	-51.115
600.8	-50.7504
601	-50.3893
601.2	-50.0302
601.4	-49.6714
601.6	-49.3109
601.8	-48.9464
602	-48.575
602.2	-48.1928
602.4	-47.7954
602.6	-47.3763
602.8	-46.9271
603	-46.4355
603.2	-45.883
603.4	-45.2399
603.6	-44.4544
603.8	-43.4253
604	-41.9189
604.2	-39.2285
604.4	-31.7973
604.6	13.4507
604.8	43.9495
605	36.7048
605.2	16.033
605.4	-8.77179
605.6	-29.295
605.8	-45.9185
606	-57.1788
606.2	-62.5867
606.4	-64.8868
606.6	-65.6578
606.8	-65.6777
607	-65.3292
607.2	-64.8028
607.4	-64.1941
607.6	-63.5516
607.8	-62.9003
608	-62.2528
608.2	-61.6156
608.4	-60.992
608.6	-60.3836
608.8	-59.7909
609	-59.2141
609.2	-58.6531
609.4	-58.1075
609.6	-57.577
609.8	-57.0612
610	-56.5597
610.2	-56.072
610.4	-55.5975
610.6	-55.1359
610.8	-54.6866
611	-54.2491
611.2	-53.8227
611.4	-53.407
611.6	-53.0012
611.8	-52.6047
612	-52.2166
612.2	-51.8363
612.4	-51.4628
612.6	-51.095
612.8	-50.7319
613	-50.3723
613.2	-50.0145
613.4	-49.657
613.6	-49.2977
613.8	-48.9342
614	-48.5637
614.2	-48.1824
614.4	-47.7857
614.6	-47.3673
614.8	-46.9185
615	-46.4272
615.2	-45.8746
615.4	-45.2309
615.6	-44.444
615.8	-43.4118
616	-41.898
616.2	-39.1853
616.4	-31.6321
616.6	14.3268
616.8	43.9815
617	36.5326
617.2	15.7609
617.4	-9.03392
617.6	-29.4918
617.8	-46.0846
618	-57.2688
618.2	-62.6295
618.4	-64.9064
618.6	-65.6662
618.8	-65.6808
619	-65.3301
619.2	-64.8029
619.4	-64.1943
619.6	-63.5522
619.8	-62.9015
620	-62.2547
620.2	-61.6183
620.4	-60.9956
620.6	-60.388
620.8	-59.7961
621	-59.2201
621.2	-58.6599
621.4	-58.1151
621.6	-57.5854
621.8	-57.0704
622	-56.5697
622.2	-56.0827
622.4	-55.6091
622.6	-55.1482
622.8	-54.6996
623	-54.2628
623.2	-53.8372
623.4	-53.4222
623.6	-53.0172
623.8	-52.6214
624	-52.2342
624.2	-51.8546
624.4	-51.4819
624.6	-51.115
624.8	-50.7529
625	-50.3942
625.2	-50.0375
625.4	-49.6811
625.6	-49.3232
625.8	-48.9613
626	-48.5926
626.2	-48.2135
626.4	-47.8194
626.6	-47.4042
626.8	-46.9597
627	-46.4738
627.2	-45.929
627.4	-45.2967
627.6	-44.5277
627.8	-43.527
628	-42.079
628.2	-39.5508
628.4	-32.9405
628.6	6.74883
628.8	43.5438
629	37.8656
629.2	17.9416
629.4	-6.91236
629.6	-27.9056
629.8	-44.7303
630	-56.52
630.2	-62.2706
630.4	-64.7438
630.6	-65.6017
630.8	-65.6658
631	-65.3403
631.2	-64.826
631.4	-64.224
631.6	-63.5853
631.8	-62.9363
632	-62.2903
632.2	-61.6542
632.4	-61.0315
632.6	-60.4239
632.8	-59.8319
633	-59.2558
633.2	-58.6954
633.4	-58.1505
633.6	-57.6206
633.8	-57.1055
634	-56.6046
634.2	-56.1175
634.4	-55.6438
634.6	-55.1829
634.8	-54.7343
635	-54.2974
635.2	-53.8718
635.4	-53.4569
635.6	-53.0519
635.8	-52.6563
636	-52.2692
636.2	-51.89
636.4	-51.5176
636.6	-51.1511
636.8	-50.7895
637	-50.4314
637.2	-50.0756
637.4	-49.7203
637.6	-49.3636
637.8	-49.0032
638	-48.6364
638.2	-48.2598
638.4	-47.8687
638.6	-47.4575
638.8	-47.0182
639	-46.5395
639.2	-46.0046
639.4	-45.387
639.6	-44.6413
639.8	-43.6812
640	-42.3163
640.2	-40.0113
640.4	-34.4395
640.6	-3.70447
640.8	42.2459
641	39.4204
641.2	20.7911
641.4	-4.04784
641.6	-25.7723
641.8	-42.8681
642	-55.4173
642.2	-61.7123
642.4	-64.4642
642.6	-65.4634
642.8	-65.5997
643	-65.3116
643.2	-64.8169
643.4	-64.2253
643.6	-63.5924
643.8	-62.9464
644	-62.3022
644.2	-61.6673
644.4	-61.0452
644.6	-60.438
644.8	-59.8463
645	-59.2705
645.2	-58.7103
645.4	-58.1655
645.6	-57.6359
645.8	-57.1209
646	-56.6202
646.2	-56.1333
646.4	-55.6597
646.6	-55.1989
646.8	-54.7505
647	-54.3139
647.2	-53.8885
647.4	-53.4737
647.6	-53.069
647.8	-52.6736
648	-52.2868
648.2	-51.9079
648.4	-51.5358
648.6	-51.1698
648.8	-50.8086
649	-50.451
649.2	-50.0958
649.4	-49.7411
649.6	-49.3853
649.8	-49.0259
650	-48.6604
650.2	-48.2852
650.4	-47.896
650.6	-47.4872
650.8	-47.0509
651	-46.5763
651.2	-46.0471
651.4	-45.4379
651.6	-44.7051
651.8	-43.7674
652	-42.4472
652.2	-40.2578
652.4	-35.1806
652.6	-9.10131
652.8	41.3064
653	40.3759
653.2	22.7004
653.4	-2.00528
653.6	-24.2235
653.8	-41.5555
654	-54.6598
654.2	-61.3712
654.4	-64.3313
654.6	-65.4327
654.8	-65.6192
655	-65.3556
655.2	-64.8728
655.4	-64.2865
655.6	-63.6557
655.8	-63.0103
656	-62.3657
656.2	-61.7299
656.4	-61.1068
656.6	-60.4984
656.8	-59.9056
657	-59.3286
657.2	-58.7673
657.4	-58.2214
657.6	-57.6907
657.8	-57.1747
658	-56.673
658.2	-56.1851
658.4	-55.7106
658.6	-55.249
658.8	-54.7997
659	-54.3623
659.2	-53.9362
659.4	-53.5208
659.6	-53.1155
659.8	-52.7196
660	-52.3324
660.2	-51.9531
660.4	-51.5808
660.6	-51.2146
660.8	-50.8534
661	-50.496
661.2	-50.1411
661.4	-49.7871
661.6	-49.432
661.8	-49.0738
662	-48.7098
662.2	-48.3367
662.4	-47.9503
662.6	-47.5451
662.8	-47.1137
663	-46.6458
663.2	-46.1261
663.4	-45.5308
663.6	-44.8199
663.8	-43.9196
664	-42.6729
664.2	-40.6671
664.4	-36.3186
664.6	-16.9594
664.8	39.2708
665	42.052
665.2	26.3295
665.4	2.13291
665.6	-20.9787
665.8	-38.8567
666	-53.0679
666.2	-60.704
666.4	-64.1217
666.6	-65.4429
666.8	-65.7343
667	-65.52
667.2	-65.0593
667.4	-64.4816
667.6	-63.8526
667.8	-63.2057
668	-62.558
668.2	-61.9183
668.4	-61.291
668.6	-60.6782
668.8	-60.081
669	-59.4997
669.2	-58.9342
669.4	-58.3842
669.6	-57.8495
669.8	-57.3297
670	-56.8242
670.2	-56.3328
670.4	-55.8549
670.6	-55.3899
670.8	-54.9375
671	-54.4971
671.2	-54.0682
671.4	-53.6501
671.6	-53.2423
671.8	-52.8442
672	-52.4549
672.2	-52.0738
672.4	-51.7
672.6	-51.3326
672.8	-50.9705
673	-50.6126
673.2	-50.2577
673.4	-49.9042
673.6	-49.5503
673.8	-49.194
674	-48.8329
674.2	-48.4638
674.4	-48.083
674.6	-47.6855
674.8	-47.2646
675	-46.8111
675.2	-46.3118
675.4	-45.7463
675.6	-45.0817
675.8	-44.2588
676	-43.159
676.2	-41.4956
676.4	-38.3299
676.6	-28.1065
676.8	26.7451
677	43.6574
677.2	32.8151
677.4	10.2669
677.6	-14.1976
677.8	-33.4037
678	-49.1328
678.2	-58.7363
678.4	-63.2055
678.6	-65.051
678.8	-65.6043
679	-65.5213
679.2	-65.1264
679.4	-64.5814
679.6	-63.9679
679.8	-63.3277
680	-62.6821
680.2	-62.0421
680.4	-61.4132
680.6	-60.7983
680.8	-60.1986
681	-59.6145
681.2	-59.0463
681.4	-58.4936
681.6	-57.9562
681.8	-57.4338
682	-56.9258
682.2	-56.4319
682.4	-55.9516
682.6	-55.4845
682.8	-55.0299
683	-54.5874
683.2	-54.1565
683.4	-53.7366
683.6	-53.3271
683.8	-52.9274
684	-52.5367
684.2	-52.1543
684.4	-51.7794
684.6	-51.4111
684.8	-51.0484
685	-50.6901
685.2	-50.3351
685.4	-49.9818
685.6	-49.6286
685.8	-49.2735
686	-48.9142
686.2	-48.5477
686.4	-48.1704
686.6	-47.7776
686.8	-47.3632
687	-46.9187
687.2	-46.432
687.4	-45.8848
687.6	-45.2478
687.8	-44.47
688	-43.4522
688.2	-41.9664
688.4	-39.3296
688.6	-32.1677
688.8	11.441
689	43.8633
689.2	37.081
689.4	16.6407
689.6	-8.18038
689.8	-28.8523
690	-45.5491
690.2	-56.9849
690.4	-62.5026
690.6	-64.8584
690.8	-65.6581
691	-65.6935
691.2	-65.3541
691.4	-64.8336
691.6	-64.2292
691.8	-63.5903
692	-62.942
692.2	-62.2973
692.4	-61.6629
692.6	-61.042
692.8	-60.4362
693	-59.8461
693.2	-59.2719
693.4	-58.7134
693.6	-58.1704
693.8	-57.6424
694	-57.1291
694.2	-56.6301
694.4	-56.1448
694.6	-55.6728
694.8	-55.2137
695	-54.7668
695.2	-54.3318
695.4	-53.9079
695.6	-53.4947
695.8	-53.0915
696	-52.6976
696.2	-52.3124
696.4	-51.935
696.6	-51.5646
696.8	-51.2001
697	-50.8407
697.2	-50.4849
697.4	-50.1316
697.6	-49.7791
697.8	-49.4255
698	-49.0688
698.2	-48.7062
698.4	-48.3345
698.6	-47.9495
698.8	-47.5457
699	-47.1159
699.2	-46.6497
699.4	-46.1318
699.6	-45.5388
699.8	-44.831
700	-43.9352
700.2	-43.9268
700.4	-43.8309
700.6	-43.6832
700.8	-43.4646
701	-43.1325
701.2	-42.6058
701.4	-41.7099
701.6	-39.9791
701.8	-35.5833
702	-13.276
702.2	40.0002
702.4	40.3371
702.6	23.1305
702.8	-1.48565
703	-24.0578
703.2	-42.0924
703.4	-56.0005
703.6	-63.3585
703.8	-66.9953
704	-68.8491
704.2	-69.8585
704.4	-70.4676
704.6	-70.8854
704.8	-71.2101
705	-71.4876
705.2	-71.7393
705.4	-71.9755
705.6	-72.2008
705.8	-72.4176
706	-72.6271
706.2	-72.8298
706.4	-73.0261
706.6	-73.2164
706.8	-73.4008
707	-73.5795
707.2	-73.7528
707.4	-73.9207
707.6	-74.0834
707.8	-74.2411
708	-74.3939
708.2	-74.542
708.4	-74.6855
708.6	-74.8246
708.8	-74.9593
709	-75.0897
709.2	-75.2161
709.4	-75.3386
709.6	-75.4572
709.8	-75.572
710	-75.6833
710.2	-75.791
710.4	-75.8952
710.6	-75.9962
710.8	-76.0939
711	-76.1885
711.2	-76.2801
711.4	-76.3687
711.6	-76.4544
711.8	-76.5374
712	-76.6177
712.2	-76.6953
712.4	-76.7704
712.6	-76.843
712.8	-76.9132
713	-76.9811
713.2	-77.0467
713.4	-77.1102
713.6	-77.1714
713.8	-77.2307
714	-77.2879
714.2	-77.3431
714.4	-77.3965
714.6	-77.448
714.8	-77.4977
715	-77.5457
715.2	-77.5919
715.4	-77.6366
715.6	-77.6797
715.8	-77.7212
716	-77.7612
716.2	-77.7997
716.4	-77.8369
716.6	-77.8727
716.8	-77.9071
717	-77.9402
717.2	-77.9721
717.4	-78.0028
717.6	-78.0322
717.8	-78.0606
718	-78.0878
718.2	-78.1139
718.4	-78.1389
718.6	-78.1629
718.8	-78.186
719	-78.2081
719.2	-78.2292
719.4	-78.2494
719.6	-78.2687
719.8	-78.2872
720	-78.3048
720.2	-78.3217
720.4	-78.3377
720.6	-78.353
720.8	-78.3675
721	-78.3813
721.2	-78.3944
721.4	-78.4069
721.6	-78.4186
721.8	-78.4298
722	-78.4403
722.2	-78.4502
722.4	-78.4595
722.6	-78.4682
722.8	-78.4764
723	-78.4841
723.2	-78.4912
723.4	-78.4978
723.6	-78.5039
723.8	-78.5096
724	-78.5148
724.2	-78.5195
724.4	-78.5238
724.6	-78.5276
724.8	-78.5311
725	-78.5341
725.2	-78.5368
725.4	-78.5391
725.6	-78.541
725.8	-78.5426
726	-78.5438
726.2	-78.5447
726.4	-78.5452
726.6	-78.5455
726.8	-78.5454
727	-78.545
727.2	-78.5444
727.4	-78.5434
727.6	-78.5422
727.8	-78.5407
728	-78.539
728.2	-78.537
728.4	-78.5348
728.6	-78.5323
728.8	-78.5296
729	-78.5267
729.2	-78.5236
729.4	-78.5202
729.6	-78.5167
729.8	-78.5129
730	-78.509
730.2	-78.5049
730.4	-78.5006
730.6	-78.4961
730.8	-78.4915
731	-78.4867
731.2	-78.4817
731.4	-78.4766
731.6	-78.4713
731.8	-78.4659
732	-78.4604
732.2	-78.4547
732.4	-78.4489
732.6	-78.4429
732.8	-78.4368
733	-78.4306
733.2	-78.4243
733.4	-78.4179
733.6	-78.4114
733.8	-78.4047
734	-78.398
734.2	-78.3912
734.4	-78.3842
734.6	-78.3772
734.8	-78.37
735	-78.3628
735.2	-78.3555
735.4	-78.3482
735.6	-78.3407
735.8	-78.3332
736	-78.3255
736.2	-78.3178
736.4	-78.3101
736.6	-78.3023
736.8	-78.2944
737	-78.2864
737.2	-78.2784
737.4	-78.2703
737.6	-78.2622
737.8	-78.254
738	-78.2458
738.2	-78.2375
738.4	-78.2291
738.6	-78.2208
738.8	-78.2123
739	-78.2038
739.2	-78.1953
739.4	-78.1867
739.6	-78.1781
739.8	-78.1695
740	-78.1608
740.2	-78.1521
740.4	-78.1433
740.6	-78.1345
740.8	-78.1257
741	-78.1169
741.2	-78.108
741.4	-78.0991
741.6	-78.0901
741.8	-78.0812
742	-78.0722
742.2	-78.0632
742.4	-78.0542
742.6	-78.0451
742.8	-78.036
743	-78.0269
743.2	-78.0178
743.4	-78.0087
743.6	-77.9995
743.8	-77.9903
744	-77.9811
744.2	-77.9719
744.4	-77.9627
744.6	-77.9535
744.8	-77.9442
745	-77.935
745.2	-77.9257
745.4	-77.9164
745.6	-77.9072
745.8	-77.8979
746	-77.8885
746.2	-77.8792
746.4	-77.8699
746.6	-77.8606
746.8	-77.8512
747	-77.8419
747.2	-77.8325
747.4	-77.8232
747.6	-77.8138
747.8	-77.8044
748	-77.7951
748.2	-77.7857
748.4	-77.7763
748.6	-77.7669
748.8	-77.7576
749	-77.7482
749.2	-77.7388
749.4	-77.7294
749.6	-77.72
749.8	-77.7106
750	-77.7012
750.2	-77.6918
750.4	-77.6825
750.6	-77.6731
750.8	-77.6637
751	-77.6543
751.2	-77.6449
751.4	-77.6356
751.6	-77.6262
751.8	-77.6168
752	-77.6074
752.2	-77.5981
752.4	-77.5887
752.6	-77.5793
752.8	-77.57
753	-77.5606
753.2	-77.5513
753.4	-77.5419
753.6	-77.5326
753.8	-77.5233
754	-77.514
754.2	-77.5046
754.4	-77.4953
754.6	-77.486
754.8	-77.4767
755	-77.4674
755.2	-77.4581
755.4	-77.4488
755.6	-77.4395
755.8	-77.4303
756	-77.421
756.2	-77.4117
756.4	-77.4025
756.6	-77.3932
756.8	-77.384
757	-77.3748
757.2	-77.3656
757.4	-77.3564
757.6	-77.3471
757.8	-77.338
758	-77.3288
758.2	-77.3196
758.4	-77.3104
758.6	-77.3012
758.8	-77.2921
759	-77.2829
759.2	-77.2738
759.4	-77.2647
759.6	-77.2555
759.8	-77.2464
760	-77.2373
760.2	-77.2282
760.4	-77.2192
760.6	-77.2101
760.8	-77.201
761	-77.192
761.2	-77.1829
761.4	-77.1739
761.6	-77.1648
761.8	-77.1558
762	-77.1468
762.2	-77.1378
762.4	-77.1288
762.6	-77.1199
762.8	-77.1109
763	-77.1019
763.2	-77.093
763.4	-77.084
763.6	-77.0751
763.8	-77.0662
764	-77.0573
764.2	-77.0484
764.4	-77.0395
764.6	-77.0306
764.8	-77.0217
765	-77.0129
765.2	-77.004
765.4	-76.9952
765.6	-76.9864
765.8	-76.9776
766	-76.9688
766.2	-76.96
766.4	-76.9512
766.6	-76.9424
766.8	-76.9336
767	-76.9249
767.2	-76.9162
767.4	-76.9074
767.6	-76.8987
767.8	-76.89
768	-76.8813
768.2	-76.8726
768.4	-76.8639
768.6	-76.8553
768.8	-76.8466
769	-76.838
769.2	-76.8293
769.4	-76.8207
769.6	-76.8121
769.8	-76.8035
770	-76.7949
770.2	-76.7863
770.4	-76.7778
770.6	-76.7692
770.8	-76.7607
771	-76.7521
771.2	-76.7436
771.4	-76.7351
771.6	-76.7266
771.8	-76.7181
772	-76.7096
772.2	-76.7011
772.4	-76.6927
772.6	-76.6842
772.8	-76.6758
773	-76.6674
773.2	-76.659
773.4	-76.6506
773.6	-76.6422
773.8	-76.6338
774	-76.6254
774.2	-76.617
774.4	-76.6087
774.6	-76.6004
774.8	-76.592
775	-76.5837
775.2	-76.5754
775.4	-76.5671
775.6	-76.5588
775.8	-76.5506
776	-76.5423
776.2	-76.534
776.4	-76.5258
776.6	-76.5176
776.8	-76.5094
777	-76.5011
777.2	-76.493
777.4	-76.4848
777.6	-76.4766
777.8	-76.4684
778	-76.4603
778.2	-76.4521
778.4	-76.444
778.6	-76.4359
778.8	-76.4278
779	-76.4197
779.2	-76.4116
779.4	-76.4035
779.6	-76.3954
779.8	-76.3874
780	-76.3793
780.2	-76.3713
780.4	-76.3633
780.6	-76.3553
780.8	-76.3473
781	-76.3393
781.2	-76.3313
781.4	-76.3233
781.6	-76.3154
781.8	-76.3074
782	-76.2995
782.2	-76.2916
782.4	-76.2837
782.6	-76.2758
782.8	-76.2679
783	-76.26
783.2	-76.2521
783.4	-76.2443
783.6	-76.2364
783.8	-76.2286
784	-76.2207
784.2	-76.2129
784.4	-76.2051
784.6	-76.1973
784.8	-76.1895
785	-76.1818
785.2	-76.174
785.4	-76.1662
785.6	-76.1585
785.8	-76.1508
786	-76.143
786.2	-76.1353
786.4	-76.1276
786.6	-76.1199
786.8	-76.1123
787	-76.1046
787.2	-76.0969
787.4	-76.0893
787.6	-76.0816
787.8	-76.074
788	-76.0664
788.2	-76.0588
788.4	-76.0512
788.6	-76.0436
788.8	-76.036
789	-76.0285
789.2	-76.0209
789.4	-76.0134
789.6	-76.0058
789.8	-75.9983
790	-75.9908
790.2	-75.9833
790.4	-75.9758
790.6	-75.9683
790.8	-75.9608
791	-75.9534
791.2	-75.9459
791.4	-75.9385
791.6	-75.9311
791.8	-75.9236
792	-75.9162
792.2	-75.9088
792.4	-75.9014
792.6	-75.8941
792.8	-75.8867
793	-75.8793
793.2	-75.872
793.4	-75.8646
793.6	-75.8573
793.8	-75.85
794	-75.8427
794.2	-75.8354
794.4	-75.8281
794.6	-75.8208
794.8	-75.8135
795	-75.8063
795.2	-75.799
795.4	-75.7918
795.6	-75.7846
795.8	-75.7773
796	-75.7701
796.2	-75.7629
796.4	-75.7557
796.6	-75.7486
796.8	-75.7414
797	-75.7342
797.2	-75.7271
797.4	-75.7199
797.6	-75.7128
797.8	-75.7057
798	-75.6986
798.2	-75.6915
798.4	-75.6844
798.6	-75.6773
798.8	-75.6702
799	-75.6632
799.2	-75.6561
799.4	-75.6491
799.6	-75.642
799.8	-75.635
800	-75.628
800.2	-75.621
800.4	-75.614
800.6	-75.607
800.8	-75.6001
801	-75.5931
801.2	-75.5861
801.4	-75.5792
801.6	-75.5723
801.8	-75.5653
802	-75.5584
802.2	-75.5515
802.4	-75.5446
802.6	-75.5377
802.8	-75.5308
803	-75.524
803.2	-75.5171
803.4	-75.5103
803.6	-75.5034
803.8	-75.4966
804	-75.4898
804.2	-75.483
804.4	-75.4762
804.6	-75.4694
804.8	-75.4626
805	-75.4558
805.2	-75.449
805.4	-75.4423
805.6	-75.4355
805.8	-75.4288
806	-75.4221
806.2	-75.4154
806.4	-75.4086
806.6	-75.4019
806.8	-75.3952
807	-75.3886
807.2	-75.3819
807.4	-75.3752
807.6	-75.3686
807.8	-75.3619
808	-75.3553
808.2	-75.3487
808.4	-75.3421
808.6	-75.3355
808.8	-75.3289
809	-75.3223
809.2	-75.3157
809.4	-75.3091
809.6	-75.3026
809.8	-75.296
810	-75.2895
810.2	-75.2829
810.4	-75.2764
810.6	-75.2699
810.8	-75.2634
811	-75.2569
811.2	-75.2504
811.4	-75.2439
811.6	-75.2374
811.8	-75.231
812	-75.2245
812.2	-75.2181
812.4	-75.2116
812.6	-75.2052
812.8	-75.1988
813	-75.1924
813.2	-75.186
813.4	-75.1796
813.6	-75.1732
813.8	-75.1668
814	-75.1605
814.2	-75.1541
814.4	-75.1478
814.6	-75.1414
814.8	-75.1351
815	-75.1288
815.2	-75.1225
815.4	-75.1162
815.6	-75.1099
815.8	-75.1036
816	-75.0973
816.2	-75.0911
816.4	-75.0848
816.6	-75.0786
816.8	-75.0723
817	-75.0661
817.2	-75.0599
817.4	-75.0536
817.6	-75.0474
817.8	-75.0412
818	-75.035
818.2	-75.0289
818.4	-75.0227
818.6	-75.0165
818.8	-75.0104
819	-75.0042
819.2	-74.9981
819.4	-74.992
819.6	-74.9858
819.8	-74.9797
820	-74.9736
820.2	-74.9675
820.4	-74.9614
820.6	-74.9554
820.8	-74.9493
821	-74.9432
821.2	-74.9372
821.4	-74.9311
821.6	-74.9251
821.8	-74.9191
822	-74.913
822.2	-74.907
822.4	-74.901
822.6	-74.895
822.8	-74.889
823	-74.8831
823.2	-74.8771
823.4	-74.8711
823.6	-74.8652
823.8	-74.8592
824	-74.8533
824.2	-74.8474
824.4	-74.8414
824.6	-74.8355
824.8	-74.8296
825	-74.8237
825.2	-74.8178
825.4	-74.812
825.6	-74.8061
825.8	-74.8002
826	-74.7944
826.2	-74.7885
826.4	-74.7827
826.6	-74.7769
826.8	-74.771
827	-74.7652
827.2	-74.7594
827.4	-74.7536
827.6	-74.7478
827.8	-74.7421
828	-74.7363
828.2	-74.7305
828.4	-74.7248
828.6	-74.719
828.8	-74.7133
829	-74.7075
829.2	-74.7018
829.4	-74.6961
829.6	-74.6904
829.8	-74.6847
830	-74.679
830.2	-74.6733
830.4	-74.6676
830.6	-74.6619
830.8	-74.6563
831	-74.6506
831.2	-74.645
831.4	-74.6393
831.6	-74.6337
831.8	-74.6281
832	-74.6225
832.2	-74.6169
832.4	-74.6113
832.6	-74.6057
832.8	-74.6001
833	-74.5945
833.2	-74.5889
833.4	-74.5834
833.6	-74.5778
833.8	-74.5723
834	-74.5667
834.2	-74.5612
834.4	-74.5557
834.6	-74.5502
834.8	-74.5447
835	-74.5392
835.2	-74.5337
835.4	-74.5282
835.6	-74.5227
835.8	-74.5173
836	-74.5118
836.2	-74.5063
836.4	-74.5009
836.6	-74.4955
836.8	-74.49
837	-74.4846
837.2	-74.4792
837.4	-74.4738
837.6	-74.4684
837.8	-74.463
838	-74.4576
838.2	-74.4522
838.4	-74.4468
838.6	-74.4415
838.8	-74.4361
839	-74.4308
839.2	-74.4254
839.4	-74.4201
839.6	-74.4148
839.8	-74.4095
840	-74.4041
840.2	-74.3988
840.4	-74.3935
840.6	-74.3883
840.8	-74.383
841	-74.3777
841.2	-74.3724
841.4	-74.3672
841.6	-74.3619
841.8	-74.3567
842	-74.3514
842.2	-74.3462
842.4	-74.341
842.6	-74.3358
842.8	-74.3306
843	-74.3254
843.2	-74.3202
843.4	-74.315
843.6	-74.3098
843.8	-74.3046
844	-74.2995
844.2	-74.2943
844.4	-74.2891
844.6	-74.284
844.8	-74.2789
845	-74.2737
845.2	-74.2686
845.4	-74.2635
845.6	-74.2584
845.8	-74.2533
846	-74.2482
846.2	-74.2431
846.4	-74.238
846.6	-74.233
846.8	-74.2279
847	-74.2228
847.2	-74.2178
847.4	-74.2127
847.6	-74.2077
847.8	-74.2027
848	-74.1976
848.2	-74.1926
848.4	-74.1876
848.6	-74.1826
848.8	-74.1776
849	-74.1726
849.2	-74.1676
849.4	-74.1627
849.6	-74.1577
849.8	-74.1527
850	-74.1478
850.2	-74.1428
850.4	-74.1379
850.6	-74.133
850.8	-74.128
851	-74.1231
851.2	-74.1182
851.4	-74.1133
851.6	-74.1084
851.8	-74.1035
852	-74.0986
852.2	-74.0937
852.4	-74.0889
852.6	-74.084
852.8	-74.0791
853	-74.0743
853.2	-74.0695
853.4	-74.0646
853.6	-74.0598
853.8	-74.055
854	-74.0501
854.2	-74.0453
854.4	-74.0405
854.6	-74.0357
854.8	-74.0309
855	-74.0261
855.2	-74.0214
855.4	-74.0166
855.6	-74.0118
855.8	-74.0071
856	-74.0023
856.2	-73.9976
856.4	-73.9928
856.6	-73.9881
856.8	-73.9834
857	-73.9787
857.2	-73.9739
857.4	-73.9692
857.6	-73.9645
857.8	-73.9599
858	-73.9552
858.2	-73.9505
858.4	-73.9458
858.6	-73.9411
858.8	-73.9365
859	-73.9318
859.2	-73.9272
859.4	-73.9225
859.6	-73.9179
859.8	-73.9133
860	-73.9087
860.2	-73.904
860.4	-73.8994
860.6	-73.8948
860.8	-73.8902
861	-73.8857
861.2	-73.8811
861.4	-73.8765
861.6	-73.8719
861.8	-73.8674
862	-73.8628
862.2	-73.8583
862.4	-73.8537
862.6	-73.8492
862.8	-73.8446
863	-73.8401
863.2	-73.8356
863.4	-73.8311
863.6	-73.8266
863.8	-73.8221
864	-73.8176
864.2	-73.8131
864.4	-73.8086
864.6	-73.8041
864.8	-73.7997
865	-73.7952
865.2	-73.7907
865.4	-73.7863
865.6	-73.7818
865.8	-73.7774
866	-73.773
866.2	-73.7685
866.4	-73.7641
866.6	-73.7597
866.8	-73.7553
867	-73.7509
867.2	-73.7465
867.4	-73.7421
867.6	-73.7377
867.8	-73.7334
868	-73.729
868.2	-73.7246
868.4	-73.7203
868.6	-73.7159
868.8	-73.7116
869	-73.7072
869.2	-73.7029
869.4	-73.6986
869.6	-73.6942
869.8	-73.6899
870	-73.6856
870.2	-73.6813
870.4	-73.677
870.6	-73.6727
870.8	-73.6684
871	-73.6642
871.2	-73.6599
871.4	-73.6556
871.6	-73.6513
871.8	-73.6471
872	-73.6428
872.2	-73.6386
872.4	-73.6344
872.6	-73.6301
872.8	-73.6259
873	-73.6217
873.2	-73.6175
873.4	-73.6132
873.6	-73.609
873.8	-73.6048
874	-73.6006
874.2	-73.5965
874.4	-73.5923
874.6	-73.5881
874.8	-73.5839
875	-73.5798
875.2	-73.5756
875.4	-73.5715
875.6	-73.5673
875.8	-73.5632
876	-73.559
876.2	-73.5549
876.4	-73.5508
876.6	-73.5467
876.8	-73.5426
877	-73.5385
877.2	-73.5344
877.4	-73.5303
877.6	-73.5262
877.8	-73.5221
878	-73.518
878.2	-73.5139
878.4	-73.5099
878.6	-73.5058
878.8	-73.5018
879	-73.4977
879.2	-73.4937
879.4	-73.4896
879.6	-73.4856
879.8	-73.4816
880	-73.4776
880.2	-73.4735
880.4	-73.4695
880.6	-73.4655
880.8	-73.4615
881	-73.4575
881.2	-73.4535
881.4	-73.4496
881.6	-73.4456
881.8	-73.4416
882	-73.4377
882.2	-73.4337
882.4	-73.4297
882.6	-73.4258
882.8	-73.4218
883	-73.4179
883.2	-73.414
883.4	-73.41
883.6	-73.4061
883.8	-73.4022
884	-73.3983
884.2	-73.3944
884.4	-73.3905
884.6	-73.3866
884.8	-73.3827
885	-73.3788
885.2	-73.3749
885.4	-73.3711
885.6	-73.3672
885.8	-73.3633
886	-73.3595
886.2	-73.3556
886.4	-73.3518
886.6	-73.348
886.8	-73.3441
887	-73.3403
887.2	-73.3365
887.4	-73.3326
887.6	-73.3288
887.8	-73.325
888	-73.3212
888.2	-73.3174
888.4	-73.3136
888.6	-73.3098
888.8	-73.3061
889	-73.3023
889.2	-73.2985
889.4	-73.2947
889.6	-73.291
889.8	-73.2872
890	-73.2835
890.2	-73.2797
890.4	-73.276
890.6	-73.2723
890.8	-73.2685
891	-73.2648
891.2	-73.2611
891.4	-73.2574
891.6	-73.2537
891.8	-73.2499
892	-73.2463
892.2	-73.2426
892.4	-73.2389
892.6	-73.2352
892.8	-73.2315
893	-73.2278
893.2	-73.2242
893.4	-73.2205
893.6	-73.2168
893.8	-73.2132
894	-73.2095
894.2	-73.2059
894.4	-73.2023
894.6	-73.1986
894.8	-73.195
895	-73.1914
895.2	-73.1878
895.4	-73.1841
895.6	-73.1805
895.8	-73.1769
896	-73.1733
896.2	-73.1697
896.4	-73.1662
896.6	-73.1626
896.8	-73.159
897	-73.1554
897.2	-73.1519
897.4	-73.1483
897.6	-73.1447
897.8	-73.1412
898	-73.1376
898.2	-73.1341
898.4	-73.1306
898.6	-73.127
898.8	-73.1235
899	-73.12
899.2	-73.1164
899.4	-73.1129
899.6	-73.1094
899.8	-73.1059
900	-73.1024
900.2	-73.0989
900.4	-73.0954
900.6	-73.092
900.8	-73.0885
901	-73.085
901.2	-73.0815
901.4	-73.0781
901.6	-73.0746
901.8	-73.0712
902	-73.0677
902.2	-73.0643
902.4	-73.0608
902.6	-73.0574
902.8	-73.0539
903	-73.0505
903.2	-73.0471
903.4	-73.0437
903.6	-73.0403
903.8	-73.0369
904	-73.0335
904.2	-73.0301
904.4	-73.0267
904.6	-73.0233
904.8	-73.0199
905	-73.0165
905.2	-73.0131
905.4	-73.0098
905.6	-73.0064
905.8	-73.003
906	-72.9997
906.2	-72.9963
906.4	-72.993
906.6	-72.9896
906.8	-72.9863
907	-72.983
907.2	-72.9796
907.4	-72.9763
907.6	-72.973
907.8	-72.9697
908	-72.9664
908.2	-72.9631
908.4	-72.9598
908.6	-72.9565
908.8	-72.9532
909	-72.9499
909.2	-72.9466
909.4	-72.9433
909.6	-72.9401
909.8	-72.9368
910	-72.9335
910.2	-72.9303
910.4	-72.927
910.6	-72.9238
910.8	-72.9205
911	-72.9173
911.2	-72.914
911.4	-72.9108
911.6	-72.9076
911.8	-72.9044
912	-72.9011
912.2	-72.8979
912.4	-72.8947
912.6	-72.8915
912.8	-72.8883
913	-72.8851
913.2	-72.8819
913.4	-72.8787
913.6	-72.8755
913.8	-72.8724
914	-72.8692
914.2	-72.866
914.4	-72.8628
914.6	-72.8597
914.8	-72.8565
915	-72.8534
915.2	-72.8502
915.4	-72.8471
915.6	-72.8439
915.8	-72.8408
916	-72.8377
916.2	-72.8345
916.4	-72.8314
916.6	-72.8283
916.8	-72.8252
917	-72.8221
917.2	-72.819
917.4	-72.8159
917.6	-72.8128
917.8	-72.8097
918	-72.8066
918.2	-72.8035
918.4	-72.8004
918.6	-72.7974
918.8	-72.7943
919	-72.7912
919.2	-72.7882
919.4	-72.7851
919.6	-72.7821
919.8	-72.779
920	-72.776
920.2	-72.7729
920.4	-72.7699
920.6	-72.7669
920.8	-72.7638
921	-72.7608
921.2	-72.7578
921.4	-72.7548
921.6	-72.7517
921.8	-72.7487
922	-72.7457
922.2	-72.7427
922.4	-72.7397
922.6	-72.7368
922.8	-72.7338
923	-72.7308
923.2	-72.7278
923.4	-72.7248
923.6	-72.7219
923.8	-72.7189
924	-72.7159
924.2	-72.713
924.4	-72.71
924.6	-72.7071
924.8	-72.7041
925	-72.7012
925.2	-72.6982
925.4	-72.6953
925.6	-72.6924
925.8	-72.6895
926	-72.6865
926.2	-72.6836
926.4	-72.6807
926.6	-72.6778
926.8	-72.6749
927	-72.672
927.2	-72.6691
927.4	-72.6662
927.6	-72.6633
927.8	-72.6604
928	-72.6575
928.2	-72.6547
928.4	-72.6518
928.6	-72.6489
928.8	-72.6461
929	-72.6432
929.2	-72.6403
929.4	-72.6375
929.6	-72.6346
929.8	-72.6318
930	-72.629
930.2	-72.6261
930.4	-72.6233
930.6	-72.6205
930.8	-72.6176
931	-72.6148
931.2	-72.612
931.4	-72.6092
931.6	-72.6064
931.8	-72.6036
932	-72.6008
932.2	-72.598
932.4	-72.5952
932.6	-72.5924
932.8	-72.5896
933	-72.5868
933.2	-72.584
933.4	-72.5813
933.6	-72.5785
933.8	-72.5757
934	-72.573
934.2	-72.5702
934.4	-72.5674
934.6	-72.5647
934.8	-72.5619
935	-72.5592
935.2	-72.5564
935.4	-72.5537
935.6	-72.551
935.8	-72.5482
936	-72.5455
936.2	-72.5428
936.4	-72.5401
936.6	-72.5374
936.8	-72.5347
937	-72.532
937.2	-72.5293
937.4	-72.5266
937.6	-72.5239
937.8	-72.5212
938	-72.5185
938.2	-72.5158
938.4	-72.5131
938.6	-72.5104
938.8	-72.5078
939	-72.5051
939.2	-72.5024
939.4	-72.4998
939.6	-72.4971
939.8	-72.4945
940	-72.4918
940.2	-72.4892
940.4	-72.4865
940.6	-72.4839
940.8	-72.4812
941	-72.4786
941.2	-72.476
941.4	-72.4734
941.6	-72.4707
941.8	-72.4681
942	-72.4655
942.2	-72.4629
942.4	-72.4603
942.6	-72.4577
942.8	-72.4551
943	-72.4525
943.2	-72.4499
943.4	-72.4473
943.6	-72.4447
943.8	-72.4421
944	-72.4396
944.2	-72.437
944.4	-72.4344
944.6	-72.4318
944.8	-72.4293
945	-72.4267
945.2	-72.4242
945.4	-72.4216
945.6	-72.4191
945.8	-72.4165
946	-72.414
946.2	-72.4114
946.4	-72.4089
946.6	-72.4063
946.8	-72.4038
947	-72.4013
947.2	-72.3988
947.4	-72.3963
947.6	-72.3937
947.8	-72.3912
948	-72.3887
948.2	-72.3862
948.4	-72.3837
948.6	-72.3812
948.8	-72.3787
949	-72.3762
949.2	-72.3737
949.4	-72.3713
949.6	-72.3688
949.8	-72.3663
950	-72.3638
950.2	-72.3614
950.4	-72.3589
950.6	-72.3564
950.8	-72.354
951	-72.3515
951.2	-72.3491
951.4	-72.3466
951.6	-72.3442
951.8	-72.3417
952	-72.3393
952.2	-72.3369
952.4	-72.3344
952.6	-72.332
952.8	-72.3296
953	-72.3271
953.2	-72.3247
953.4	-72.3223
953.6	-72.3199
953.8	-72.3175
954	-72.3151
954.2	-72.3127
954.4	-72.3103
954.6	-72.3079
954.8	-72.3055
955	-72.3031
955.2	-72.3007
955.4	-72.2983
955.6	-72.296
955.8	-72.2936
956	-72.2912
956.2	-72.2888
956.4	-72.2865
956.6	-72.2841
956.8	-72.2817
957	-72.2794
957.2	-72.277
957.4	-72.2747
957.6	-72.2723
957.8	-72.27
958	-72.2677
958.2	-72.2653
958.4	-72.263
958.6	-72.2607
958.8	-72.2583
959	-72.256
959.2	-72.2537
959.4	-72.2514
959.6	-72.2491
959.8	-72.2467
960	-72.2444
960.2	-72.2421
960.4	-72.2398
960.6	-72.2375
960.8	-72.2352
961	-72.2329
961.2	-72.2307
961.4	-72.2284
961.6	-72.2261
961.8	-72.2238
962	-72.2215
962.2	-72.2193
962.4	-72.217
962.6	-72.2147
962.8	-72.2125
963	-72.2102
963.2	-72.2079
963.4	-72.2057
963.6	-72.2034
963.8	-72.2012
964	-72.1989
964.2	-72.1967
964.4	-72.1945
964.6	-72.1922
964.8	-72.19
965	-72.1878
965.2	-72.1855
965.4	-72.1833
965.6	-72.1811
965.8	-72.1789
966	-72.1767
966.2	-72.1744
966.4	-72.1722
966.6	-72.17
966.8	-72.1678
967	-72.1656
967.2	-72.1634
967.4	-72.1612
967.6	-72.1591
967.8	-72.1569
968	-72.1547
968.2	-72.1525
968.4	-72.1503
968.6	-72.1482
968.8	-72.146
969	-72.1438
969.2	-72.1416
969.4	-72.1395
969.6	-72.1373
969.8	-72.1352
970	-72.133
970.2	-72.1309
970.4	-72.1287
970.6	-72.1266
970.8	-72.1244
971	-72.1223
971.2	-72.1202
971.4	-72.118
971.6	-72.1159
971.8	-72.1138
972	-72.1116
972.2	-72.1095
972.4	-72.1074
972.6	-72.1053
972.8	-72.1032
973	-72.1011
973.2	-72.099
973.4	-72.0969
973.6	-72.0948
973.8	-72.0927
974	-72.0906
974.2	-72.0885
974.4	-72.0864
974.6	-72.0843
974.8	-72.0822
975	-72.0801
975.2	-72.0781
975.4	-72.076
975.6	-72.0739
975.8	-72.0718
976	-72.0698
976.2	-72.0677
976.4	-72.0657
976.6	-72.0636
976.8	-72.0615
977	-72.0595
977.2	-72.0574
977.4	-72.0554
977.6	-72.0534
977.8	-72.0513
978	-72.0493
978.2	-72.0472
978.4	-72.0452
978.6	-72.0432
978.8	-72.0411
979	-72.0391
979.2	-72.0371
979.4	-72.0351
979.6	-72.0331
979.8	-72.0311
980	-72.0291
980.2	-72.027
980.4	-72.025
980.6	-72.023
980.8	-72.021
981	-72.019
981.2	-72.0171
981.4	-72.0151
981.6	-72.0131
981.8	-72.0111
982	-72.0091
982.2	-72.0071
982.4	-72.0051
982.6	-72.0032
982.8	-72.0012
983	-71.9992
983.2	-71.9973
983.4	-71.9953
983.6	-71.9933
983.8	-71.9914
984	-71.9894
984.2	-71.9875
984.4	-71.9855
984.6	-71.9836
984.8	-71.9816
985	-71.9797
985.2	-71.9778
985.4	-71.9758
985.6	-71.9739
985.8	-71.972
986	-71.97
986.2	-71.9681
986.4	-71.9662
986.6	-71.9643
986.8	-71.9623
987	-71.9604
987.2	-71.9585
987.4	-71.9566
987.6	-71.9547
987.8	-71.9528
988	-71.9509
988.2	-71.949
988.4	-71.9471
988.6	-71.9452
988.8	-71.9433
989	-71.9414
989.2	-71.9395
989.4	-71.9377
989.6	-71.9358
989.8	-71.9339
990	-71.932
990.2	-71.9302
990.4	-71.9283
990.6	-71.9264
990.8	-71.9246
991	-71.9227
991.2	-71.9208
991.4	-71.919
991.6	-71.9171
991.8	-71.9153
992	-71.9134
992.2	-71.9116
992.4	-71.9097
992.6	-71.9079
992.8	-71.906
993	-71.9042
993.2	-71.9024
993.4	-71.9005
993.6	-71.8987
993.8	-71.8969
994	-71.8951
994.2	-71.8932
994.4	-71.8914
994.6	-71.8896
994.8	-71.8878
995	-71.886
995.2	-71.8842
995.4	-71.8824
995.6	-71.8806
995.8	-71.8788
996	-71.877
996.2	-71.8752
996.4	-71.8734
996.6	-71.8716
996.8	-71.8698
997	-71.868
997.2	-71.8662
997.4	-71.8644
997.6	-71.8627
997.8	-71.8609
998	-71.8591
998.2	-71.8573
998.4	-71.8556
998.6	-71.8538
998.8	-71.852
999	-71.8503
999.2	-71.8485
999.4	-71.8467
999.6	-71.845
999.8	-71.8432
1000	-71.8415
