label:PY[0].soma.m_im
5001
0	0
0.2	3.70744e-05
0.4	7.41019e-05
0.6	0.000111083
0.8	0.000148016
1	0.000184903
1.2	0.000221743
1.4	0.000258537
1.6	0.000295283
1.8	0.000331983
2	0.000368636
2.2	0.000405243
2.4	0.000441802
2.6	0.000478316
2.8	0.000514782
3	0.000551203
3.2	0.000587576
3.4	0.000623904
3.6	0.000660185
3.8	0.000696419
4	0.000732607
4.2	0.000768749
4.4	0.000804844
4.6	0.000840894
4.8	0.000876897
5	0.000912854
5.2	0.000948765
5.4	0.000984629
5.6	0.00102045
5.8	0.00105622
6	0.00109195
6.2	0.00112763
6.4	0.00116326
6.6	0.00119885
6.8	0.0012344
7	0.00126989
7.2	0.00130534
7.4	0.00134075
7.6	0.00137611
7.8	0.00141143
8	0.00144669
8.2	0.00148192
8.4	0.0015171
8.6	0.00155223
8.8	0.00158732
9	0.00162236
9.2	0.00165736
9.4	0.00169231
9.6	0.00172721
9.8	0.00176207
10	0.00179689
10.2	0.00183166
10.4	0.00186639
10.6	0.00190107
10.8	0.0019357
11	0.00197029
11.2	0.00200484
11.4	0.00203934
11.6	0.0020738
11.8	0.00210821
12	0.00214258
12.2	0.0021769
12.4	0.00221118
12.6	0.00224541
12.8	0.0022796
13	0.00231374
13.2	0.00234784
13.4	0.0023819
13.6	0.00241591
13.8	0.00244988
14	0.0024838
14.2	0.00251768
14.4	0.00255151
14.6	0.0025853
14.8	0.00261905
15	0.00265275
15.2	0.00268641
15.4	0.00272003
15.6	0.0027536
15.8	0.00278712
16	0.00282061
16.2	0.00285405
16.4	0.00288744
16.6	0.00292079
16.8	0.0029541
17	0.00298737
17.2	0.00302059
17.4	0.00305377
17.6	0.0030869
17.8	0.00311999
18	0.00315304
18.2	0.00318605
18.4	0.00321901
18.6	0.00325193
18.8	0.00328481
19	0.00331764
19.2	0.00335043
19.4	0.00338318
19.6	0.00341588
19.8	0.00344854
20	0.00348116
20.2	0.00351374
20.4	0.00354627
20.6	0.00357876
20.8	0.00361121
21	0.00364361
21.2	0.00367598
21.4	0.0037083
21.6	0.00374058
21.8	0.00377281
22	0.003805
22.2	0.00383716
22.4	0.00386927
22.6	0.00390133
22.8	0.00393336
23	0.00396534
23.2	0.00399728
23.4	0.00402918
23.6	0.00406104
23.8	0.00409285
24	0.00412463
24.2	0.00415636
24.4	0.00418805
24.6	0.0042197
24.8	0.00425131
25	0.00428287
25.2	0.00431439
25.4	0.00434588
25.6	0.00437732
25.8	0.00440872
26	0.00444008
26.2	0.00447139
26.4	0.00450267
26.6	0.0045339
26.8	0.0045651
27	0.00459625
27.2	0.00462736
27.4	0.00465843
27.6	0.00468946
27.8	0.00472045
28	0.0047514
28.2	0.00478231
28.4	0.00481318
28.6	0.004844
28.8	0.00487479
29	0.00490553
29.2	0.00493624
29.4	0.0049669
29.6	0.00499753
29.8	0.00502811
30	0.00505865
30.2	0.00508916
30.4	0.00511962
30.6	0.00515004
30.8	0.00518042
31	0.00521077
31.2	0.00524107
31.4	0.00527133
31.6	0.00530155
31.8	0.00533174
32	0.00536188
32.2	0.00539198
32.4	0.00542205
32.6	0.00545207
32.8	0.00548205
33	0.005512
33.2	0.0055419
33.4	0.00557177
33.6	0.0056016
33.8	0.00563138
34	0.00566113
34.2	0.00569084
34.4	0.00572051
34.6	0.00575014
34.8	0.00577973
35	0.00580928
35.2	0.00583879
35.4	0.00586827
35.6	0.0058977
35.8	0.0059271
36	0.00595645
36.2	0.00598577
36.4	0.00601505
36.6	0.00604429
36.8	0.0060735
37	0.00610266
37.2	0.00613178
37.4	0.00616087
37.6	0.00618992
37.8	0.00621893
38	0.0062479
38.2	0.00627683
38.4	0.00630573
38.6	0.00633459
38.8	0.0063634
39	0.00639219
39.2	0.00642093
39.4	0.00644963
39.6	0.0064783
39.8	0.00650693
40	0.00653552
40.2	0.00656407
40.4	0.00659259
40.6	0.00662106
40.8	0.0066495
41	0.00667791
41.2	0.00670627
41.4	0.0067346
41.6	0.00676289
41.8	0.00679114
42	0.00681935
42.2	0.00684753
42.4	0.00687567
42.6	0.00690377
42.8	0.00693184
43	0.00695987
43.2	0.00698786
43.4	0.00701581
43.6	0.00704373
43.8	0.00707161
44	0.00709945
44.2	0.00712726
44.4	0.00715503
44.6	0.00718276
44.8	0.00721046
45	0.00723812
45.2	0.00726574
45.4	0.00729333
45.6	0.00732088
45.8	0.00734839
46	0.00737587
46.2	0.00740331
46.4	0.00743071
46.6	0.00745808
46.8	0.00748541
47	0.0075127
47.2	0.00753996
47.4	0.00756719
47.6	0.00759437
47.8	0.00762152
48	0.00764864
48.2	0.00767572
48.4	0.00770276
48.6	0.00772977
48.8	0.00775674
49	0.00778367
49.2	0.00781057
49.4	0.00783744
49.6	0.00786427
49.8	0.00789106
50	0.00791782
50.2	0.00794454
50.4	0.00797122
50.6	0.00799788
50.8	0.00802449
51	0.00805107
51.2	0.00807762
51.4	0.00810413
51.6	0.0081306
51.8	0.00815704
52	0.00818344
52.2	0.00820981
52.4	0.00823615
52.6	0.00826245
52.8	0.00828871
53	0.00831494
53.2	0.00834114
53.4	0.0083673
53.6	0.00839342
53.8	0.00841951
54	0.00844557
54.2	0.00847159
54.4	0.00849758
54.6	0.00852353
54.8	0.00854945
55	0.00857533
55.2	0.00860118
55.4	0.00862699
55.6	0.00865277
55.8	0.00867852
56	0.00870423
56.2	0.00872991
56.4	0.00875555
56.6	0.00878116
56.8	0.00880674
57	0.00883228
57.2	0.00885779
57.4	0.00888326
57.6	0.0089087
57.8	0.00893411
58	0.00895948
58.2	0.00898482
58.4	0.00901012
58.6	0.00903539
58.8	0.00906063
59	0.00908584
59.2	0.00911101
59.4	0.00913614
59.6	0.00916125
59.8	0.00918632
60	0.00921135
60.2	0.00923636
60.4	0.00926133
60.6	0.00928627
60.8	0.00931117
61	0.00933604
61.2	0.00936088
61.4	0.00938568
61.6	0.00941046
61.8	0.00943519
62	0.0094599
62.2	0.00948457
62.4	0.00950921
62.6	0.00953382
62.8	0.0095584
63	0.00958294
63.2	0.00960745
63.4	0.00963192
63.6	0.00965637
63.8	0.00968078
64	0.00970516
64.2	0.00972951
64.4	0.00975382
64.6	0.0097781
64.8	0.00980235
65	0.00982657
65.2	0.00985075
65.4	0.00987491
65.6	0.00989903
65.8	0.00992312
66	0.00994717
66.2	0.0099712
66.4	0.00999519
66.6	0.0100192
66.8	0.0100431
67	0.010067
67.2	0.0100908
67.4	0.0101147
67.6	0.0101385
67.8	0.0101622
68	0.010186
68.2	0.0102097
68.4	0.0102334
68.6	0.010257
68.8	0.0102806
69	0.0103042
69.2	0.0103278
69.4	0.0103513
69.6	0.0103748
69.8	0.0103982
70	0.0104216
70.2	0.010445
70.4	0.0104684
70.6	0.0104917
70.8	0.010515
71	0.0105383
71.2	0.0105615
71.4	0.0105847
71.6	0.0106079
71.8	0.010631
72	0.0106542
72.2	0.0106772
72.4	0.0107003
72.6	0.0107233
72.8	0.0107463
73	0.0107693
73.2	0.0107922
73.4	0.0108151
73.6	0.010838
73.8	0.0108608
74	0.0108836
74.2	0.0109064
74.4	0.0109291
74.6	0.0109519
74.8	0.0109745
75	0.0109972
75.2	0.0110198
75.4	0.0110424
75.6	0.011065
75.8	0.0110875
76	0.01111
76.2	0.0111325
76.4	0.0111549
76.6	0.0111774
76.8	0.0111997
77	0.0112221
77.2	0.0112444
77.4	0.0112667
77.6	0.011289
77.8	0.0113112
78	0.0113334
78.2	0.0113556
78.4	0.0113777
78.6	0.0113999
78.8	0.011422
79	0.011444
79.2	0.011466
79.4	0.011488
79.6	0.01151
79.8	0.011532
80	0.0115539
80.2	0.0115757
80.4	0.0115976
80.6	0.0116194
80.8	0.0116412
81	0.011663
81.2	0.0116847
81.4	0.0117064
81.6	0.0117281
81.8	0.0117498
82	0.0117714
82.2	0.011793
82.4	0.0118145
82.6	0.0118361
82.8	0.0118576
83	0.011879
83.2	0.0119005
83.4	0.0119219
83.6	0.0119433
83.8	0.0119647
84	0.011986
84.2	0.0120073
84.4	0.0120286
84.6	0.0120498
84.8	0.0120711
85	0.0120922
85.2	0.0121134
85.4	0.0121345
85.6	0.0121557
85.8	0.0121767
86	0.0121978
86.2	0.0122188
86.4	0.0122398
86.6	0.0122608
86.8	0.0122817
87	0.0123026
87.2	0.0123235
87.4	0.0123444
87.6	0.0123652
87.8	0.012386
88	0.0124067
88.2	0.0124275
88.4	0.0124482
88.6	0.0124689
88.8	0.0124896
89	0.0125102
89.2	0.0125308
89.4	0.0125514
89.6	0.0125719
89.8	0.0125924
90	0.0126129
90.2	0.0126334
90.4	0.0126538
90.6	0.0126743
90.8	0.0126946
91	0.012715
91.2	0.0127353
91.4	0.0127556
91.6	0.0127759
91.8	0.0127962
92	0.0128164
92.2	0.0128366
92.4	0.0128567
92.6	0.0128769
92.8	0.012897
93	0.0129171
93.2	0.0129371
93.4	0.0129572
93.6	0.0129772
93.8	0.0129972
94	0.0130171
94.2	0.013037
94.4	0.0130569
94.6	0.0130768
94.8	0.0130967
95	0.0131165
95.2	0.0131363
95.4	0.0131561
95.6	0.0131758
95.8	0.0131955
96	0.0132152
96.2	0.0132349
96.4	0.0132545
96.6	0.0132741
96.8	0.0132937
97	0.0133132
97.2	0.0133328
97.4	0.0133523
97.6	0.0133718
97.8	0.0133912
98	0.0134106
98.2	0.01343
98.4	0.0134494
98.6	0.0134688
98.8	0.0134881
99	0.0135074
99.2	0.0135266
99.4	0.0135459
99.6	0.0135651
99.8	0.0135843
100	0.0136035
100.2	0.0136226
100.4	0.0136417
100.6	0.0136608
100.8	0.0136799
101	0.0136989
101.2	0.0137179
101.4	0.0137369
101.6	0.0137559
101.8	0.0137748
102	0.0137937
102.2	0.0138126
102.4	0.0138315
102.6	0.0138503
102.8	0.0138691
103	0.0138879
103.2	0.0139067
103.4	0.0139254
103.6	0.0139441
103.8	0.0139628
104	0.0139815
104.2	0.0140001
104.4	0.0140187
104.6	0.0140373
104.8	0.0140559
105	0.0140744
105.2	0.0140929
105.4	0.0141114
105.6	0.0141298
105.8	0.0141483
106	0.0141667
106.2	0.0141851
106.4	0.0142034
106.6	0.0142218
106.8	0.0142401
107	0.0142584
107.2	0.0142766
107.4	0.0142949
107.6	0.0143131
107.8	0.0143313
108	0.0143495
108.2	0.0143676
108.4	0.0143857
108.6	0.0144038
108.8	0.0144219
109	0.0144399
109.2	0.0144579
109.4	0.0144759
109.6	0.0144939
109.8	0.0145119
110	0.0145298
110.2	0.0145477
110.4	0.0145656
110.6	0.0145834
110.8	0.0146012
111	0.014619
111.2	0.0146368
111.4	0.0146546
111.6	0.0146723
111.8	0.01469
112	0.0147077
112.2	0.0147254
112.4	0.014743
112.6	0.0147606
112.8	0.0147782
113	0.0147958
113.2	0.0148133
113.4	0.0148308
113.6	0.0148483
113.8	0.0148658
114	0.0148833
114.2	0.0149007
114.4	0.0149181
114.6	0.0149355
114.8	0.0149528
115	0.0149701
115.2	0.0149875
115.4	0.0150047
115.6	0.015022
115.8	0.0150392
116	0.0150565
116.2	0.0150736
116.4	0.0150908
116.6	0.015108
116.8	0.0151251
117	0.0151422
117.2	0.0151593
117.4	0.0151763
117.6	0.0151934
117.8	0.0152104
118	0.0152274
118.2	0.0152443
118.4	0.0152613
118.6	0.0152782
118.8	0.0152951
119	0.0153119
119.2	0.0153288
119.4	0.0153456
119.6	0.0153624
119.8	0.0153792
120	0.015396
120.2	0.0154127
120.4	0.0154294
120.6	0.0154461
120.8	0.0154628
121	0.0154794
121.2	0.015496
121.4	0.0155127
121.6	0.0155292
121.8	0.0155458
122	0.0155623
122.2	0.0155788
122.4	0.0155953
122.6	0.0156118
122.8	0.0156282
123	0.0156447
123.2	0.0156611
123.4	0.0156775
123.6	0.0156938
123.8	0.0157102
124	0.0157265
124.2	0.0157428
124.4	0.015759
124.6	0.0157753
124.8	0.0157915
125	0.0158077
125.2	0.0158239
125.4	0.0158401
125.6	0.0158562
125.8	0.0158723
126	0.0158884
126.2	0.0159045
126.4	0.0159205
126.6	0.0159366
126.8	0.0159526
127	0.0159686
127.2	0.0159845
127.4	0.0160005
127.6	0.0160164
127.8	0.0160323
128	0.0160482
128.2	0.0160641
128.4	0.0160799
128.6	0.0160957
128.8	0.0161115
129	0.0161273
129.2	0.016143
129.4	0.0161588
129.6	0.0161745
129.8	0.0161902
130	0.0162058
130.2	0.0162215
130.4	0.0162371
130.6	0.0162527
130.8	0.0162683
131	0.0162839
131.2	0.0162994
131.4	0.0163149
131.6	0.0163304
131.8	0.0163459
132	0.0163614
132.2	0.0163768
132.4	0.0163922
132.6	0.0164076
132.8	0.016423
133	0.0164384
133.2	0.0164537
133.4	0.016469
133.6	0.0164843
133.8	0.0164996
134	0.0165148
134.2	0.0165301
134.4	0.0165453
134.6	0.0165605
134.8	0.0165756
135	0.0165908
135.2	0.0166059
135.4	0.016621
135.6	0.0166361
135.8	0.0166512
136	0.0166662
136.2	0.0166813
136.4	0.0166963
136.6	0.0167113
136.8	0.0167262
137	0.0167412
137.2	0.0167561
137.4	0.016771
137.6	0.0167859
137.8	0.0168008
138	0.0168156
138.2	0.0168304
138.4	0.0168453
138.6	0.01686
138.8	0.0168748
139	0.0168896
139.2	0.0169043
139.4	0.016919
139.6	0.0169337
139.8	0.0169483
140	0.016963
140.2	0.0169776
140.4	0.0169922
140.6	0.0170068
140.8	0.0170214
141	0.0170359
141.2	0.0170505
141.4	0.017065
141.6	0.0170795
141.8	0.0170939
142	0.0171084
142.2	0.0171228
142.4	0.0171372
142.6	0.0171516
142.8	0.017166
143	0.0171804
143.2	0.0171947
143.4	0.017209
143.6	0.0172233
143.8	0.0172376
144	0.0172519
144.2	0.0172661
144.4	0.0172803
144.6	0.0172945
144.8	0.0173087
145	0.0173229
145.2	0.017337
145.4	0.0173511
145.6	0.0173652
145.8	0.0173793
146	0.0173934
146.2	0.0174074
146.4	0.0174215
146.6	0.0174355
146.8	0.0174495
147	0.0174635
147.2	0.0174774
147.4	0.0174913
147.6	0.0175053
147.8	0.0175192
148	0.017533
148.2	0.0175469
148.4	0.0175607
148.6	0.0175746
148.8	0.0175884
149	0.0176022
149.2	0.0176159
149.4	0.0176297
149.6	0.0176434
149.8	0.0176571
150	0.0176708
150.2	0.0176845
150.4	0.0176981
150.6	0.0177118
150.8	0.0177254
151	0.017739
151.2	0.0177526
151.4	0.0177662
151.6	0.0177797
151.8	0.0177932
152	0.0178067
152.2	0.0178202
152.4	0.0178337
152.6	0.0178472
152.8	0.0178606
153	0.017874
153.2	0.0178874
153.4	0.0179008
153.6	0.0179142
153.8	0.0179275
154	0.0179408
154.2	0.0179542
154.4	0.0179674
154.6	0.0179807
154.8	0.017994
155	0.0180072
155.2	0.0180204
155.4	0.0180336
155.6	0.0180468
155.8	0.01806
156	0.0180731
156.2	0.0180863
156.4	0.0180994
156.6	0.0181125
156.8	0.0181256
157	0.0181386
157.2	0.0181517
157.4	0.0181647
157.6	0.0181777
157.8	0.0181907
158	0.0182037
158.2	0.0182166
158.4	0.0182296
158.6	0.0182425
158.8	0.0182554
159	0.0182683
159.2	0.0182811
159.4	0.018294
159.6	0.0183068
159.8	0.0183196
160	0.0183324
160.2	0.0183452
160.4	0.018358
160.6	0.0183707
160.8	0.0183835
161	0.0183962
161.2	0.0184089
161.4	0.0184216
161.6	0.0184342
161.8	0.0184469
162	0.0184595
162.2	0.0184721
162.4	0.0184847
162.6	0.0184973
162.8	0.0185098
163	0.0185224
163.2	0.0185349
163.4	0.0185474
163.6	0.0185599
163.8	0.0185724
164	0.0185848
164.2	0.0185973
164.4	0.0186097
164.6	0.0186221
164.8	0.0186345
165	0.0186469
165.2	0.0186592
165.4	0.0186716
165.6	0.0186839
165.8	0.0186962
166	0.0187085
166.2	0.0187208
166.4	0.018733
166.6	0.0187453
166.8	0.0187575
167	0.0187697
167.2	0.0187819
167.4	0.0187941
167.6	0.0188062
167.8	0.0188184
168	0.0188305
168.2	0.0188426
168.4	0.0188547
168.6	0.0188668
168.8	0.0188789
169	0.0188909
169.2	0.0189029
169.4	0.0189149
169.6	0.0189269
169.8	0.0189389
170	0.0189509
170.2	0.0189628
170.4	0.0189748
170.6	0.0189867
170.8	0.0189986
171	0.0190104
171.2	0.0190223
171.4	0.0190342
171.6	0.019046
171.8	0.0190578
172	0.0190696
172.2	0.0190814
172.4	0.0190932
172.6	0.0191049
172.8	0.0191167
173	0.0191284
173.2	0.0191401
173.4	0.0191518
173.6	0.0191635
173.8	0.0191751
174	0.0191868
174.2	0.0191984
174.4	0.01921
174.6	0.0192216
174.8	0.0192332
175	0.0192448
175.2	0.0192563
175.4	0.0192678
175.6	0.0192794
175.8	0.0192909
176	0.0193024
176.2	0.0193138
176.4	0.0193253
176.6	0.0193367
176.8	0.0193481
177	0.0193596
177.2	0.019371
177.4	0.0193823
177.6	0.0193937
177.8	0.019405
178	0.0194164
178.2	0.0194277
178.4	0.019439
178.6	0.0194503
178.8	0.0194616
179	0.0194728
179.2	0.0194841
179.4	0.0194953
179.6	0.0195065
179.8	0.0195177
180	0.0195289
180.2	0.01954
180.4	0.0195512
180.6	0.0195623
180.8	0.0195734
181	0.0195845
181.2	0.0195956
181.4	0.0196067
181.6	0.0196178
181.8	0.0196288
182	0.0196398
182.2	0.0196509
182.4	0.0196619
182.6	0.0196729
182.8	0.0196838
183	0.0196948
183.2	0.0197057
183.4	0.0197166
183.6	0.0197276
183.8	0.0197385
184	0.0197493
184.2	0.0197602
184.4	0.0197711
184.6	0.0197819
184.8	0.0197927
185	0.0198035
185.2	0.0198143
185.4	0.0198251
185.6	0.0198359
185.8	0.0198466
186	0.0198574
186.2	0.0198681
186.4	0.0198788
186.6	0.0198895
186.8	0.0199002
187	0.0199108
187.2	0.0199215
187.4	0.0199321
187.6	0.0199427
187.8	0.0199533
188	0.0199639
188.2	0.0199745
188.4	0.0199851
188.6	0.0199956
188.8	0.0200061
189	0.0200167
189.2	0.0200272
189.4	0.0200377
189.6	0.0200481
189.8	0.0200586
190	0.020069
190.2	0.0200795
190.4	0.0200899
190.6	0.0201003
190.8	0.0201107
191	0.0201211
191.2	0.0201314
191.4	0.0201418
191.6	0.0201521
191.8	0.0201625
192	0.0201728
192.2	0.0201831
192.4	0.0201933
192.6	0.0202036
192.8	0.0202139
193	0.0202241
193.2	0.0202343
193.4	0.0202445
193.6	0.0202547
193.8	0.0202649
194	0.0202751
194.2	0.0202852
194.4	0.0202954
194.6	0.0203055
194.8	0.0203156
195	0.0203257
195.2	0.0203358
195.4	0.0203459
195.6	0.0203559
195.8	0.020366
196	0.020376
196.2	0.020386
196.4	0.020396
196.6	0.020406
196.8	0.020416
197	0.020426
197.2	0.0204359
197.4	0.0204459
197.6	0.0204558
197.8	0.0204657
198	0.0204756
198.2	0.0204855
198.4	0.0204954
198.6	0.0205052
198.8	0.0205151
199	0.0205249
199.2	0.0205347
199.4	0.0205445
199.6	0.0205543
199.8	0.0205641
200	0.0205738
200.2	0.0205836
200.4	0.0205933
200.6	0.0206031
200.8	0.0206128
201	0.0206225
201.2	0.0206322
201.4	0.0206418
201.6	0.0206515
201.8	0.0206611
202	0.0206708
202.2	0.0206804
202.4	0.02069
202.6	0.0206996
202.8	0.0207092
203	0.0207187
203.2	0.0207283
203.4	0.0207378
203.6	0.0207474
203.8	0.0207569
204	0.0207664
204.2	0.0207759
204.4	0.0207854
204.6	0.0207948
204.8	0.0208043
205	0.0208137
205.2	0.0208231
205.4	0.0208325
205.6	0.0208419
205.8	0.0208513
206	0.0208607
206.2	0.0208701
206.4	0.0208794
206.6	0.0208888
206.8	0.0208981
207	0.0209074
207.2	0.0209167
207.4	0.020926
207.6	0.0209353
207.8	0.0209445
208	0.0209538
208.2	0.020963
208.4	0.0209722
208.6	0.0209814
208.8	0.0209906
209	0.0209998
209.2	0.021009
209.4	0.0210182
209.6	0.0210273
209.8	0.0210364
210	0.0210456
210.2	0.0210547
210.4	0.0210638
210.6	0.0210729
210.8	0.0210819
211	0.021091
211.2	0.0211001
211.4	0.0211091
211.6	0.0211181
211.8	0.0211271
212	0.0211361
212.2	0.0211451
212.4	0.0211541
212.6	0.0211631
212.8	0.021172
213	0.021181
213.2	0.0211899
213.4	0.0211988
213.6	0.0212077
213.8	0.0212166
214	0.0212255
214.2	0.0212343
214.4	0.0212432
214.6	0.021252
214.8	0.0212609
215	0.0212697
215.2	0.0212785
215.4	0.0212873
215.6	0.0212961
215.8	0.0213049
216	0.0213136
216.2	0.0213224
216.4	0.0213311
216.6	0.0213398
216.8	0.0213485
217	0.0213572
217.2	0.0213659
217.4	0.0213746
217.6	0.0213833
217.8	0.0213919
218	0.0214006
218.2	0.0214092
218.4	0.0214178
218.6	0.0214264
218.8	0.021435
219	0.0214436
219.2	0.0214522
219.4	0.0214607
219.6	0.0214693
219.8	0.0214778
220	0.0214863
220.2	0.0214949
220.4	0.0215034
220.6	0.0215118
220.8	0.0215203
221	0.0215288
221.2	0.0215373
221.4	0.0215457
221.6	0.0215541
221.8	0.0215626
222	0.021571
222.2	0.0215794
222.4	0.0215878
222.6	0.0215961
222.8	0.0216045
223	0.0216128
223.2	0.0216212
223.4	0.0216295
223.6	0.0216378
223.8	0.0216461
224	0.0216544
224.2	0.0216627
224.4	0.021671
224.6	0.0216793
224.8	0.0216875
225	0.0216958
225.2	0.021704
225.4	0.0217122
225.6	0.0217204
225.8	0.0217286
226	0.0217368
226.2	0.021745
226.4	0.0217531
226.6	0.0217613
226.8	0.0217694
227	0.0217776
227.2	0.0217857
227.4	0.0217938
227.6	0.0218019
227.8	0.02181
228	0.021818
228.2	0.0218261
228.4	0.0218342
228.6	0.0218422
228.8	0.0218502
229	0.0218583
229.2	0.0218663
229.4	0.0218743
229.6	0.0218822
229.8	0.0218902
230	0.0218982
230.2	0.0219061
230.4	0.0219141
230.6	0.021922
230.8	0.0219299
231	0.0219379
231.2	0.0219458
231.4	0.0219537
231.6	0.0219615
231.8	0.0219694
232	0.0219773
232.2	0.0219851
232.4	0.0219929
232.6	0.0220008
232.8	0.0220086
233	0.0220164
233.2	0.0220242
233.4	0.022032
233.6	0.0220397
233.8	0.0220475
234	0.0220553
234.2	0.022063
234.4	0.0220707
234.6	0.0220785
234.8	0.0220862
235	0.0220939
235.2	0.0221016
235.4	0.0221092
235.6	0.0221169
235.8	0.0221246
236	0.0221322
236.2	0.0221398
236.4	0.0221475
236.6	0.0221551
236.8	0.0221627
237	0.0221703
237.2	0.0221779
237.4	0.0221854
237.6	0.022193
237.8	0.0222006
238	0.0222081
238.2	0.0222156
238.4	0.0222232
238.6	0.0222307
238.8	0.0222382
239	0.0222457
239.2	0.0222532
239.4	0.0222606
239.6	0.0222681
239.8	0.0222756
240	0.022283
240.2	0.0222904
240.4	0.0222978
240.6	0.0223053
240.8	0.0223127
241	0.0223201
241.2	0.0223274
241.4	0.0223348
241.6	0.0223422
241.8	0.0223495
242	0.0223569
242.2	0.0223642
242.4	0.0223715
242.6	0.0223788
242.8	0.0223861
243	0.0223934
243.2	0.0224007
243.4	0.022408
243.6	0.0224152
243.8	0.0224225
244	0.0224297
244.2	0.022437
244.4	0.0224442
244.6	0.0224514
244.8	0.0224586
245	0.0224658
245.2	0.022473
245.4	0.0224802
245.6	0.0224873
245.8	0.0224945
246	0.0225016
246.2	0.0225088
246.4	0.0225159
246.6	0.022523
246.8	0.0225301
247	0.0225372
247.2	0.0225443
247.4	0.0225514
247.6	0.0225584
247.8	0.0225655
248	0.0225725
248.2	0.0225796
248.4	0.0225866
248.6	0.0225936
248.8	0.0226006
249	0.0226076
249.2	0.0226146
249.4	0.0226216
249.6	0.0226286
249.8	0.0226356
250	0.0226425
250.2	0.0226495
250.4	0.0226564
250.6	0.0226633
250.8	0.0226702
251	0.0226771
251.2	0.022684
251.4	0.0226909
251.6	0.0226978
251.8	0.0227047
252	0.0227115
252.2	0.0227184
252.4	0.0227252
252.6	0.022732
252.8	0.0227389
253	0.0227457
253.2	0.0227525
253.4	0.0227593
253.6	0.0227661
253.8	0.0227728
254	0.0227796
254.2	0.0227864
254.4	0.0227931
254.6	0.0227999
254.8	0.0228066
255	0.0228133
255.2	0.02282
255.4	0.0228267
255.6	0.0228334
255.8	0.0228401
256	0.0228468
256.2	0.0228534
256.4	0.0228601
256.6	0.0228667
256.8	0.0228734
257	0.02288
257.2	0.0228866
257.4	0.0228932
257.6	0.0228998
257.8	0.0229064
258	0.022913
258.2	0.0229196
258.4	0.0229262
258.6	0.0229327
258.8	0.0229393
259	0.0229458
259.2	0.0229523
259.4	0.0229589
259.6	0.0229654
259.8	0.0229719
260	0.0229784
260.2	0.0229849
260.4	0.0229913
260.6	0.0229978
260.8	0.0230043
261	0.0230107
261.2	0.0230172
261.4	0.0230236
261.6	0.02303
261.8	0.0230365
262	0.0230429
262.2	0.0230493
262.4	0.0230556
262.6	0.023062
262.8	0.0230684
263	0.0230748
263.2	0.0230811
263.4	0.0230875
263.6	0.0230938
263.8	0.0231001
264	0.0231065
264.2	0.0231128
264.4	0.0231191
264.6	0.0231254
264.8	0.0231317
265	0.0231379
265.2	0.0231442
265.4	0.0231505
265.6	0.0231567
265.8	0.023163
266	0.0231692
266.2	0.0231754
266.4	0.0231817
266.6	0.0231879
266.8	0.0231941
267	0.0232003
267.2	0.0232064
267.4	0.0232126
267.6	0.0232188
267.8	0.0232249
268	0.0232311
268.2	0.0232372
268.4	0.0232434
268.6	0.0232495
268.8	0.0232556
269	0.0232617
269.2	0.0232678
269.4	0.0232739
269.6	0.02328
269.8	0.0232861
270	0.0232922
270.2	0.0232982
270.4	0.0233043
270.6	0.0233103
270.8	0.0233164
271	0.0233224
271.2	0.0233284
271.4	0.0233344
271.6	0.0233404
271.8	0.0233464
272	0.0233524
272.2	0.0233584
272.4	0.0233643
272.6	0.0233703
272.8	0.0233763
273	0.0233822
273.2	0.0233881
273.4	0.0233941
273.6	0.0234
273.8	0.0234059
274	0.0234118
274.2	0.0234177
274.4	0.0234236
274.6	0.0234295
274.8	0.0234354
275	0.0234412
275.2	0.0234471
275.4	0.0234529
275.6	0.0234588
275.8	0.0234646
276	0.0234704
276.2	0.0234762
276.4	0.0234821
276.6	0.0234879
276.8	0.0234936
277	0.0234994
277.2	0.0235052
277.4	0.023511
277.6	0.0235167
277.8	0.0235225
278	0.0235282
278.2	0.023534
278.4	0.0235397
278.6	0.0235454
278.8	0.0235512
279	0.0235569
279.2	0.0235626
279.4	0.0235683
279.6	0.0235739
279.8	0.0235796
280	0.0235853
280.2	0.0235909
280.4	0.0235966
280.6	0.0236022
280.8	0.0236079
281	0.0236135
281.2	0.0236191
281.4	0.0236248
281.6	0.0236304
281.8	0.023636
282	0.0236416
282.2	0.0236471
282.4	0.0236527
282.6	0.0236583
282.8	0.0236638
283	0.0236694
283.2	0.0236749
283.4	0.0236805
283.6	0.023686
283.8	0.0236915
284	0.0236971
284.2	0.0237026
284.4	0.0237081
284.6	0.0237136
284.8	0.023719
285	0.0237245
285.2	0.02373
285.4	0.0237355
285.6	0.0237409
285.8	0.0237464
286	0.0237518
286.2	0.0237572
286.4	0.0237627
286.6	0.0237681
286.8	0.0237735
287	0.0237789
287.2	0.0237843
287.4	0.0237897
287.6	0.0237951
287.8	0.0238005
288	0.0238058
288.2	0.0238112
288.4	0.0238165
288.6	0.0238219
288.8	0.0238272
289	0.0238326
289.2	0.0238379
289.4	0.0238432
289.6	0.0238485
289.8	0.0238538
290	0.0238591
290.2	0.0238644
290.4	0.0238697
290.6	0.023875
290.8	0.0238802
291	0.0238855
291.2	0.0238907
291.4	0.023896
291.6	0.0239012
291.8	0.0239064
292	0.0239117
292.2	0.0239169
292.4	0.0239221
292.6	0.0239273
292.8	0.0239325
293	0.0239377
293.2	0.0239429
293.4	0.023948
293.6	0.0239532
293.8	0.0239584
294	0.0239635
294.2	0.0239687
294.4	0.0239738
294.6	0.0239789
294.8	0.0239841
295	0.0239892
295.2	0.0239943
295.4	0.0239994
295.6	0.0240045
295.8	0.0240096
296	0.0240147
296.2	0.0240197
296.4	0.0240248
296.6	0.0240299
296.8	0.0240349
297	0.02404
297.2	0.024045
297.4	0.0240501
297.6	0.0240551
297.8	0.0240601
298	0.0240651
298.2	0.0240701
298.4	0.0240751
298.6	0.0240801
298.8	0.0240851
299	0.0240901
299.2	0.0240951
299.4	0.0241
299.6	0.024105
299.8	0.0241099
300	0.0241149
300.2	0.0241227
300.4	0.0241344
300.6	0.02415
300.8	0.0241695
301	0.024193
301.2	0.0242205
301.4	0.0242523
301.6	0.0242882
301.8	0.0243286
302	0.0243736
302.2	0.0244232
302.4	0.0244778
302.6	0.0245374
302.8	0.0246023
303	0.0246727
303.2	0.0247489
303.4	0.0248311
303.6	0.0249195
303.8	0.0250146
304	0.0251167
304.2	0.0252261
304.4	0.0253433
304.6	0.025469
304.8	0.0256039
305	0.0257491
305.2	0.0259063
305.4	0.0260782
305.6	0.0262696
305.8	0.0264911
306	0.0267742
306.2	0.0273268
306.4	0.0362351
306.6	0.0677993
306.8	0.0908274
307	0.0993444
307.2	0.101702
307.4	0.10233
307.6	0.102465
307.8	0.102471
308	0.102436
308.2	0.102385
308.4	0.10233
308.6	0.102276
308.8	0.102226
309	0.10218
309.2	0.10214
309.4	0.102106
309.6	0.102078
309.8	0.102057
310	0.102041
310.2	0.102032
310.4	0.102029
310.6	0.102032
310.8	0.102041
311	0.102057
311.2	0.10208
311.4	0.102109
311.6	0.102144
311.8	0.102187
312	0.102237
312.2	0.102295
312.4	0.10236
312.6	0.102434
312.8	0.102517
313	0.10261
313.2	0.102714
313.4	0.102832
313.6	0.102967
313.8	0.103129
314	0.10334
314.2	0.103708
314.4	0.107157
314.6	0.13249
314.8	0.156569
315	0.166614
315.2	0.16947
315.4	0.170211
315.6	0.170352
315.8	0.17032
316	0.17023
316.2	0.170114
316.4	0.16999
316.6	0.169866
316.8	0.169745
317	0.169631
317.2	0.169524
317.4	0.169425
317.6	0.169333
317.8	0.169249
318	0.169172
318.2	0.169102
318.4	0.169039
318.6	0.168984
318.8	0.168935
319	0.168894
319.2	0.168859
319.4	0.168832
319.6	0.168811
319.8	0.168797
320	0.16879
320.2	0.16879
320.4	0.168798
320.6	0.168814
320.8	0.168837
321	0.168869
321.2	0.16891
321.4	0.168961
321.6	0.169024
321.8	0.169102
322	0.1692
322.2	0.16933
322.4	0.169531
322.6	0.170147
322.8	0.181842
323	0.208294
323.2	0.224297
323.4	0.229607
323.6	0.231017
323.8	0.231334
324	0.231323
324.2	0.231206
324.4	0.231042
324.6	0.230858
324.8	0.230669
325	0.230483
325.2	0.230303
325.4	0.230131
325.6	0.229968
325.8	0.229814
326	0.229668
326.2	0.229531
326.4	0.229403
326.6	0.229282
326.8	0.22917
327	0.229065
327.2	0.228968
327.4	0.228878
327.6	0.228795
327.8	0.22872
328	0.228652
328.2	0.228591
328.4	0.228536
328.6	0.228489
328.8	0.228449
329	0.228417
329.2	0.228392
329.4	0.228374
329.6	0.228365
329.8	0.228365
330	0.228375
330.2	0.228397
330.4	0.228433
330.6	0.228489
330.8	0.228578
331	0.22874
331.2	0.229378
331.4	0.241758
331.6	0.266257
331.8	0.280325
332	0.284883
332.2	0.286074
332.4	0.286308
332.6	0.286246
332.8	0.286077
333	0.285857
333.2	0.285615
333.4	0.285368
333.6	0.285124
333.8	0.284887
334	0.28466
334.2	0.284442
334.4	0.284235
334.6	0.284037
334.8	0.28385
335	0.283671
335.2	0.283502
335.4	0.283341
335.6	0.283188
335.8	0.283044
336	0.282907
336.2	0.282778
336.4	0.282656
336.6	0.282542
336.8	0.282435
337	0.282335
337.2	0.282242
337.4	0.282156
337.6	0.282077
337.8	0.282006
338	0.281941
338.2	0.281884
338.4	0.281835
338.6	0.281795
338.8	0.281764
339	0.281743
339.2	0.281735
339.4	0.281745
339.6	0.28178
339.8	0.281865
340	0.28214
340.2	0.28714
340.4	0.309092
340.6	0.326235
340.8	0.332698
341	0.334453
341.2	0.334838
341.4	0.334804
341.6	0.334624
341.8	0.334372
342	0.334086
342.2	0.333789
342.4	0.333493
342.6	0.333203
342.8	0.332923
343	0.332654
343.2	0.332397
343.4	0.33215
343.6	0.331913
343.8	0.331687
344	0.331471
344.2	0.331264
344.4	0.331066
344.6	0.330877
344.8	0.330696
345	0.330523
345.2	0.330358
345.4	0.3302
345.6	0.33005
345.8	0.329907
346	0.329771
346.2	0.329643
346.4	0.329521
346.6	0.329406
346.8	0.329298
347	0.329197
347.2	0.329103
347.4	0.329017
347.6	0.328938
347.8	0.328868
348	0.328808
348.2	0.328759
348.4	0.328723
348.6	0.328707
348.8	0.328722
349	0.328809
349.2	0.329392
349.4	0.341126
349.6	0.362294
349.8	0.37401
350	0.377738
350.2	0.37868
350.4	0.378809
350.6	0.378669
350.8	0.378417
351	0.378104
351.2	0.377764
351.4	0.377418
351.6	0.377076
351.8	0.376742
352	0.37642
352.2	0.37611
352.4	0.375812
352.6	0.375526
352.8	0.375251
353	0.374986
353.2	0.374733
353.4	0.374488
353.6	0.374254
353.8	0.374028
354	0.373811
354.2	0.373602
354.4	0.373402
354.6	0.373209
354.8	0.373023
355	0.372845
355.2	0.372674
355.4	0.37251
355.6	0.372353
355.8	0.372203
356	0.372059
356.2	0.371922
356.4	0.371792
356.6	0.371669
356.8	0.371554
357	0.371446
357.2	0.371346
357.4	0.371256
357.6	0.371177
357.8	0.371111
358	0.371064
358.2	0.371047
358.4	0.3711
358.6	0.371642
358.8	0.382837
359	0.402641
359.2	0.413519
359.4	0.416966
359.6	0.417823
359.8	0.417913
360	0.417743
360.2	0.417455
360.4	0.417103
360.6	0.416722
360.8	0.416333
361	0.415949
361.2	0.415574
361.4	0.415212
361.6	0.414862
361.8	0.414525
362	0.4142
362.2	0.413887
362.4	0.413586
362.6	0.413296
362.8	0.413016
363	0.412746
363.2	0.412485
363.4	0.412233
363.6	0.41199
363.8	0.411755
364	0.411528
364.2	0.411309
364.4	0.411098
364.6	0.410893
364.8	0.410696
365	0.410505
365.2	0.410321
365.4	0.410144
365.6	0.409974
365.8	0.40981
366	0.409652
366.2	0.409502
366.4	0.409358
366.6	0.409222
366.8	0.409094
367	0.408975
367.2	0.408866
367.4	0.408769
367.6	0.40869
367.8	0.408635
368	0.408634
368.2	0.408874
368.4	0.41534
368.6	0.434061
368.8	0.44651
369	0.450831
369.2	0.451943
369.4	0.452104
369.6	0.451948
369.8	0.451653
370	0.45128
370.2	0.450869
370.4	0.450446
370.6	0.450025
370.8	0.449613
371	0.449213
371.2	0.448826
371.4	0.448452
371.6	0.448092
371.8	0.447745
372	0.447409
372.2	0.447085
372.4	0.446772
372.6	0.446469
372.8	0.446176
373	0.445892
373.2	0.445618
373.4	0.445352
373.6	0.445094
373.8	0.444844
374	0.444601
374.2	0.444366
374.4	0.444138
374.6	0.443917
374.8	0.443703
375	0.443496
375.2	0.443295
375.4	0.4431
375.6	0.442912
375.8	0.44273
376	0.442555
376.2	0.442387
376.4	0.442226
376.6	0.442072
376.8	0.441927
377	0.441791
377.2	0.441667
377.4	0.441557
377.6	0.441469
377.8	0.44142
378	0.441496
378.2	0.44389
378.4	0.460221
378.6	0.47499
378.8	0.48105
379	0.482728
379.2	0.483055
379.4	0.482947
379.6	0.482664
379.8	0.482281
380	0.481845
380.2	0.481388
380.4	0.480929
380.6	0.480478
380.8	0.480039
381	0.479614
381.2	0.479203
381.4	0.478806
381.6	0.478422
381.8	0.478051
382	0.477692
382.2	0.477345
382.4	0.477009
382.6	0.476683
382.8	0.476367
383	0.476061
383.2	0.475764
383.4	0.475475
383.6	0.475194
383.8	0.474921
384	0.474656
384.2	0.474398
384.4	0.474148
384.6	0.473904
384.8	0.473666
385	0.473436
385.2	0.473211
385.4	0.472993
385.6	0.472782
385.8	0.472576
386	0.472377
386.2	0.472185
386.4	0.471999
386.6	0.471821
386.8	0.47165
387	0.471488
387.2	0.471336
387.4	0.471196
387.6	0.471073
387.8	0.470976
388	0.470937
388.2	0.47121
388.4	0.47897
388.6	0.495921
388.8	0.50604
389	0.509382
389.2	0.510203
389.4	0.510256
389.6	0.510035
389.8	0.509678
390	0.50924
390.2	0.508762
390.4	0.508274
390.6	0.507788
390.8	0.507313
391	0.506851
391.2	0.506404
391.4	0.505971
391.6	0.505553
391.8	0.505148
392	0.504756
392.2	0.504376
392.4	0.504009
392.6	0.503652
392.8	0.503305
393	0.502969
393.2	0.502642
393.4	0.502324
393.6	0.502015
393.8	0.501714
394	0.50142
394.2	0.501135
394.4	0.500856
394.6	0.500585
394.8	0.50032
395	0.500063
395.2	0.499811
395.4	0.499566
395.6	0.499327
395.8	0.499094
396	0.498868
396.2	0.498647
396.4	0.498433
396.6	0.498225
396.8	0.498025
397	0.497831
397.2	0.497645
397.4	0.497468
397.6	0.497302
397.8	0.49715
398	0.497016
398.2	0.496917
398.4	0.496909
398.6	0.498059
398.8	0.511065
399	0.52534
399.2	0.53173
399.4	0.533553
399.6	0.533913
399.8	0.533803
400	0.5335
400.2	0.533082
400.4	0.5326
400.6	0.532092
400.8	0.531579
401	0.531072
401.2	0.530578
401.4	0.530098
401.6	0.529634
401.8	0.529184
402	0.528748
402.2	0.528327
402.4	0.527918
402.6	0.527521
402.8	0.527137
403	0.526763
403.2	0.526399
403.4	0.526046
403.6	0.525702
403.8	0.525367
404	0.52504
404.2	0.524722
404.4	0.524411
404.6	0.524109
404.8	0.523813
405	0.523524
405.2	0.523242
405.4	0.522967
405.6	0.522698
405.8	0.522435
406	0.522178
406.2	0.521927
406.4	0.521683
406.6	0.521444
406.8	0.521212
407	0.520985
407.2	0.520765
407.4	0.520553
407.6	0.520347
407.8	0.52015
408	0.519962
408.2	0.519786
408.4	0.519626
408.6	0.519491
408.8	0.519406
409	0.519562
409.2	0.525538
409.4	0.540888
409.6	0.550622
409.8	0.553926
410	0.554736
410.2	0.554775
410.4	0.554534
410.6	0.554147
410.8	0.553669
411	0.553147
411.2	0.552611
411.4	0.552077
411.6	0.551554
411.8	0.551044
412	0.55055
412.2	0.550071
412.4	0.549607
412.6	0.549158
412.8	0.548722
413	0.548299
413.2	0.547888
413.4	0.547489
413.6	0.547101
413.8	0.546723
414	0.546356
414.2	0.545997
414.4	0.545648
414.6	0.545306
414.8	0.544973
415	0.544648
415.2	0.544331
415.4	0.54402
415.6	0.543716
415.8	0.543419
416	0.543129
416.2	0.542844
416.4	0.542566
416.6	0.542294
416.8	0.542028
417	0.541768
417.2	0.541514
417.4	0.541265
417.6	0.541023
417.8	0.540787
418	0.540557
418.2	0.540335
418.4	0.54012
418.6	0.539915
418.8	0.53972
419	0.539539
419.2	0.539377
419.4	0.539251
419.6	0.539233
419.8	0.541006
420	0.55432
420.2	0.566668
420.4	0.571803
420.6	0.573216
420.8	0.573445
421	0.573274
421.2	0.572923
421.4	0.572456
421.6	0.571927
421.8	0.571372
422	0.570813
422.2	0.570263
422.4	0.569726
422.6	0.569205
422.8	0.568699
423	0.568209
423.2	0.567733
423.4	0.567273
423.6	0.566825
423.8	0.566391
424	0.565969
424.2	0.565558
424.4	0.565158
424.6	0.564768
424.8	0.564388
425	0.564017
425.2	0.563655
425.4	0.563302
425.6	0.562957
425.8	0.562619
426	0.562288
426.2	0.561965
426.4	0.561648
426.6	0.561338
426.8	0.561035
427	0.560737
427.2	0.560446
427.4	0.560161
427.6	0.559881
427.8	0.559608
428	0.55934
428.2	0.559077
428.4	0.558821
428.6	0.558571
428.8	0.558327
429	0.558091
429.2	0.557861
429.4	0.55764
429.6	0.557429
429.8	0.557231
430	0.557049
430.2	0.556897
430.4	0.556813
430.6	0.557301
430.8	0.566721
431	0.580091
431.2	0.586772
431.4	0.588769
431.6	0.589178
431.8	0.58907
432	0.588749
432.2	0.588297
432.4	0.587766
432.6	0.587201
432.8	0.586627
433	0.586059
433.2	0.585503
433.4	0.584962
433.6	0.584437
433.8	0.583928
434	0.583435
434.2	0.582956
434.4	0.582491
434.6	0.582039
434.8	0.581599
435	0.581171
435.2	0.580755
435.4	0.580348
435.6	0.579952
435.8	0.579565
436	0.579188
436.2	0.578818
436.4	0.578457
436.6	0.578104
436.8	0.577758
437	0.57742
437.2	0.577088
437.4	0.576763
437.6	0.576445
437.8	0.576132
438	0.575826
438.2	0.575526
438.4	0.575231
438.6	0.574942
438.8	0.574659
439	0.574382
439.2	0.57411
439.4	0.573844
439.6	0.573585
439.8	0.573331
440	0.573085
440.2	0.572845
440.4	0.572615
440.6	0.572394
440.8	0.572186
441	0.571996
441.2	0.571836
441.4	0.571753
441.6	0.572452
441.8	0.582696
442	0.595147
442.2	0.600964
442.4	0.602641
442.6	0.602949
442.8	0.602801
443	0.602454
443.2	0.601979
443.4	0.60143
443.6	0.600848
443.8	0.60026
444	0.599678
444.2	0.599109
444.4	0.598555
444.6	0.598017
444.8	0.597496
445	0.59699
445.2	0.596499
445.4	0.596022
445.6	0.595558
445.8	0.595106
446	0.594666
446.2	0.594238
446.4	0.59382
446.6	0.593412
446.8	0.593014
447	0.592625
447.2	0.592244
447.4	0.591872
447.6	0.591507
447.8	0.59115
448	0.5908
448.2	0.590457
448.4	0.59012
448.6	0.58979
448.8	0.589466
449	0.589149
449.2	0.588837
449.4	0.588531
449.6	0.58823
449.8	0.587935
450	0.587646
450.2	0.587363
450.4	0.587085
450.6	0.586813
450.8	0.586547
451	0.586288
451.2	0.586035
451.4	0.585791
451.6	0.585555
451.8	0.58533
452	0.58512
452.2	0.584932
452.4	0.584786
452.6	0.584805
452.8	0.588534
453	0.601526
453.2	0.61075
453.4	0.614055
453.6	0.614873
453.8	0.614902
454	0.614639
454.2	0.614216
454.4	0.613689
454.6	0.613108
454.8	0.612508
455	0.611908
455.2	0.611318
455.4	0.610743
455.6	0.610184
455.8	0.609642
456	0.609115
456.2	0.608604
456.4	0.608107
456.6	0.607625
456.8	0.607155
457	0.606697
457.2	0.606252
457.4	0.605817
457.6	0.605392
457.8	0.604978
458	0.604573
458.2	0.604177
458.4	0.603789
458.6	0.603409
458.8	0.603037
459	0.602673
459.2	0.602315
459.4	0.601965
459.6	0.601621
459.8	0.601283
460	0.600951
460.2	0.600626
460.4	0.600306
460.6	0.599992
460.8	0.599683
461	0.59938
461.2	0.599083
461.4	0.598791
461.6	0.598505
461.8	0.598224
462	0.59795
462.2	0.597682
462.4	0.59742
462.6	0.597167
462.8	0.596922
463	0.596687
463.2	0.596467
463.4	0.596267
463.6	0.596104
463.8	0.59607
464	0.598581
464.2	0.610935
464.4	0.620832
464.6	0.624636
464.8	0.625621
465	0.625705
465.2	0.625462
465.4	0.625048
465.6	0.62452
465.8	0.623931
466	0.623318
466.2	0.622703
466.4	0.622098
466.6	0.621508
466.8	0.620933
467	0.620375
467.2	0.619834
467.4	0.619308
467.6	0.618797
467.8	0.618301
468	0.617818
468.2	0.617347
468.4	0.616888
468.6	0.616441
468.8	0.616004
469	0.615577
469.2	0.61516
469.4	0.614752
469.6	0.614353
469.8	0.613962
470	0.613578
470.2	0.613202
470.4	0.612834
470.6	0.612472
470.8	0.612117
471	0.611768
471.2	0.611426
471.4	0.611089
471.6	0.610759
471.8	0.610434
472	0.610114
472.2	0.6098
472.4	0.609492
472.6	0.609189
472.8	0.608892
473	0.6086
473.2	0.608314
473.4	0.608034
473.6	0.60776
473.8	0.607494
474	0.607235
474.2	0.606985
474.4	0.606746
474.6	0.606522
474.8	0.606321
475	0.606166
475.2	0.606217
475.4	0.610925
475.6	0.623485
475.8	0.63155
476	0.634299
476.2	0.634944
476.4	0.63491
476.6	0.634612
476.8	0.634158
477	0.633603
477.2	0.632995
477.4	0.632371
477.6	0.631749
477.8	0.631137
478	0.630541
478.2	0.629961
478.4	0.629398
478.6	0.628852
478.8	0.628321
479	0.627804
479.2	0.627302
479.4	0.626813
479.6	0.626337
479.8	0.625873
480	0.625419
480.2	0.624977
480.4	0.624544
480.6	0.624121
480.8	0.623707
481	0.623301
481.2	0.622904
481.4	0.622514
481.6	0.622132
481.8	0.621757
482	0.621389
482.2	0.621027
482.4	0.620672
482.6	0.620323
482.8	0.61998
483	0.619642
483.2	0.61931
483.4	0.618984
483.6	0.618664
483.8	0.618348
484	0.618039
484.2	0.617734
484.4	0.617435
484.6	0.617142
484.8	0.616855
485	0.616574
485.2	0.616299
485.4	0.616033
485.6	0.615775
485.8	0.615527
486	0.615293
486.2	0.61508
486.4	0.614904
486.6	0.61486
486.8	0.617469
487	0.629321
487.2	0.638553
487.4	0.642042
487.6	0.642929
487.8	0.642978
488	0.642715
488.2	0.642282
488.4	0.641735
488.6	0.641127
488.8	0.640495
489	0.639862
489.2	0.639239
489.4	0.63863
489.6	0.638038
489.8	0.637463
490	0.636905
490.2	0.636362
490.4	0.635835
490.6	0.635321
490.8	0.634822
491	0.634335
491.2	0.63386
491.4	0.633397
491.6	0.632944
491.8	0.632502
492	0.632069
492.2	0.631646
492.4	0.631231
492.6	0.630825
492.8	0.630426
493	0.630035
493.2	0.629651
493.4	0.629274
493.6	0.628904
493.8	0.62854
494	0.628183
494.2	0.627831
494.4	0.627485
494.6	0.627145
494.8	0.626811
495	0.626482
495.2	0.626158
495.4	0.62584
495.6	0.625527
495.8	0.625219
496	0.624917
496.2	0.624621
496.4	0.62433
496.6	0.624047
496.8	0.62377
497	0.6235
497.2	0.62324
497.4	0.622992
497.6	0.622759
497.8	0.62255
498	0.622394
498.2	0.622534
498.4	0.628704
498.6	0.640748
498.8	0.647623
499	0.649833
499.2	0.650311
499.4	0.650215
499.6	0.649881
499.8	0.649395
500	0.648812
500.2	0.648182
500.4	0.647538
500.6	0.646897
500.8	0.646269
501	0.645656
501.2	0.64506
501.4	0.644482
501.6	0.64392
501.8	0.643373
502	0.642842
502.2	0.642326
502.4	0.641822
502.6	0.641332
502.8	0.640853
503	0.640385
503.2	0.639929
503.4	0.639482
503.6	0.639045
503.8	0.638617
504	0.638198
504.2	0.637787
504.4	0.637383
504.6	0.636988
504.8	0.636599
505	0.636218
505.2	0.635843
505.4	0.635474
505.6	0.635112
505.8	0.634755
506	0.634404
506.2	0.634059
506.4	0.63372
506.6	0.633385
506.8	0.633056
507	0.632733
507.2	0.632415
507.4	0.632102
507.6	0.631794
507.8	0.631493
508	0.631197
508.2	0.630907
508.4	0.630625
508.6	0.63035
508.8	0.630083
509	0.629828
509.2	0.629588
509.4	0.62937
509.6	0.629198
509.8	0.629237
510	0.6339
510.2	0.645756
510.4	0.653229
510.6	0.655752
510.8	0.656329
511	0.656268
511.2	0.65595
511.4	0.655475
511.6	0.654896
511.8	0.654265
512	0.653616
512.2	0.65297
512.4	0.652334
512.6	0.651715
512.8	0.651112
513	0.650526
513.2	0.649957
513.4	0.649404
513.6	0.648866
513.8	0.648343
514	0.647833
514.2	0.647336
514.4	0.64685
514.6	0.646377
514.8	0.645914
515	0.645461
515.2	0.645018
515.4	0.644584
515.6	0.644159
515.8	0.643742
516	0.643333
516.2	0.642931
516.4	0.642537
516.6	0.642149
516.8	0.641769
517	0.641394
517.2	0.641026
517.4	0.640664
517.6	0.640307
517.8	0.639957
518	0.639611
518.2	0.639271
518.4	0.638937
518.6	0.638608
518.8	0.638283
519	0.637965
519.2	0.637651
519.4	0.637344
519.6	0.637042
519.8	0.636746
520	0.636456
520.2	0.636174
520.4	0.6359
520.6	0.635637
520.8	0.635386
521	0.635154
521.2	0.634955
521.4	0.634855
521.6	0.636302
521.8	0.646957
522	0.656658
522.2	0.660658
522.4	0.661731
522.6	0.66184
522.8	0.661598
523	0.661174
523.2	0.660622
523.4	0.659999
523.6	0.659346
523.8	0.658689
524	0.658041
524.2	0.657407
524.4	0.65679
524.6	0.65619
524.8	0.655608
525	0.655042
525.2	0.654491
525.4	0.653956
525.6	0.653434
525.8	0.652926
526	0.65243
526.2	0.651946
526.4	0.651472
526.6	0.65101
526.8	0.650557
527	0.650114
527.2	0.64968
527.4	0.649254
527.6	0.648836
527.8	0.648426
528	0.648024
528.2	0.647628
528.4	0.647239
528.6	0.646857
528.8	0.646481
529	0.646111
529.2	0.645747
529.4	0.645389
529.6	0.645036
529.8	0.644689
530	0.644347
530.2	0.64401
530.4	0.643679
530.6	0.643353
530.8	0.643032
531	0.642716
531.2	0.642406
531.4	0.642102
531.6	0.641804
531.8	0.641513
532	0.641229
532.2	0.640953
532.4	0.640689
532.6	0.640438
532.8	0.640208
533	0.640018
533.2	0.639978
533.4	0.643098
533.6	0.654346
533.8	0.66241
534	0.665314
534.2	0.666014
534.4	0.665996
534.6	0.665697
534.8	0.665233
535	0.664656
535.2	0.664021
535.4	0.663365
535.6	0.662708
535.8	0.662061
536	0.66143
536.2	0.660816
536.4	0.660219
536.6	0.659638
536.8	0.659074
537	0.658526
537.2	0.657991
537.4	0.657471
537.6	0.656963
537.8	0.656468
538	0.655984
538.2	0.655511
538.4	0.655049
538.6	0.654596
538.8	0.654152
539	0.653717
539.2	0.653291
539.4	0.652873
539.6	0.652462
539.8	0.652058
540	0.651661
540.2	0.651272
540.4	0.650888
540.6	0.650511
540.8	0.650139
541	0.649774
541.2	0.649414
541.4	0.649059
541.6	0.64871
541.8	0.648367
542	0.648028
542.2	0.647695
542.4	0.647367
542.6	0.647044
542.8	0.646727
543	0.646415
543.2	0.646109
543.4	0.645809
543.6	0.645516
543.8	0.64523
544	0.644954
544.2	0.644688
544.4	0.644437
544.6	0.644208
544.8	0.644025
545	0.644052
545.2	0.648607
545.4	0.659994
545.6	0.667122
545.8	0.669519
546	0.670058
546.2	0.669981
546.4	0.669652
546.6	0.669164
546.8	0.668571
547	0.667925
547.2	0.667261
547.4	0.666599
547.6	0.665948
547.8	0.665313
548	0.664696
548.2	0.664095
548.4	0.663512
548.6	0.662945
548.8	0.662393
549	0.661856
549.2	0.661332
549.4	0.660821
549.6	0.660323
549.8	0.659836
550	0.65936
550.2	0.658894
550.4	0.658438
550.6	0.657992
550.8	0.657554
551	0.657124
551.2	0.656703
551.4	0.656289
551.6	0.655882
551.8	0.655482
552	0.655089
552.2	0.654702
552.4	0.654322
552.6	0.653947
552.8	0.653579
553	0.653215
553.2	0.652858
553.4	0.652506
553.6	0.652159
553.8	0.651817
554	0.65148
554.2	0.651149
554.4	0.650823
554.6	0.650502
554.8	0.650187
555	0.649877
555.2	0.649574
555.4	0.649277
555.6	0.648987
555.8	0.648707
556	0.648436
556.2	0.64818
556.4	0.647944
556.6	0.647747
556.8	0.647699
557	0.650718
557.2	0.661716
557.4	0.669628
557.6	0.672481
557.8	0.673167
558	0.673142
558.2	0.672839
558.4	0.672369
558.6	0.671786
558.8	0.671143
559	0.670479
559.2	0.669814
559.4	0.66916
559.6	0.668521
559.8	0.667898
560	0.667294
560.2	0.666706
560.4	0.666134
560.6	0.665578
560.8	0.665037
561	0.664509
561.2	0.663994
561.4	0.663492
561.6	0.663001
561.8	0.662521
562	0.662052
562.2	0.661592
562.4	0.661142
562.6	0.660701
562.8	0.660268
563	0.659842
563.2	0.659425
563.4	0.659015
563.6	0.658612
563.8	0.658215
564	0.657825
564.2	0.657442
564.4	0.657064
564.6	0.656692
564.8	0.656326
565	0.655965
565.2	0.655609
565.4	0.655259
565.6	0.654914
565.8	0.654574
566	0.654239
566.2	0.65391
566.4	0.653586
566.6	0.653267
566.8	0.652954
567	0.652647
567.2	0.652346
567.4	0.652053
567.6	0.651767
567.8	0.651492
568	0.651229
568.2	0.650985
568.4	0.650773
568.6	0.650653
568.8	0.651894
569	0.661928
569.2	0.671331
569.4	0.67526
569.6	0.676318
569.8	0.676422
570	0.676174
570.2	0.675742
570.4	0.675179
570.6	0.674541
570.8	0.673873
571	0.6732
571.2	0.672535
571.4	0.671885
571.6	0.671251
571.8	0.670636
572	0.670038
572.2	0.669456
572.4	0.66889
572.6	0.66834
572.8	0.667803
573	0.66728
573.2	0.66677
573.4	0.666271
573.6	0.665784
573.8	0.665307
574	0.664841
574.2	0.664384
574.4	0.663936
574.6	0.663496
574.8	0.663065
575	0.662642
575.2	0.662226
575.4	0.661817
575.6	0.661415
575.8	0.661019
576	0.66063
576.2	0.660247
576.4	0.65987
576.6	0.659499
576.8	0.659133
577	0.658772
577.2	0.658417
577.4	0.658067
577.6	0.657722
577.8	0.657382
578	0.657048
578.2	0.656718
578.4	0.656394
578.6	0.656076
578.8	0.655763
579	0.655457
579.2	0.655157
579.4	0.654864
579.6	0.654581
579.8	0.654308
580	0.65405
580.2	0.653814
580.4	0.653623
580.6	0.653638
580.8	0.658045
581	0.669125
581.2	0.676074
581.4	0.678412
581.6	0.678934
581.8	0.678849
582	0.678514
582.2	0.678019
582.4	0.677417
582.6	0.676761
582.8	0.676087
583	0.675415
583.2	0.674754
583.4	0.67411
583.6	0.673482
583.8	0.672873
584	0.67228
584.2	0.671703
584.4	0.671143
584.6	0.670596
584.8	0.670064
585	0.669544
585.2	0.669037
585.4	0.668542
585.6	0.668057
585.8	0.667583
586	0.667119
586.2	0.666664
586.4	0.666218
586.6	0.66578
586.8	0.66535
587	0.664928
587.2	0.664513
587.4	0.664105
587.6	0.663704
587.8	0.66331
588	0.662921
588.2	0.662539
588.4	0.662162
588.6	0.661791
588.8	0.661425
589	0.661065
589.2	0.66071
589.4	0.66036
589.6	0.660016
589.8	0.659676
590	0.659342
590.2	0.659012
590.4	0.658688
590.6	0.65837
590.8	0.658058
591	0.657752
591.2	0.657452
591.4	0.657161
591.6	0.656879
591.8	0.656609
592	0.656355
592.2	0.656128
592.4	0.655965
592.6	0.656327
592.8	0.663893
593	0.674155
593.2	0.679178
593.4	0.680647
593.6	0.680885
593.8	0.680693
594	0.680297
594.2	0.679758
594.4	0.679132
594.6	0.678467
594.8	0.677792
595	0.677122
595.2	0.676466
595.4	0.675827
595.6	0.675205
595.8	0.6746
596	0.674012
596.2	0.67344
596.4	0.672883
596.6	0.672341
596.8	0.671812
597	0.671295
597.2	0.670791
597.4	0.670298
597.6	0.669816
597.8	0.669344
598	0.668882
598.2	0.668429
598.4	0.667984
598.6	0.667548
598.8	0.66712
599	0.666699
599.2	0.666285
599.4	0.665878
599.6	0.665478
599.8	0.665084
600	0.664696
600.2	0.664314
600.4	0.663938
600.6	0.663568
600.8	0.663202
601	0.662842
601.2	0.662488
601.4	0.662138
601.6	0.661794
601.8	0.661454
602	0.66112
602.2	0.660791
602.4	0.660468
602.6	0.66015
602.8	0.659838
603	0.659533
603.2	0.659234
603.4	0.658944
603.6	0.658664
603.8	0.658396
604	0.658147
604.2	0.657931
604.4	0.657812
604.6	0.659186
604.8	0.669202
605	0.678261
605.2	0.681984
605.4	0.682973
605.6	0.683053
605.8	0.682793
606	0.682351
606.2	0.681779
606.4	0.681133
606.6	0.680456
606.8	0.679776
607	0.679104
607.2	0.678446
607.4	0.677806
607.6	0.677184
607.8	0.676579
608	0.675991
608.2	0.675418
608.4	0.674861
608.6	0.674319
608.8	0.673789
609	0.673272
609.2	0.672768
609.4	0.672274
609.6	0.671792
609.8	0.671319
610	0.670856
610.2	0.670402
610.4	0.669956
610.6	0.669519
610.8	0.66909
611	0.668668
611.2	0.668253
611.4	0.667846
611.6	0.667444
611.8	0.667049
612	0.66666
612.2	0.666277
612.4	0.6659
612.6	0.665528
612.8	0.665162
613	0.664801
613.2	0.664445
613.4	0.664094
613.6	0.663748
613.8	0.663408
614	0.663072
614.2	0.662742
614.4	0.662417
614.6	0.662098
614.8	0.661785
615	0.661478
615.2	0.661179
615.4	0.660887
615.6	0.660606
615.8	0.660337
616	0.660087
616.2	0.659869
616.4	0.659751
616.6	0.661182
616.8	0.671207
617	0.680157
617.2	0.683811
617.4	0.684777
617.6	0.684849
617.8	0.684586
618	0.684141
618.2	0.683565
618.4	0.682916
618.6	0.682238
618.8	0.681555
619	0.680881
619.2	0.680222
619.4	0.67958
619.6	0.678956
619.8	0.678349
620	0.67776
620.2	0.677186
620.4	0.676627
620.6	0.676082
620.8	0.675551
621	0.675033
621.2	0.674527
621.4	0.674031
621.6	0.673547
621.8	0.673073
622	0.672608
622.2	0.672152
622.4	0.671706
622.6	0.671267
622.8	0.670836
623	0.670412
623.2	0.669996
623.4	0.669587
623.6	0.669184
623.8	0.668787
624	0.668397
624.2	0.668012
624.4	0.667633
624.6	0.66726
624.8	0.666892
625	0.666529
625.2	0.666172
625.4	0.66582
625.6	0.665472
625.8	0.66513
626	0.664793
626.2	0.664461
626.4	0.664135
626.6	0.663814
626.8	0.663499
627	0.66319
627.2	0.662889
627.4	0.662595
627.6	0.662311
627.8	0.66204
628	0.661786
628.2	0.661563
628.4	0.661425
628.6	0.662365
628.8	0.671692
629	0.681043
629.2	0.685071
629.4	0.686171
629.6	0.686288
629.8	0.686044
630	0.685612
630.2	0.685045
630.4	0.684401
630.6	0.683723
630.8	0.683039
631	0.682364
631.2	0.681702
631.4	0.681058
631.6	0.680432
631.8	0.679823
632	0.679231
632.2	0.678654
632.4	0.678094
632.6	0.677547
632.8	0.677014
633	0.676493
633.2	0.675985
633.4	0.675488
633.6	0.675002
633.8	0.674526
634	0.674059
634.2	0.673602
634.4	0.673153
634.6	0.672713
634.8	0.67228
635	0.671855
635.2	0.671437
635.4	0.671026
635.6	0.670621
635.8	0.670223
636	0.669831
636.2	0.669445
636.4	0.669065
636.6	0.66869
636.8	0.66832
637	0.667956
637.2	0.667597
637.4	0.667243
637.6	0.666894
637.8	0.66655
638	0.666212
638.2	0.665878
638.4	0.66555
638.6	0.665227
638.8	0.664911
639	0.6646
639.2	0.664297
639.4	0.664001
639.6	0.663715
639.8	0.66344
640	0.663183
640.2	0.662953
640.4	0.662793
640.6	0.663286
640.8	0.671346
641	0.681147
641.2	0.685724
641.4	0.687027
641.6	0.687211
641.8	0.686995
642	0.686583
642.2	0.68603
642.4	0.685394
642.6	0.68472
642.8	0.684038
643	0.683362
643.2	0.6827
643.4	0.682055
643.6	0.681427
643.8	0.680817
644	0.680224
644.2	0.679646
644.4	0.679084
644.6	0.678536
644.8	0.678002
645	0.677481
645.2	0.676971
645.4	0.676473
645.6	0.675986
645.8	0.675508
646	0.675041
646.2	0.674582
646.4	0.674133
646.6	0.673691
646.8	0.673257
647	0.672831
647.2	0.672412
647.4	0.672
647.6	0.671595
647.8	0.671196
648	0.670803
648.2	0.670415
648.4	0.670034
648.6	0.669658
648.8	0.669288
649	0.668922
649.2	0.668562
649.4	0.668207
649.6	0.667857
649.8	0.667513
650	0.667173
650.2	0.666838
650.4	0.666509
650.6	0.666186
650.8	0.665868
651	0.665556
651.2	0.665251
651.4	0.664954
651.6	0.664667
651.8	0.664391
652	0.664131
652.2	0.663898
652.4	0.663727
652.6	0.664053
652.8	0.67134
653	0.681415
653.2	0.686388
653.4	0.687848
653.6	0.688084
653.8	0.687889
654	0.68749
654.2	0.686946
654.4	0.686313
654.6	0.68564
654.8	0.684956
655	0.684279
655.2	0.683614
655.4	0.682966
655.6	0.682336
655.8	0.681723
656	0.681128
656.2	0.680548
656.4	0.679983
656.6	0.679433
656.8	0.678897
657	0.678374
657.2	0.677862
657.4	0.677362
657.6	0.676873
657.8	0.676394
658	0.675925
658.2	0.675465
658.4	0.675013
658.6	0.67457
658.8	0.674135
659	0.673707
659.2	0.673287
659.4	0.672874
659.6	0.672467
659.8	0.672066
660	0.671672
660.2	0.671283
660.4	0.670901
660.6	0.670523
660.8	0.670152
661	0.669785
661.2	0.669424
661.4	0.669068
661.6	0.668717
661.8	0.66837
662	0.66803
662.2	0.667694
662.4	0.667363
662.6	0.667038
662.8	0.666719
663	0.666406
663.2	0.666099
663.4	0.665801
663.6	0.665511
663.8	0.665232
664	0.664969
664.2	0.66473
664.4	0.664545
664.6	0.664679
664.8	0.670652
665	0.681236
665.2	0.687049
665.4	0.688871
665.6	0.689228
665.8	0.68908
666	0.688707
666.2	0.68818
666.4	0.687554
666.6	0.68688
666.8	0.686193
667	0.685509
667.2	0.684838
667.4	0.684184
667.6	0.683547
667.8	0.682928
668	0.682326
668.2	0.681741
668.4	0.681171
668.6	0.680616
668.8	0.680075
669	0.679547
669.2	0.679031
669.4	0.678526
669.6	0.678033
669.8	0.67755
670	0.677077
670.2	0.676614
670.4	0.676159
670.6	0.675713
670.8	0.675274
671	0.674843
671.2	0.67442
671.4	0.674004
671.6	0.673594
671.8	0.673191
672	0.672794
672.2	0.672403
672.4	0.672017
672.6	0.671638
672.8	0.671263
673	0.670894
673.2	0.670531
673.4	0.670172
673.6	0.669819
673.8	0.66947
674	0.669127
674.2	0.668788
674.4	0.668455
674.6	0.668128
674.8	0.667806
675	0.66749
675.2	0.66718
675.4	0.666878
675.6	0.666584
675.8	0.666301
676	0.666031
676.2	0.665781
676.4	0.66557
676.6	0.665498
676.8	0.668237
677	0.678652
677.2	0.686254
677.4	0.689017
677.6	0.689679
677.8	0.689644
678	0.689331
678.2	0.68885
678.4	0.688252
678.6	0.687592
678.8	0.686909
679	0.686225
679.2	0.685552
679.4	0.684894
679.6	0.684254
679.8	0.683631
680	0.683025
680.2	0.682436
680.4	0.681863
680.6	0.681304
680.8	0.68076
681	0.680229
681.2	0.67971
681.4	0.679203
681.6	0.678707
681.8	0.678222
682	0.677746
682.2	0.67728
682.4	0.676823
682.6	0.676375
682.8	0.675934
683	0.675502
683.2	0.675076
683.4	0.674658
683.6	0.674247
683.8	0.673842
684	0.673443
684.2	0.67305
684.4	0.672663
684.6	0.672282
684.8	0.671906
685	0.671535
685.2	0.67117
685.4	0.67081
685.6	0.670455
685.8	0.670105
686	0.66976
686.2	0.66942
686.4	0.669086
686.6	0.668756
686.8	0.668432
687	0.668115
687.2	0.667803
687.4	0.667499
687.6	0.667203
687.8	0.666916
688	0.666642
688.2	0.666387
688.4	0.666163
688.6	0.666031
688.8	0.66723
689	0.676851
689.2	0.685818
689.4	0.689555
689.6	0.690554
689.8	0.690638
690	0.690378
690.2	0.689934
690.4	0.689357
690.6	0.688704
690.8	0.688019
691	0.68733
691.2	0.68665
691.4	0.685984
691.6	0.685335
691.8	0.684704
692	0.684091
692.2	0.683494
692.4	0.682914
692.6	0.682349
692.8	0.681798
693	0.681261
693.2	0.680737
693.4	0.680224
693.6	0.679723
693.8	0.679233
694	0.678753
694.2	0.678283
694.4	0.677821
694.6	0.677369
694.8	0.676924
695	0.676488
695.2	0.676059
695.4	0.675637
695.6	0.675222
695.8	0.674814
696	0.674412
696.2	0.674016
696.4	0.673626
696.6	0.673242
696.8	0.672863
697	0.67249
697.2	0.672122
697.4	0.671759
697.6	0.671401
697.8	0.671049
698	0.670701
698.2	0.670358
698.4	0.670021
698.6	0.669689
698.8	0.669362
699	0.669041
699.2	0.668726
699.4	0.668418
699.6	0.668118
699.8	0.667826
700	0.667546
700.2	0.667269
700.4	0.666993
700.6	0.666719
700.8	0.666448
701	0.666181
701.2	0.66592
701.4	0.665671
701.6	0.665442
701.8	0.665267
702	0.665484
702.2	0.671981
702.4	0.681918
702.6	0.68696
702.8	0.68846
703	0.688705
703.2	0.688504
703.4	0.688086
703.6	0.6875
703.8	0.686795
704	0.686019
704.2	0.685201
704.4	0.684359
704.6	0.6835
704.8	0.682629
705	0.681748
705.2	0.680857
705.4	0.679958
705.6	0.67905
705.8	0.678134
706	0.677211
706.2	0.67628
706.4	0.675342
706.6	0.674397
706.8	0.673445
707	0.672487
707.2	0.671522
707.4	0.670551
707.6	0.669574
707.8	0.668591
708	0.667602
708.2	0.666609
708.4	0.665609
708.6	0.664605
708.8	0.663596
709	0.662583
709.2	0.661564
709.4	0.660542
709.6	0.659515
709.8	0.658485
710	0.65745
710.2	0.656412
710.4	0.655371
710.6	0.654326
710.8	0.653278
711	0.652227
711.2	0.651173
711.4	0.650116
711.6	0.649057
711.8	0.647995
712	0.646931
712.2	0.645865
712.4	0.644797
712.6	0.643727
712.8	0.642655
713	0.641582
713.2	0.640507
713.4	0.63943
713.6	0.638353
713.8	0.637274
714	0.636194
714.2	0.635112
714.4	0.634031
714.6	0.632948
714.8	0.631864
715	0.63078
715.2	0.629696
715.4	0.628611
715.6	0.627525
715.8	0.62644
716	0.625354
716.2	0.624268
716.4	0.623182
716.6	0.622097
716.8	0.621011
717	0.619925
717.2	0.61884
717.4	0.617755
717.6	0.616671
717.8	0.615587
718	0.614503
718.2	0.61342
718.4	0.612338
718.6	0.611257
718.8	0.610176
719	0.609096
719.2	0.608017
719.4	0.606938
719.6	0.605861
719.8	0.604785
720	0.603709
720.2	0.602635
720.4	0.601562
720.6	0.60049
720.8	0.599419
721	0.59835
721.2	0.597281
721.4	0.596214
721.6	0.595149
721.8	0.594085
722	0.593022
722.2	0.59196
722.4	0.5909
722.6	0.589842
722.8	0.588785
723	0.58773
723.2	0.586676
723.4	0.585624
723.6	0.584573
723.8	0.583524
724	0.582477
724.2	0.581431
724.4	0.580387
724.6	0.579345
724.8	0.578304
725	0.577265
725.2	0.576228
725.4	0.575193
725.6	0.57416
725.8	0.573128
726	0.572098
726.2	0.571071
726.4	0.570044
726.6	0.56902
726.8	0.567998
727	0.566978
727.2	0.565959
727.4	0.564942
727.6	0.563928
727.8	0.562915
728	0.561904
728.2	0.560895
728.4	0.559889
728.6	0.558884
728.8	0.557881
729	0.55688
729.2	0.555881
729.4	0.554884
729.6	0.553889
729.8	0.552896
730	0.551905
730.2	0.550916
730.4	0.549929
730.6	0.548944
730.8	0.547961
731	0.54698
731.2	0.546001
731.4	0.545025
731.6	0.54405
731.8	0.543077
732	0.542106
732.2	0.541138
732.4	0.540171
732.6	0.539206
732.8	0.538244
733	0.537283
733.2	0.536325
733.4	0.535369
733.6	0.534414
733.8	0.533462
734	0.532512
734.2	0.531564
734.4	0.530617
734.6	0.529673
734.8	0.528731
735	0.527791
735.2	0.526853
735.4	0.525917
735.6	0.524983
735.8	0.524051
736	0.523122
736.2	0.522194
736.4	0.521268
736.6	0.520344
736.8	0.519423
737	0.518503
737.2	0.517585
737.4	0.51667
737.6	0.515756
737.8	0.514845
738	0.513935
738.2	0.513027
738.4	0.512122
738.6	0.511218
738.8	0.510317
739	0.509417
739.2	0.50852
739.4	0.507624
739.6	0.506731
739.8	0.505839
740	0.50495
740.2	0.504062
740.4	0.503176
740.6	0.502293
740.8	0.501411
741	0.500531
741.2	0.499654
741.4	0.498778
741.6	0.497904
741.8	0.497032
742	0.496162
742.2	0.495294
742.4	0.494428
742.6	0.493564
742.8	0.492702
743	0.491841
743.2	0.490983
743.4	0.490127
743.6	0.489272
743.8	0.48842
744	0.487569
744.2	0.48672
744.4	0.485873
744.6	0.485028
744.8	0.484185
745	0.483344
745.2	0.482504
745.4	0.481667
745.6	0.480831
745.8	0.479998
746	0.479166
746.2	0.478336
746.4	0.477508
746.6	0.476681
746.8	0.475857
747	0.475034
747.2	0.474214
747.4	0.473395
747.6	0.472577
747.8	0.471762
748	0.470949
748.2	0.470137
748.4	0.469327
748.6	0.468519
748.8	0.467713
749	0.466908
749.2	0.466106
749.4	0.465305
749.6	0.464506
749.8	0.463708
750	0.462913
750.2	0.462119
750.4	0.461327
750.6	0.460537
750.8	0.459748
751	0.458962
751.2	0.458177
751.4	0.457393
751.6	0.456612
751.8	0.455832
752	0.455054
752.2	0.454278
752.4	0.453503
752.6	0.45273
752.8	0.451959
753	0.451189
753.2	0.450422
753.4	0.449655
753.6	0.448891
753.8	0.448128
754	0.447367
754.2	0.446608
754.4	0.44585
754.6	0.445094
754.8	0.44434
755	0.443587
755.2	0.442836
755.4	0.442087
755.6	0.441339
755.8	0.440593
756	0.439849
756.2	0.439106
756.4	0.438365
756.6	0.437625
756.8	0.436887
757	0.436151
757.2	0.435416
757.4	0.434683
757.6	0.433952
757.8	0.433222
758	0.432493
758.2	0.431767
758.4	0.431042
758.6	0.430318
758.8	0.429596
759	0.428876
759.2	0.428157
759.4	0.42744
759.6	0.426724
759.8	0.42601
760	0.425297
760.2	0.424586
760.4	0.423877
760.6	0.423169
760.8	0.422463
761	0.421758
761.2	0.421054
761.4	0.420353
761.6	0.419652
761.8	0.418954
762	0.418256
762.2	0.417561
762.4	0.416866
762.6	0.416174
762.8	0.415482
763	0.414793
763.2	0.414104
763.4	0.413418
763.6	0.412732
763.8	0.412048
764	0.411366
764.2	0.410685
764.4	0.410006
764.6	0.409328
764.8	0.408651
765	0.407976
765.2	0.407303
765.4	0.406631
765.6	0.40596
765.8	0.405291
766	0.404623
766.2	0.403956
766.4	0.403291
766.6	0.402628
766.8	0.401966
767	0.401305
767.2	0.400645
767.4	0.399988
767.6	0.399331
767.8	0.398676
768	0.398022
768.2	0.39737
768.4	0.396719
768.6	0.396069
768.8	0.395421
769	0.394774
769.2	0.394129
769.4	0.393485
769.6	0.392842
769.8	0.392201
770	0.391561
770.2	0.390922
770.4	0.390285
770.6	0.389649
770.8	0.389015
771	0.388381
771.2	0.387749
771.4	0.387119
771.6	0.38649
771.8	0.385862
772	0.385235
772.2	0.38461
772.4	0.383986
772.6	0.383363
772.8	0.382742
773	0.382122
773.2	0.381503
773.4	0.380886
773.6	0.38027
773.8	0.379655
774	0.379041
774.2	0.378429
774.4	0.377818
774.6	0.377209
774.8	0.3766
775	0.375993
775.2	0.375387
775.4	0.374782
775.6	0.374179
775.8	0.373577
776	0.372976
776.2	0.372377
776.4	0.371778
776.6	0.371181
776.8	0.370585
777	0.369991
777.2	0.369397
777.4	0.368805
777.6	0.368214
777.8	0.367625
778	0.367036
778.2	0.366449
778.4	0.365863
778.6	0.365278
778.8	0.364695
779	0.364112
779.2	0.363531
779.4	0.362951
779.6	0.362372
779.8	0.361795
780	0.361218
780.2	0.360643
780.4	0.360069
780.6	0.359496
780.8	0.358924
781	0.358354
781.2	0.357785
781.4	0.357216
781.6	0.356649
781.8	0.356084
782	0.355519
782.2	0.354955
782.4	0.354393
782.6	0.353832
782.8	0.353272
783	0.352713
783.2	0.352155
783.4	0.351599
783.6	0.351043
783.8	0.350489
784	0.349936
784.2	0.349384
784.4	0.348833
784.6	0.348283
784.8	0.347734
785	0.347186
785.2	0.34664
785.4	0.346095
785.6	0.34555
785.8	0.345007
786	0.344465
786.2	0.343924
786.4	0.343384
786.6	0.342846
786.8	0.342308
787	0.341771
787.2	0.341236
787.4	0.340701
787.6	0.340168
787.8	0.339636
788	0.339105
788.2	0.338575
788.4	0.338046
788.6	0.337518
788.8	0.336991
789	0.336465
789.2	0.33594
789.4	0.335417
789.6	0.334894
789.8	0.334372
790	0.333852
790.2	0.333332
790.4	0.332814
790.6	0.332296
790.8	0.33178
791	0.331265
791.2	0.33075
791.4	0.330237
791.6	0.329725
791.8	0.329213
792	0.328703
792.2	0.328194
792.4	0.327686
792.6	0.327179
792.8	0.326673
793	0.326167
793.2	0.325663
793.4	0.32516
793.6	0.324658
793.8	0.324157
794	0.323657
794.2	0.323158
794.4	0.32266
794.6	0.322162
794.8	0.321666
795	0.321171
795.2	0.320677
795.4	0.320184
795.6	0.319692
795.8	0.3192
796	0.31871
796.2	0.318221
796.4	0.317732
796.6	0.317245
796.8	0.316759
797	0.316273
797.2	0.315789
797.4	0.315305
797.6	0.314823
797.8	0.314341
798	0.31386
798.2	0.313381
798.4	0.312902
798.6	0.312424
798.8	0.311947
799	0.311471
799.2	0.310996
799.4	0.310522
799.6	0.310049
799.8	0.309577
800	0.309105
800.2	0.308635
800.4	0.308165
800.6	0.307697
800.8	0.307229
801	0.306763
801.2	0.306297
801.4	0.305832
801.6	0.305368
801.8	0.304905
802	0.304443
802.2	0.303982
802.4	0.303521
802.6	0.303062
802.8	0.302603
803	0.302146
803.2	0.301689
803.4	0.301233
803.6	0.300778
803.8	0.300324
804	0.299871
804.2	0.299418
804.4	0.298967
804.6	0.298516
804.8	0.298066
805	0.297618
805.2	0.29717
805.4	0.296723
805.6	0.296276
805.8	0.295831
806	0.295386
806.2	0.294943
806.4	0.2945
806.6	0.294058
806.8	0.293617
807	0.293177
807.2	0.292737
807.4	0.292299
807.6	0.291861
807.8	0.291424
808	0.290988
808.2	0.290553
808.4	0.290119
808.6	0.289685
808.8	0.289253
809	0.288821
809.2	0.28839
809.4	0.28796
809.6	0.28753
809.8	0.287102
810	0.286674
810.2	0.286247
810.4	0.285821
810.6	0.285396
810.8	0.284972
811	0.284548
811.2	0.284125
811.4	0.283703
811.6	0.283282
811.8	0.282862
812	0.282442
812.2	0.282023
812.4	0.281605
812.6	0.281188
812.8	0.280772
813	0.280356
813.2	0.279941
813.4	0.279527
813.6	0.279114
813.8	0.278702
814	0.27829
814.2	0.277879
814.4	0.277469
814.6	0.27706
814.8	0.276651
815	0.276244
815.2	0.275837
815.4	0.27543
815.6	0.275025
815.8	0.27462
816	0.274216
816.2	0.273813
816.4	0.273411
816.6	0.273009
816.8	0.272608
817	0.272208
817.2	0.271809
817.4	0.27141
817.6	0.271013
817.8	0.270615
818	0.270219
818.2	0.269824
818.4	0.269429
818.6	0.269035
818.8	0.268641
819	0.268249
819.2	0.267857
819.4	0.267466
819.6	0.267075
819.8	0.266685
820	0.266297
820.2	0.265908
820.4	0.265521
820.6	0.265134
820.8	0.264748
821	0.264363
821.2	0.263978
821.4	0.263594
821.6	0.263211
821.8	0.262829
822	0.262447
822.2	0.262066
822.4	0.261686
822.6	0.261306
822.8	0.260927
823	0.260549
823.2	0.260172
823.4	0.259795
823.6	0.259419
823.8	0.259043
824	0.258669
824.2	0.258295
824.4	0.257922
824.6	0.257549
824.8	0.257177
825	0.256806
825.2	0.256435
825.4	0.256066
825.6	0.255697
825.8	0.255328
826	0.25496
826.2	0.254593
826.4	0.254227
826.6	0.253861
826.8	0.253496
827	0.253132
827.2	0.252768
827.4	0.252405
827.6	0.252043
827.8	0.251681
828	0.25132
828.2	0.25096
828.4	0.2506
828.6	0.250241
828.8	0.249883
829	0.249525
829.2	0.249168
829.4	0.248812
829.6	0.248456
829.8	0.248101
830	0.247746
830.2	0.247393
830.4	0.24704
830.6	0.246687
830.8	0.246335
831	0.245984
831.2	0.245634
831.4	0.245284
831.6	0.244935
831.8	0.244586
832	0.244238
832.2	0.243891
832.4	0.243544
832.6	0.243198
832.8	0.242853
833	0.242508
833.2	0.242164
833.4	0.24182
833.6	0.241477
833.8	0.241135
834	0.240793
834.2	0.240452
834.4	0.240112
834.6	0.239772
834.8	0.239433
835	0.239095
835.2	0.238757
835.4	0.238419
835.6	0.238083
835.8	0.237747
836	0.237411
836.2	0.237076
836.4	0.236742
836.6	0.236408
836.8	0.236075
837	0.235743
837.2	0.235411
837.4	0.23508
837.6	0.234749
837.8	0.234419
838	0.23409
838.2	0.233761
838.4	0.233433
838.6	0.233105
838.8	0.232778
839	0.232452
839.2	0.232126
839.4	0.231801
839.6	0.231476
839.8	0.231152
840	0.230828
840.2	0.230505
840.4	0.230183
840.6	0.229861
840.8	0.22954
841	0.229219
841.2	0.228899
841.4	0.22858
841.6	0.228261
841.8	0.227943
842	0.227625
842.2	0.227308
842.4	0.226991
842.6	0.226675
842.8	0.22636
843	0.226045
843.2	0.225731
843.4	0.225417
843.6	0.225104
843.8	0.224791
844	0.224479
844.2	0.224168
844.4	0.223857
844.6	0.223546
844.8	0.223236
845	0.222927
845.2	0.222618
845.4	0.22231
845.6	0.222003
845.8	0.221695
846	0.221389
846.2	0.221083
846.4	0.220777
846.6	0.220473
846.8	0.220168
847	0.219864
847.2	0.219561
847.4	0.219258
847.6	0.218956
847.8	0.218655
848	0.218354
848.2	0.218053
848.4	0.217753
848.6	0.217453
848.8	0.217154
849	0.216856
849.2	0.216558
849.4	0.216261
849.6	0.215964
849.8	0.215667
850	0.215372
850.2	0.215076
850.4	0.214782
850.6	0.214487
850.8	0.214194
851	0.213901
851.2	0.213608
851.4	0.213316
851.6	0.213024
851.8	0.212733
852	0.212442
852.2	0.212152
852.4	0.211863
852.6	0.211574
852.8	0.211285
853	0.210997
853.2	0.210709
853.4	0.210422
853.6	0.210136
853.8	0.20985
854	0.209564
854.2	0.209279
854.4	0.208995
854.6	0.208711
854.8	0.208427
855	0.208144
855.2	0.207862
855.4	0.20758
855.6	0.207298
855.8	0.207017
856	0.206737
856.2	0.206456
856.4	0.206177
856.6	0.205898
856.8	0.205619
857	0.205341
857.2	0.205064
857.4	0.204786
857.6	0.20451
857.8	0.204234
858	0.203958
858.2	0.203683
858.4	0.203408
858.6	0.203134
858.8	0.20286
859	0.202587
859.2	0.202314
859.4	0.202042
859.6	0.20177
859.8	0.201499
860	0.201228
860.2	0.200957
860.4	0.200687
860.6	0.200418
860.8	0.200149
861	0.19988
861.2	0.199612
861.4	0.199345
861.6	0.199078
861.8	0.198811
862	0.198545
862.2	0.198279
862.4	0.198014
862.6	0.197749
862.8	0.197485
863	0.197221
863.2	0.196957
863.4	0.196694
863.6	0.196432
863.8	0.19617
864	0.195908
864.2	0.195647
864.4	0.195386
864.6	0.195126
864.8	0.194866
865	0.194607
865.2	0.194348
865.4	0.194089
865.6	0.193831
865.8	0.193574
866	0.193317
866.2	0.19306
866.4	0.192804
866.6	0.192548
866.8	0.192292
867	0.192038
867.2	0.191783
867.4	0.191529
867.6	0.191275
867.8	0.191022
868	0.19077
868.2	0.190517
868.4	0.190265
868.6	0.190014
868.8	0.189763
869	0.189512
869.2	0.189262
869.4	0.189013
869.6	0.188763
869.8	0.188514
870	0.188266
870.2	0.188018
870.4	0.18777
870.6	0.187523
870.8	0.187277
871	0.18703
871.2	0.186784
871.4	0.186539
871.6	0.186294
871.8	0.186049
872	0.185805
872.2	0.185561
872.4	0.185318
872.6	0.185075
872.8	0.184833
873	0.18459
873.2	0.184349
873.4	0.184107
873.6	0.183867
873.8	0.183626
874	0.183386
874.2	0.183146
874.4	0.182907
874.6	0.182668
874.8	0.18243
875	0.182192
875.2	0.181954
875.4	0.181717
875.6	0.18148
875.8	0.181244
876	0.181008
876.2	0.180772
876.4	0.180537
876.6	0.180302
876.8	0.180068
877	0.179834
877.2	0.1796
877.4	0.179367
877.6	0.179135
877.8	0.178902
878	0.17867
878.2	0.178438
878.4	0.178207
878.6	0.177976
878.8	0.177746
879	0.177516
879.2	0.177286
879.4	0.177057
879.6	0.176828
879.8	0.1766
880	0.176371
880.2	0.176144
880.4	0.175916
880.6	0.175689
880.8	0.175463
881	0.175237
881.2	0.175011
881.4	0.174785
881.6	0.17456
881.8	0.174336
882	0.174112
882.2	0.173888
882.4	0.173664
882.6	0.173441
882.8	0.173218
883	0.172996
883.2	0.172774
883.4	0.172552
883.6	0.172331
883.8	0.17211
884	0.171889
884.2	0.171669
884.4	0.171449
884.6	0.17123
884.8	0.171011
885	0.170792
885.2	0.170574
885.4	0.170356
885.6	0.170138
885.8	0.169921
886	0.169704
886.2	0.169488
886.4	0.169272
886.6	0.169056
886.8	0.16884
887	0.168625
887.2	0.168411
887.4	0.168196
887.6	0.167982
887.8	0.167769
888	0.167556
888.2	0.167343
888.4	0.16713
888.6	0.166918
888.8	0.166706
889	0.166495
889.2	0.166284
889.4	0.166073
889.6	0.165862
889.8	0.165652
890	0.165443
890.2	0.165233
890.4	0.165024
890.6	0.164816
890.8	0.164607
891	0.164399
891.2	0.164192
891.4	0.163984
891.6	0.163777
891.8	0.163571
892	0.163365
892.2	0.163159
892.4	0.162953
892.6	0.162748
892.8	0.162543
893	0.162339
893.2	0.162134
893.4	0.16193
893.6	0.161727
893.8	0.161524
894	0.161321
894.2	0.161118
894.4	0.160916
894.6	0.160714
894.8	0.160513
895	0.160312
895.2	0.160111
895.4	0.15991
895.6	0.15971
895.8	0.15951
896	0.159311
896.2	0.159112
896.4	0.158913
896.6	0.158714
896.8	0.158516
897	0.158318
897.2	0.158121
897.4	0.157924
897.6	0.157727
897.8	0.15753
898	0.157334
898.2	0.157138
898.4	0.156942
898.6	0.156747
898.8	0.156552
899	0.156358
899.2	0.156163
899.4	0.155969
899.6	0.155776
899.8	0.155582
900	0.155389
900.2	0.155197
900.4	0.155004
900.6	0.154812
900.8	0.15462
901	0.154429
901.2	0.154238
901.4	0.154047
901.6	0.153857
901.8	0.153666
902	0.153477
902.2	0.153287
902.4	0.153098
902.6	0.152909
902.8	0.15272
903	0.152532
903.2	0.152344
903.4	0.152156
903.6	0.151969
903.8	0.151782
904	0.151595
904.2	0.151409
904.4	0.151222
904.6	0.151037
904.8	0.150851
905	0.150666
905.2	0.150481
905.4	0.150296
905.6	0.150112
905.8	0.149928
906	0.149744
906.2	0.149561
906.4	0.149377
906.6	0.149195
906.8	0.149012
907	0.14883
907.2	0.148648
907.4	0.148466
907.6	0.148285
907.8	0.148104
908	0.147923
908.2	0.147743
908.4	0.147562
908.6	0.147383
908.8	0.147203
909	0.147024
909.2	0.146845
909.4	0.146666
909.6	0.146488
909.8	0.146309
910	0.146132
910.2	0.145954
910.4	0.145777
910.6	0.1456
910.8	0.145423
911	0.145247
911.2	0.145071
911.4	0.144895
911.6	0.144719
911.8	0.144544
912	0.144369
912.2	0.144194
912.4	0.14402
912.6	0.143846
912.8	0.143672
913	0.143499
913.2	0.143325
913.4	0.143152
913.6	0.14298
913.8	0.142807
914	0.142635
914.2	0.142463
914.4	0.142292
914.6	0.14212
914.8	0.141949
915	0.141779
915.2	0.141608
915.4	0.141438
915.6	0.141268
915.8	0.141098
916	0.140929
916.2	0.14076
916.4	0.140591
916.6	0.140422
916.8	0.140254
917	0.140086
917.2	0.139918
917.4	0.139751
917.6	0.139584
917.8	0.139417
918	0.13925
918.2	0.139084
918.4	0.138918
918.6	0.138752
918.8	0.138586
919	0.138421
919.2	0.138256
919.4	0.138091
919.6	0.137926
919.8	0.137762
920	0.137598
920.2	0.137434
920.4	0.137271
920.6	0.137108
920.8	0.136945
921	0.136782
921.2	0.13662
921.4	0.136458
921.6	0.136296
921.8	0.136134
922	0.135973
922.2	0.135811
922.4	0.135651
922.6	0.13549
922.8	0.13533
923	0.13517
923.2	0.13501
923.4	0.13485
923.6	0.134691
923.8	0.134532
924	0.134373
924.2	0.134214
924.4	0.134056
924.6	0.133898
924.8	0.13374
925	0.133583
925.2	0.133425
925.4	0.133268
925.6	0.133112
925.8	0.132955
926	0.132799
926.2	0.132643
926.4	0.132487
926.6	0.132331
926.8	0.132176
927	0.132021
927.2	0.131866
927.4	0.131712
927.6	0.131557
927.8	0.131403
928	0.13125
928.2	0.131096
928.4	0.130943
928.6	0.13079
928.8	0.130637
929	0.130484
929.2	0.130332
929.4	0.13018
929.6	0.130028
929.8	0.129876
930	0.129725
930.2	0.129574
930.4	0.129423
930.6	0.129272
930.8	0.129122
931	0.128972
931.2	0.128822
931.4	0.128672
931.6	0.128523
931.8	0.128373
932	0.128224
932.2	0.128076
932.4	0.127927
932.6	0.127779
932.8	0.127631
933	0.127483
933.2	0.127336
933.4	0.127188
933.6	0.127041
933.8	0.126894
934	0.126748
934.2	0.126601
934.4	0.126455
934.6	0.126309
934.8	0.126163
935	0.126018
935.2	0.125873
935.4	0.125728
935.6	0.125583
935.8	0.125438
936	0.125294
936.2	0.12515
936.4	0.125006
936.6	0.124862
936.8	0.124719
937	0.124576
937.2	0.124433
937.4	0.12429
937.6	0.124148
937.8	0.124005
938	0.123863
938.2	0.123721
938.4	0.12358
938.6	0.123438
938.8	0.123297
939	0.123156
939.2	0.123016
939.4	0.122875
939.6	0.122735
939.8	0.122595
940	0.122455
940.2	0.122315
940.4	0.122176
940.6	0.122037
940.8	0.121898
941	0.121759
941.2	0.121621
941.4	0.121482
941.6	0.121344
941.8	0.121206
942	0.121069
942.2	0.120931
942.4	0.120794
942.6	0.120657
942.8	0.12052
943	0.120384
943.2	0.120247
943.4	0.120111
943.6	0.119975
943.8	0.11984
944	0.119704
944.2	0.119569
944.4	0.119434
944.6	0.119299
944.8	0.119164
945	0.11903
945.2	0.118895
945.4	0.118761
945.6	0.118628
945.8	0.118494
946	0.118361
946.2	0.118228
946.4	0.118095
946.6	0.117962
946.8	0.117829
947	0.117697
947.2	0.117565
947.4	0.117433
947.6	0.117301
947.8	0.11717
948	0.117038
948.2	0.116907
948.4	0.116776
948.6	0.116646
948.8	0.116515
949	0.116385
949.2	0.116255
949.4	0.116125
949.6	0.115995
949.8	0.115866
950	0.115736
950.2	0.115607
950.4	0.115478
950.6	0.11535
950.8	0.115221
951	0.115093
951.2	0.114965
951.4	0.114837
951.6	0.114709
951.8	0.114582
952	0.114455
952.2	0.114328
952.4	0.114201
952.6	0.114074
952.8	0.113948
953	0.113821
953.2	0.113695
953.4	0.113569
953.6	0.113444
953.8	0.113318
954	0.113193
954.2	0.113068
954.4	0.112943
954.6	0.112818
954.8	0.112694
955	0.112569
955.2	0.112445
955.4	0.112321
955.6	0.112198
955.8	0.112074
956	0.111951
956.2	0.111827
956.4	0.111704
956.6	0.111582
956.8	0.111459
957	0.111337
957.2	0.111214
957.4	0.111092
957.6	0.110971
957.8	0.110849
958	0.110728
958.2	0.110606
958.4	0.110485
958.6	0.110364
958.8	0.110244
959	0.110123
959.2	0.110003
959.4	0.109883
959.6	0.109763
959.8	0.109643
960	0.109523
960.2	0.109404
960.4	0.109285
960.6	0.109166
960.8	0.109047
961	0.108928
961.2	0.10881
961.4	0.108691
961.6	0.108573
961.8	0.108455
962	0.108337
962.2	0.10822
962.4	0.108103
962.6	0.107985
962.8	0.107868
963	0.107751
963.2	0.107635
963.4	0.107518
963.6	0.107402
963.8	0.107286
964	0.10717
964.2	0.107054
964.4	0.106939
964.6	0.106823
964.8	0.106708
965	0.106593
965.2	0.106478
965.4	0.106363
965.6	0.106249
965.8	0.106134
966	0.10602
966.2	0.105906
966.4	0.105792
966.6	0.105679
966.8	0.105565
967	0.105452
967.2	0.105339
967.4	0.105226
967.6	0.105113
967.8	0.105001
968	0.104888
968.2	0.104776
968.4	0.104664
968.6	0.104552
968.8	0.10444
969	0.104329
969.2	0.104217
969.4	0.104106
969.6	0.103995
969.8	0.103884
970	0.103773
970.2	0.103663
970.4	0.103553
970.6	0.103442
970.8	0.103332
971	0.103222
971.2	0.103113
971.4	0.103003
971.6	0.102894
971.8	0.102785
972	0.102676
972.2	0.102567
972.4	0.102458
972.6	0.10235
972.8	0.102241
973	0.102133
973.2	0.102025
973.4	0.101917
973.6	0.10181
973.8	0.101702
974	0.101595
974.2	0.101487
974.4	0.10138
974.6	0.101274
974.8	0.101167
975	0.10106
975.2	0.100954
975.4	0.100848
975.6	0.100742
975.8	0.100636
976	0.10053
976.2	0.100425
976.4	0.100319
976.6	0.100214
976.8	0.100109
977	0.100004
977.2	0.0998991
977.4	0.0997945
977.6	0.0996901
977.8	0.0995858
978	0.0994817
978.2	0.0993777
978.4	0.0992739
978.6	0.0991703
978.8	0.0990668
979	0.0989634
979.2	0.0988603
979.4	0.0987573
979.6	0.0986544
979.8	0.0985517
980	0.0984492
980.2	0.0983468
980.4	0.0982445
980.6	0.0981425
980.8	0.0980405
981	0.0979388
981.2	0.0978372
981.4	0.0977357
981.6	0.0976344
981.8	0.0975333
982	0.0974323
982.2	0.0973314
982.4	0.0972308
982.6	0.0971302
982.8	0.0970299
983	0.0969296
983.2	0.0968296
983.4	0.0967296
983.6	0.0966299
983.8	0.0965303
984	0.0964308
984.2	0.0963315
984.4	0.0962323
984.6	0.0961333
984.8	0.0960344
985	0.0959357
985.2	0.0958372
985.4	0.0957388
985.6	0.0956405
985.8	0.0955424
986	0.0954444
986.2	0.0953466
986.4	0.0952489
986.6	0.0951514
986.8	0.0950541
987	0.0949568
987.2	0.0948597
987.4	0.0947628
987.6	0.094666
987.8	0.0945694
988	0.0944729
988.2	0.0943766
988.4	0.0942804
988.6	0.0941843
988.8	0.0940884
989	0.0939927
989.2	0.0938971
989.4	0.0938016
989.6	0.0937063
989.8	0.0936111
990	0.0935161
990.2	0.0934212
990.4	0.0933264
990.6	0.0932318
990.8	0.0931374
991	0.093043
991.2	0.0929489
991.4	0.0928548
991.6	0.0927609
991.8	0.0926672
992	0.0925736
992.2	0.0924801
992.4	0.0923868
992.6	0.0922936
992.8	0.0922006
993	0.0921077
993.2	0.0920149
993.4	0.0919223
993.6	0.0918298
993.8	0.0917375
994	0.0916453
994.2	0.0915532
994.4	0.0914613
994.6	0.0913695
994.8	0.0912779
995	0.0911863
995.2	0.091095
995.4	0.0910037
995.6	0.0909126
995.8	0.0908217
996	0.0907309
996.2	0.0906402
996.4	0.0905496
996.6	0.0904592
996.8	0.090369
997	0.0902788
997.2	0.0901888
997.4	0.090099
997.6	0.0900092
997.8	0.0899196
998	0.0898302
998.2	0.0897409
998.4	0.0896517
998.6	0.0895626
998.8	0.0894737
999	0.0893849
999.2	0.0892962
999.4	0.0892077
999.6	0.0891193
999.8	0.0890311
1000	0.0889429
