label:PY[0].soma.v(0.5)
5001
0	-70
0.2	-70
0.4	-70
0.6	-70.0001
0.8	-70.0001
1	-70.0002
1.2	-70.0002
1.4	-70.0003
1.6	-70.0004
1.8	-70.0006
2	-70.0007
2.2	-70.0008
2.4	-70.001
2.6	-70.0012
2.8	-70.0013
3	-70.0015
3.2	-70.0017
3.4	-70.0019
3.6	-70.0022
3.8	-70.0024
4	-70.0026
4.2	-70.0029
4.4	-70.0032
4.6	-70.0034
4.8	-70.0037
5	-70.004
5.2	-70.0043
5.4	-70.0046
5.6	-70.0049
5.8	-70.0053
6	-70.0056
6.2	-70.006
6.4	-70.0063
6.6	-70.0067
6.8	-70.007
7	-70.0074
7.2	-70.0078
7.4	-70.0082
7.6	-70.0086
7.8	-70.009
8	-70.0094
8.2	-70.0098
8.4	-70.0102
8.6	-70.0107
8.8	-70.0111
9	-70.0115
9.2	-70.012
9.4	-70.0124
9.6	-70.0129
9.8	-70.0134
10	-70.0138
10.2	-70.0143
10.4	-70.0148
10.6	-70.0153
10.8	-70.0158
11	-70.0163
11.2	-70.0167
11.4	-70.0173
11.6	-70.0178
11.8	-70.0183
12	-70.0188
12.2	-70.0193
12.4	-70.0198
12.6	-70.0204
12.8	-70.0209
13	-70.0214
13.2	-70.022
13.4	-70.0225
13.6	-70.023
13.8	-70.0236
14	-70.0241
14.2	-70.0247
14.4	-70.0253
14.6	-70.0258
14.8	-70.0264
15	-70.0269
15.2	-70.0275
15.4	-70.0281
15.6	-70.0287
15.8	-70.0292
16	-70.0298
16.2	-70.0304
16.4	-70.031
16.6	-70.0316
16.8	-70.0322
17	-70.0327
17.2	-70.0333
17.4	-70.0339
17.6	-70.0345
17.8	-70.0351
18	-70.0357
18.2	-70.0363
18.4	-70.0369
18.6	-70.0375
18.8	-70.0381
19	-70.0388
19.2	-70.0394
19.4	-70.04
19.6	-70.0406
19.8	-70.0412
20	-70.0418
20.2	-70.0424
20.4	-70.0431
20.6	-70.0437
20.8	-70.0443
21	-70.0449
21.2	-70.0455
21.4	-70.0462
21.6	-70.0468
21.8	-70.0474
22	-70.048
22.2	-70.0487
22.4	-70.0493
22.6	-70.0499
22.8	-70.0506
23	-70.0512
23.2	-70.0518
23.4	-70.0525
23.6	-70.0531
23.8	-70.0537
24	-70.0544
24.2	-70.055
24.4	-70.0556
24.6	-70.0563
24.8	-70.0569
25	-70.0576
25.2	-70.0582
25.4	-70.0588
25.6	-70.0595
25.8	-70.0601
26	-70.0607
26.2	-70.0614
26.4	-70.062
26.6	-70.0627
26.8	-70.0633
27	-70.0639
27.2	-70.0646
27.4	-70.0652
27.6	-70.0659
27.8	-70.0665
28	-70.0672
28.2	-70.0678
28.4	-70.0684
28.6	-70.0691
28.8	-70.0697
29	-70.0704
29.2	-70.071
29.4	-70.0716
29.6	-70.0723
29.8	-70.0729
30	-70.0736
30.2	-70.0742
30.4	-70.0749
30.6	-70.0755
30.8	-70.0761
31	-70.0768
31.2	-70.0774
31.4	-70.0781
31.6	-70.0787
31.8	-70.0793
32	-70.08
32.2	-70.0806
32.4	-70.0813
32.6	-70.0819
32.8	-70.0825
33	-70.0832
33.2	-70.0838
33.4	-70.0844
33.6	-70.0851
33.8	-70.0857
34	-70.0864
34.2	-70.087
34.4	-70.0876
34.6	-70.0883
34.8	-70.0889
35	-70.0895
35.2	-70.0902
35.4	-70.0908
35.6	-70.0914
35.8	-70.0921
36	-70.0927
36.2	-70.0933
36.4	-70.094
36.6	-70.0946
36.8	-70.0952
37	-70.0959
37.2	-70.0965
37.4	-70.0971
37.6	-70.0978
37.8	-70.0984
38	-70.099
38.2	-70.0997
38.4	-70.1003
38.6	-70.1009
38.8	-70.1015
39	-70.1022
39.2	-70.1028
39.4	-70.1034
39.6	-70.104
39.8	-70.1047
40	-70.1053
40.2	-70.1059
40.4	-70.1065
40.6	-70.1072
40.8	-70.1078
41	-70.1084
41.2	-70.109
41.4	-70.1096
41.6	-70.1103
41.8	-70.1109
42	-70.1115
42.2	-70.1121
42.4	-70.1127
42.6	-70.1133
42.8	-70.114
43	-70.1146
43.2	-70.1152
43.4	-70.1158
43.6	-70.1164
43.8	-70.117
44	-70.1176
44.2	-70.1182
44.4	-70.1189
44.6	-70.1195
44.8	-70.1201
45	-70.1207
45.2	-70.1213
45.4	-70.1219
45.6	-70.1225
45.8	-70.1231
46	-70.1237
46.2	-70.1243
46.4	-70.1249
46.6	-70.1255
46.8	-70.1261
47	-70.1267
47.2	-70.1273
47.4	-70.1279
47.6	-70.1285
47.8	-70.1291
48	-70.1297
48.2	-70.1303
48.4	-70.1309
48.6	-70.1315
48.8	-70.1321
49	-70.1327
49.2	-70.1333
49.4	-70.1339
49.6	-70.1345
49.8	-70.1351
50	-70.1357
50.2	-70.1363
50.4	-70.1369
50.6	-70.1374
50.8	-70.138
51	-70.1386
51.2	-70.1392
51.4	-70.1398
51.6	-70.1404
51.8	-70.141
52	-70.1415
52.2	-70.1421
52.4	-70.1427
52.6	-70.1433
52.8	-70.1439
53	-70.1445
53.2	-70.145
53.4	-70.1456
53.6	-70.1462
53.8	-70.1468
54	-70.1474
54.2	-70.1479
54.4	-70.1485
54.6	-70.1491
54.8	-70.1497
55	-70.1502
55.2	-70.1508
55.4	-70.1514
55.6	-70.1519
55.8	-70.1525
56	-70.1531
56.2	-70.1537
56.4	-70.1542
56.6	-70.1548
56.8	-70.1554
57	-70.1559
57.2	-70.1565
57.4	-70.1571
57.6	-70.1576
57.8	-70.1582
58	-70.1587
58.2	-70.1593
58.4	-70.1599
58.6	-70.1604
58.8	-70.161
59	-70.1616
59.2	-70.1621
59.4	-70.1627
59.6	-70.1632
59.8	-70.1638
60	-70.1643
60.2	-70.1649
60.4	-70.1654
60.6	-70.166
60.8	-70.1665
61	-70.1671
61.2	-70.1677
61.4	-70.1682
61.6	-70.1688
61.8	-70.1693
62	-70.1699
62.2	-70.1704
62.4	-70.1709
62.6	-70.1715
62.8	-70.172
63	-70.1726
63.2	-70.1731
63.4	-70.1737
63.6	-70.1742
63.8	-70.1748
64	-70.1753
64.2	-70.1758
64.4	-70.1764
64.6	-70.1769
64.8	-70.1775
65	-70.178
65.2	-70.1785
65.4	-70.1791
65.6	-70.1796
65.8	-70.1801
66	-70.1807
66.2	-70.1812
66.4	-70.1817
66.6	-70.1823
66.8	-70.1828
67	-70.1833
67.2	-70.1839
67.4	-70.1844
67.6	-70.1849
67.8	-70.1854
68	-70.186
68.2	-70.1865
68.4	-70.187
68.6	-70.1876
68.8	-70.1881
69	-70.1886
69.2	-70.1891
69.4	-70.1896
69.6	-70.1902
69.8	-70.1907
70	-70.1912
70.2	-70.1917
70.4	-70.1922
70.6	-70.1928
70.8	-70.1933
71	-70.1938
71.2	-70.1943
71.4	-70.1948
71.6	-70.1953
71.8	-70.1959
72	-70.1964
72.2	-70.1969
72.4	-70.1974
72.6	-70.1979
72.8	-70.1984
73	-70.1989
73.2	-70.1994
73.4	-70.1999
73.6	-70.2005
73.8	-70.201
74	-70.2015
74.2	-70.202
74.4	-70.2025
74.6	-70.203
74.8	-70.2035
75	-70.204
75.2	-70.2045
75.4	-70.205
75.6	-70.2055
75.8	-70.206
76	-70.2065
76.2	-70.207
76.4	-70.2075
76.6	-70.208
76.8	-70.2085
77	-70.209
77.2	-70.2095
77.4	-70.21
77.6	-70.2105
77.8	-70.211
78	-70.2114
78.2	-70.2119
78.4	-70.2124
78.6	-70.2129
78.8	-70.2134
79	-70.2139
79.2	-70.2144
79.4	-70.2149
79.6	-70.2154
79.8	-70.2159
80	-70.2163
80.2	-70.2168
80.4	-70.2173
80.6	-70.2178
80.8	-70.2183
81	-70.2188
81.2	-70.2192
81.4	-70.2197
81.6	-70.2202
81.8	-70.2207
82	-70.2212
82.2	-70.2216
82.4	-70.2221
82.6	-70.2226
82.8	-70.2231
83	-70.2236
83.2	-70.224
83.4	-70.2245
83.6	-70.225
83.8	-70.2255
84	-70.2259
84.2	-70.2264
84.4	-70.2269
84.6	-70.2273
84.8	-70.2278
85	-70.2283
85.2	-70.2288
85.4	-70.2292
85.6	-70.2297
85.8	-70.2302
86	-70.2306
86.2	-70.2311
86.4	-70.2316
86.6	-70.232
86.8	-70.2325
87	-70.2329
87.2	-70.2334
87.4	-70.2339
87.6	-70.2343
87.8	-70.2348
88	-70.2353
88.2	-70.2357
88.4	-70.2362
88.6	-70.2366
88.8	-70.2371
89	-70.2375
89.2	-70.238
89.4	-70.2385
89.6	-70.2389
89.8	-70.2394
90	-70.2398
90.2	-70.2403
90.4	-70.2407
90.6	-70.2412
90.8	-70.2416
91	-70.2421
91.2	-70.2425
91.4	-70.243
91.6	-70.2434
91.8	-70.2439
92	-70.2443
92.2	-70.2448
92.4	-70.2452
92.6	-70.2457
92.8	-70.2461
93	-70.2466
93.2	-70.247
93.4	-70.2475
93.6	-70.2479
93.8	-70.2483
94	-70.2488
94.2	-70.2492
94.4	-70.2497
94.6	-70.2501
94.8	-70.2505
95	-70.251
95.2	-70.2514
95.4	-70.2519
95.6	-70.2523
95.8	-70.2527
96	-70.2532
96.2	-70.2536
96.4	-70.254
96.6	-70.2545
96.8	-70.2549
97	-70.2553
97.2	-70.2558
97.4	-70.2562
97.6	-70.2566
97.8	-70.2571
98	-70.2575
98.2	-70.2579
98.4	-70.2584
98.6	-70.2588
98.8	-70.2592
99	-70.2596
99.2	-70.2601
99.4	-70.2605
99.6	-70.2609
99.8	-70.2613
100	-70.2618
100.2	-70.2622
100.4	-70.2626
100.6	-70.263
100.8	-70.2635
101	-70.2639
101.2	-70.2643
101.4	-70.2647
101.6	-70.2651
101.8	-70.2656
102	-70.266
102.2	-70.2664
102.4	-70.2668
102.6	-70.2672
102.8	-70.2676
103	-70.2681
103.2	-70.2685
103.4	-70.2689
103.6	-70.2693
103.8	-70.2697
104	-70.2701
104.2	-70.2705
104.4	-70.271
104.6	-70.2714
104.8	-70.2718
105	-70.2722
105.2	-70.2726
105.4	-70.273
105.6	-70.2734
105.8	-70.2738
106	-70.2742
106.2	-70.2746
106.4	-70.275
106.6	-70.2754
106.8	-70.2759
107	-70.2763
107.2	-70.2767
107.4	-70.2771
107.6	-70.2775
107.8	-70.2779
108	-70.2783
108.2	-70.2787
108.4	-70.2791
108.6	-70.2795
108.8	-70.2799
109	-70.2803
109.2	-70.2807
109.4	-70.2811
109.6	-70.2815
109.8	-70.2819
110	-70.2823
110.2	-70.2827
110.4	-70.2831
110.6	-70.2834
110.8	-70.2838
111	-70.2842
111.2	-70.2846
111.4	-70.285
111.6	-70.2854
111.8	-70.2858
112	-70.2862
112.2	-70.2866
112.4	-70.287
112.6	-70.2874
112.8	-70.2878
113	-70.2881
113.2	-70.2885
113.4	-70.2889
113.6	-70.2893
113.8	-70.2897
114	-70.2901
114.2	-70.2905
114.4	-70.2908
114.6	-70.2912
114.8	-70.2916
115	-70.292
115.2	-70.2924
115.4	-70.2928
115.6	-70.2931
115.8	-70.2935
116	-70.2939
116.2	-70.2943
116.4	-70.2947
116.6	-70.295
116.8	-70.2954
117	-70.2958
117.2	-70.2962
117.4	-70.2965
117.6	-70.2969
117.8	-70.2973
118	-70.2977
118.2	-70.298
118.4	-70.2984
118.6	-70.2988
118.8	-70.2992
119	-70.2995
119.2	-70.2999
119.4	-70.3003
119.6	-70.3007
119.8	-70.301
120	-70.3014
120.2	-70.3018
120.4	-70.3021
120.6	-70.3025
120.8	-70.3029
121	-70.3032
121.2	-70.3036
121.4	-70.304
121.6	-70.3043
121.8	-70.3047
122	-70.3051
122.2	-70.3054
122.4	-70.3058
122.6	-70.3062
122.8	-70.3065
123	-70.3069
123.2	-70.3072
123.4	-70.3076
123.6	-70.308
123.8	-70.3083
124	-70.3087
124.2	-70.309
124.4	-70.3094
124.6	-70.3098
124.8	-70.3101
125	-70.3105
125.2	-70.3108
125.4	-70.3112
125.6	-70.3115
125.8	-70.3119
126	-70.3123
126.2	-70.3126
126.4	-70.313
126.6	-70.3133
126.8	-70.3137
127	-70.314
127.2	-70.3144
127.4	-70.3147
127.6	-70.3151
127.8	-70.3154
128	-70.3158
128.2	-70.3161
128.4	-70.3165
128.6	-70.3168
128.8	-70.3172
129	-70.3175
129.2	-70.3179
129.4	-70.3182
129.6	-70.3186
129.8	-70.3189
130	-70.3193
130.2	-70.3196
130.4	-70.32
130.6	-70.3203
130.8	-70.3206
131	-70.321
131.2	-70.3213
131.4	-70.3217
131.6	-70.322
131.8	-70.3223
132	-70.3227
132.2	-70.323
132.4	-70.3234
132.6	-70.3237
132.8	-70.3241
133	-70.3244
133.2	-70.3247
133.4	-70.3251
133.6	-70.3254
133.8	-70.3257
134	-70.3261
134.2	-70.3264
134.4	-70.3267
134.6	-70.3271
134.8	-70.3274
135	-70.3277
135.2	-70.3281
135.4	-70.3284
135.6	-70.3287
135.8	-70.3291
136	-70.3294
136.2	-70.3297
136.4	-70.3301
136.6	-70.3304
136.8	-70.3307
137	-70.3311
137.2	-70.3314
137.4	-70.3317
137.6	-70.332
137.8	-70.3324
138	-70.3327
138.2	-70.333
138.4	-70.3334
138.6	-70.3337
138.8	-70.334
139	-70.3343
139.2	-70.3347
139.4	-70.335
139.6	-70.3353
139.8	-70.3356
140	-70.3359
140.2	-70.3363
140.4	-70.3366
140.6	-70.3369
140.8	-70.3372
141	-70.3376
141.2	-70.3379
141.4	-70.3382
141.6	-70.3385
141.8	-70.3388
142	-70.3391
142.2	-70.3395
142.4	-70.3398
142.6	-70.3401
142.8	-70.3404
143	-70.3407
143.2	-70.341
143.4	-70.3414
143.6	-70.3417
143.8	-70.342
144	-70.3423
144.2	-70.3426
144.4	-70.3429
144.6	-70.3432
144.8	-70.3436
145	-70.3439
145.2	-70.3442
145.4	-70.3445
145.6	-70.3448
145.8	-70.3451
146	-70.3454
146.2	-70.3457
146.4	-70.346
146.6	-70.3464
146.8	-70.3467
147	-70.347
147.2	-70.3473
147.4	-70.3476
147.6	-70.3479
147.8	-70.3482
148	-70.3485
148.2	-70.3488
148.4	-70.3491
148.6	-70.3494
148.8	-70.3497
149	-70.35
149.2	-70.3503
149.4	-70.3506
149.6	-70.3509
149.8	-70.3512
150	-70.3515
150.2	-70.3518
150.4	-70.3521
150.6	-70.3524
150.8	-70.3527
151	-70.353
151.2	-70.3533
151.4	-70.3536
151.6	-70.3539
151.8	-70.3542
152	-70.3545
152.2	-70.3548
152.4	-70.3551
152.6	-70.3554
152.8	-70.3557
153	-70.356
153.2	-70.3563
153.4	-70.3566
153.6	-70.3569
153.8	-70.3572
154	-70.3575
154.2	-70.3578
154.4	-70.3581
154.6	-70.3583
154.8	-70.3586
155	-70.3589
155.2	-70.3592
155.4	-70.3595
155.6	-70.3598
155.8	-70.3601
156	-70.3604
156.2	-70.3607
156.4	-70.361
156.6	-70.3612
156.8	-70.3615
157	-70.3618
157.2	-70.3621
157.4	-70.3624
157.6	-70.3627
157.8	-70.363
158	-70.3633
158.2	-70.3635
158.4	-70.3638
158.6	-70.3641
158.8	-70.3644
159	-70.3647
159.2	-70.365
159.4	-70.3652
159.6	-70.3655
159.8	-70.3658
160	-70.3661
160.2	-70.3664
160.4	-70.3666
160.6	-70.3669
160.8	-70.3672
161	-70.3675
161.2	-70.3678
161.4	-70.368
161.6	-70.3683
161.8	-70.3686
162	-70.3689
162.2	-70.3691
162.4	-70.3694
162.6	-70.3697
162.8	-70.37
163	-70.3703
163.2	-70.3705
163.4	-70.3708
163.6	-70.3711
163.8	-70.3714
164	-70.3716
164.2	-70.3719
164.4	-70.3722
164.6	-70.3724
164.8	-70.3727
165	-70.373
165.2	-70.3733
165.4	-70.3735
165.6	-70.3738
165.8	-70.3741
166	-70.3743
166.2	-70.3746
166.4	-70.3749
166.6	-70.3752
166.8	-70.3754
167	-70.3757
167.2	-70.376
167.4	-70.3762
167.6	-70.3765
167.8	-70.3768
168	-70.377
168.2	-70.3773
168.4	-70.3776
168.6	-70.3778
168.8	-70.3781
169	-70.3783
169.2	-70.3786
169.4	-70.3789
169.6	-70.3791
169.8	-70.3794
170	-70.3797
170.2	-70.3799
170.4	-70.3802
170.6	-70.3805
170.8	-70.3807
171	-70.381
171.2	-70.3812
171.4	-70.3815
171.6	-70.3818
171.8	-70.382
172	-70.3823
172.2	-70.3825
172.4	-70.3828
172.6	-70.383
172.8	-70.3833
173	-70.3836
173.2	-70.3838
173.4	-70.3841
173.6	-70.3843
173.8	-70.3846
174	-70.3848
174.2	-70.3851
174.4	-70.3854
174.6	-70.3856
174.8	-70.3859
175	-70.3861
175.2	-70.3864
175.4	-70.3866
175.6	-70.3869
175.8	-70.3871
176	-70.3874
176.2	-70.3876
176.4	-70.3879
176.6	-70.3881
176.8	-70.3884
177	-70.3886
177.2	-70.3889
177.4	-70.3891
177.6	-70.3894
177.8	-70.3896
178	-70.3899
178.2	-70.3901
178.4	-70.3904
178.6	-70.3906
178.8	-70.3909
179	-70.3911
179.2	-70.3914
179.4	-70.3916
179.6	-70.3919
179.8	-70.3921
180	-70.3924
180.2	-70.3926
180.4	-70.3928
180.6	-70.3931
180.8	-70.3933
181	-70.3936
181.2	-70.3938
181.4	-70.3941
181.6	-70.3943
181.8	-70.3945
182	-70.3948
182.2	-70.395
182.4	-70.3953
182.6	-70.3955
182.8	-70.3958
183	-70.396
183.2	-70.3962
183.4	-70.3965
183.6	-70.3967
183.8	-70.397
184	-70.3972
184.2	-70.3974
184.4	-70.3977
184.6	-70.3979
184.8	-70.3981
185	-70.3984
185.2	-70.3986
185.4	-70.3989
185.6	-70.3991
185.8	-70.3993
186	-70.3996
186.2	-70.3998
186.4	-70.4
186.6	-70.4003
186.8	-70.4005
187	-70.4007
187.2	-70.401
187.4	-70.4012
187.6	-70.4014
187.8	-70.4017
188	-70.4019
188.2	-70.4021
188.4	-70.4024
188.6	-70.4026
188.8	-70.4028
189	-70.4031
189.2	-70.4033
189.4	-70.4035
189.6	-70.4037
189.8	-70.404
190	-70.4042
190.2	-70.4044
190.4	-70.4047
190.6	-70.4049
190.8	-70.4051
191	-70.4053
191.2	-70.4056
191.4	-70.4058
191.6	-70.406
191.8	-70.4062
192	-70.4065
192.2	-70.4067
192.4	-70.4069
192.6	-70.4072
192.8	-70.4074
193	-70.4076
193.2	-70.4078
193.4	-70.4081
193.6	-70.4083
193.8	-70.4085
194	-70.4087
194.2	-70.4089
194.4	-70.4092
194.6	-70.4094
194.8	-70.4096
195	-70.4098
195.2	-70.4101
195.4	-70.4103
195.6	-70.4105
195.8	-70.4107
196	-70.4109
196.2	-70.4112
196.4	-70.4114
196.6	-70.4116
196.8	-70.4118
197	-70.412
197.2	-70.4122
197.4	-70.4125
197.6	-70.4127
197.8	-70.4129
198	-70.4131
198.2	-70.4133
198.4	-70.4136
198.6	-70.4138
198.8	-70.414
199	-70.4142
199.2	-70.4144
199.4	-70.4146
199.6	-70.4148
199.8	-70.4151
200	-70.4153
200.2	-70.4155
200.4	-70.4157
200.6	-70.4159
200.8	-70.4161
201	-70.4163
201.2	-70.4165
201.4	-70.4168
201.6	-70.417
201.8	-70.4172
202	-70.4174
202.2	-70.4176
202.4	-70.4178
202.6	-70.418
202.8	-70.4182
203	-70.4184
203.2	-70.4187
203.4	-70.4189
203.6	-70.4191
203.8	-70.4193
204	-70.4195
204.2	-70.4197
204.4	-70.4199
204.6	-70.4201
204.8	-70.4203
205	-70.4205
205.2	-70.4207
205.4	-70.4209
205.6	-70.4211
205.8	-70.4213
206	-70.4216
206.2	-70.4218
206.4	-70.422
206.6	-70.4222
206.8	-70.4224
207	-70.4226
207.2	-70.4228
207.4	-70.423
207.6	-70.4232
207.8	-70.4234
208	-70.4236
208.2	-70.4238
208.4	-70.424
208.6	-70.4242
208.8	-70.4244
209	-70.4246
209.2	-70.4248
209.4	-70.425
209.6	-70.4252
209.8	-70.4254
210	-70.4256
210.2	-70.4258
210.4	-70.426
210.6	-70.4262
210.8	-70.4264
211	-70.4266
211.2	-70.4268
211.4	-70.427
211.6	-70.4272
211.8	-70.4274
212	-70.4276
212.2	-70.4278
212.4	-70.428
212.6	-70.4282
212.8	-70.4284
213	-70.4286
213.2	-70.4288
213.4	-70.429
213.6	-70.4292
213.8	-70.4293
214	-70.4295
214.2	-70.4297
214.4	-70.4299
214.6	-70.4301
214.8	-70.4303
215	-70.4305
215.2	-70.4307
215.4	-70.4309
215.6	-70.4311
215.8	-70.4313
216	-70.4315
216.2	-70.4317
216.4	-70.4319
216.6	-70.432
216.8	-70.4322
217	-70.4324
217.2	-70.4326
217.4	-70.4328
217.6	-70.433
217.8	-70.4332
218	-70.4334
218.2	-70.4336
218.4	-70.4337
218.6	-70.4339
218.8	-70.4341
219	-70.4343
219.2	-70.4345
219.4	-70.4347
219.6	-70.4349
219.8	-70.4351
220	-70.4352
220.2	-70.4354
220.4	-70.4356
220.6	-70.4358
220.8	-70.436
221	-70.4362
221.2	-70.4364
221.4	-70.4365
221.6	-70.4367
221.8	-70.4369
222	-70.4371
222.2	-70.4373
222.4	-70.4375
222.6	-70.4377
222.8	-70.4378
223	-70.438
223.2	-70.4382
223.4	-70.4384
223.6	-70.4386
223.8	-70.4387
224	-70.4389
224.2	-70.4391
224.4	-70.4393
224.6	-70.4395
224.8	-70.4397
225	-70.4398
225.2	-70.44
225.4	-70.4402
225.6	-70.4404
225.8	-70.4406
226	-70.4407
226.2	-70.4409
226.4	-70.4411
226.6	-70.4413
226.8	-70.4414
227	-70.4416
227.2	-70.4418
227.4	-70.442
227.6	-70.4422
227.8	-70.4423
228	-70.4425
228.2	-70.4427
228.4	-70.4429
228.6	-70.443
228.8	-70.4432
229	-70.4434
229.2	-70.4436
229.4	-70.4437
229.6	-70.4439
229.8	-70.4441
230	-70.4443
230.2	-70.4444
230.4	-70.4446
230.6	-70.4448
230.8	-70.445
231	-70.4451
231.2	-70.4453
231.4	-70.4455
231.6	-70.4456
231.8	-70.4458
232	-70.446
232.2	-70.4462
232.4	-70.4463
232.6	-70.4465
232.8	-70.4467
233	-70.4468
233.2	-70.447
233.4	-70.4472
233.6	-70.4473
233.8	-70.4475
234	-70.4477
234.2	-70.4479
234.4	-70.448
234.6	-70.4482
234.8	-70.4484
235	-70.4485
235.2	-70.4487
235.4	-70.4489
235.6	-70.449
235.8	-70.4492
236	-70.4494
236.2	-70.4495
236.4	-70.4497
236.6	-70.4499
236.8	-70.45
237	-70.4502
237.2	-70.4504
237.4	-70.4505
237.6	-70.4507
237.8	-70.4509
238	-70.451
238.2	-70.4512
238.4	-70.4514
238.6	-70.4515
238.8	-70.4517
239	-70.4519
239.2	-70.452
239.4	-70.4522
239.6	-70.4523
239.8	-70.4525
240	-70.4527
240.2	-70.4528
240.4	-70.453
240.6	-70.4532
240.8	-70.4533
241	-70.4535
241.2	-70.4536
241.4	-70.4538
241.6	-70.454
241.8	-70.4541
242	-70.4543
242.2	-70.4544
242.4	-70.4546
242.6	-70.4548
242.8	-70.4549
243	-70.4551
243.2	-70.4552
243.4	-70.4554
243.6	-70.4556
243.8	-70.4557
244	-70.4559
244.2	-70.456
244.4	-70.4562
244.6	-70.4564
244.8	-70.4565
245	-70.4567
245.2	-70.4568
245.4	-70.457
245.6	-70.4571
245.8	-70.4573
246	-70.4574
246.2	-70.4576
246.4	-70.4578
246.6	-70.4579
246.8	-70.4581
247	-70.4582
247.2	-70.4584
247.4	-70.4585
247.6	-70.4587
247.8	-70.4588
248	-70.459
248.2	-70.4592
248.4	-70.4593
248.6	-70.4595
248.8	-70.4596
249	-70.4598
249.2	-70.4599
249.4	-70.4601
249.6	-70.4602
249.8	-70.4604
250	-70.4605
250.2	-70.4607
250.4	-70.4608
250.6	-70.461
250.8	-70.4611
251	-70.4613
251.2	-70.4614
251.4	-70.4616
251.6	-70.4617
251.8	-70.4619
252	-70.462
252.2	-70.4622
252.4	-70.4623
252.6	-70.4625
252.8	-70.4626
253	-70.4628
253.2	-70.4629
253.4	-70.4631
253.6	-70.4632
253.8	-70.4634
254	-70.4635
254.2	-70.4637
254.4	-70.4638
254.6	-70.464
254.8	-70.4641
255	-70.4643
255.2	-70.4644
255.4	-70.4645
255.6	-70.4647
255.8	-70.4648
256	-70.465
256.2	-70.4651
256.4	-70.4653
256.6	-70.4654
256.8	-70.4656
257	-70.4657
257.2	-70.4659
257.4	-70.466
257.6	-70.4661
257.8	-70.4663
258	-70.4664
258.2	-70.4666
258.4	-70.4667
258.6	-70.4669
258.8	-70.467
259	-70.4671
259.2	-70.4673
259.4	-70.4674
259.6	-70.4676
259.8	-70.4677
260	-70.4679
260.2	-70.468
260.4	-70.4681
260.6	-70.4683
260.8	-70.4684
261	-70.4686
261.2	-70.4687
261.4	-70.4688
261.6	-70.469
261.8	-70.4691
262	-70.4693
262.2	-70.4694
262.4	-70.4695
262.6	-70.4697
262.8	-70.4698
263	-70.47
263.2	-70.4701
263.4	-70.4702
263.6	-70.4704
263.8	-70.4705
264	-70.4707
264.2	-70.4708
264.4	-70.4709
264.6	-70.4711
264.8	-70.4712
265	-70.4713
265.2	-70.4715
265.4	-70.4716
265.6	-70.4717
265.8	-70.4719
266	-70.472
266.2	-70.4722
266.4	-70.4723
266.6	-70.4724
266.8	-70.4726
267	-70.4727
267.2	-70.4728
267.4	-70.473
267.6	-70.4731
267.8	-70.4732
268	-70.4734
268.2	-70.4735
268.4	-70.4736
268.6	-70.4738
268.8	-70.4739
269	-70.474
269.2	-70.4742
269.4	-70.4743
269.6	-70.4744
269.8	-70.4746
270	-70.4747
270.2	-70.4748
270.4	-70.475
270.6	-70.4751
270.8	-70.4752
271	-70.4754
271.2	-70.4755
271.4	-70.4756
271.6	-70.4758
271.8	-70.4759
272	-70.476
272.2	-70.4762
272.4	-70.4763
272.6	-70.4764
272.8	-70.4765
273	-70.4767
273.2	-70.4768
273.4	-70.4769
273.6	-70.4771
273.8	-70.4772
274	-70.4773
274.2	-70.4774
274.4	-70.4776
274.6	-70.4777
274.8	-70.4778
275	-70.478
275.2	-70.4781
275.4	-70.4782
275.6	-70.4783
275.8	-70.4785
276	-70.4786
276.2	-70.4787
276.4	-70.4789
276.6	-70.479
276.8	-70.4791
277	-70.4792
277.2	-70.4794
277.4	-70.4795
277.6	-70.4796
277.8	-70.4797
278	-70.4799
278.2	-70.48
278.4	-70.4801
278.6	-70.4802
278.8	-70.4804
279	-70.4805
279.2	-70.4806
279.4	-70.4807
279.6	-70.4809
279.8	-70.481
280	-70.4811
280.2	-70.4812
280.4	-70.4813
280.6	-70.4815
280.8	-70.4816
281	-70.4817
281.2	-70.4818
281.4	-70.482
281.6	-70.4821
281.8	-70.4822
282	-70.4823
282.2	-70.4825
282.4	-70.4826
282.6	-70.4827
282.8	-70.4828
283	-70.4829
283.2	-70.4831
283.4	-70.4832
283.6	-70.4833
283.8	-70.4834
284	-70.4835
284.2	-70.4837
284.4	-70.4838
284.6	-70.4839
284.8	-70.484
285	-70.4841
285.2	-70.4843
285.4	-70.4844
285.6	-70.4845
285.8	-70.4846
286	-70.4847
286.2	-70.4849
286.4	-70.485
286.6	-70.4851
286.8	-70.4852
287	-70.4853
287.2	-70.4854
287.4	-70.4856
287.6	-70.4857
287.8	-70.4858
288	-70.4859
288.2	-70.486
288.4	-70.4861
288.6	-70.4863
288.8	-70.4864
289	-70.4865
289.2	-70.4866
289.4	-70.4867
289.6	-70.4868
289.8	-70.487
290	-70.4871
290.2	-70.4872
290.4	-70.4873
290.6	-70.4874
290.8	-70.4875
291	-70.4876
291.2	-70.4878
291.4	-70.4879
291.6	-70.488
291.8	-70.4881
292	-70.4882
292.2	-70.4883
292.4	-70.4884
292.6	-70.4886
292.8	-70.4887
293	-70.4888
293.2	-70.4889
293.4	-70.489
293.6	-70.4891
293.8	-70.4892
294	-70.4893
294.2	-70.4895
294.4	-70.4896
294.6	-70.4897
294.8	-70.4898
295	-70.4899
295.2	-70.49
295.4	-70.4901
295.6	-70.4902
295.8	-70.4904
296	-70.4905
296.2	-70.4906
296.4	-70.4907
296.6	-70.4908
296.8	-70.4909
297	-70.491
297.2	-70.4911
297.4	-70.4912
297.6	-70.4913
297.8	-70.4915
298	-70.4916
298.2	-70.4917
298.4	-70.4918
298.6	-70.4919
298.8	-70.492
299	-70.4921
299.2	-70.4922
299.4	-70.4923
299.6	-70.4924
299.8	-70.4925
300	-70.4927
300.2	-69.2
300.4	-67.9333
300.6	-66.692
300.8	-65.4755
301	-64.2834
301.2	-63.1152
301.4	-61.9704
301.6	-60.8486
301.8	-59.7492
302	-58.6717
302.2	-57.6157
302.4	-56.5806
302.6	-55.5656
302.8	-54.5699
303	-53.5922
303.2	-52.6308
303.4	-51.6829
303.6	-50.7444
303.8	-49.8088
304	-48.8661
304.2	-47.9001
304.4	-46.8842
304.6	-45.7718
304.8	-44.4731
305	-42.7876
305.2	-40.1386
305.4	-33.8836
305.6	2.14559
305.8	43.7983
306	39.8663
306.2	20.9822
306.4	-3.89462
306.6	-25.5572
306.8	-42.4454
307	-54.8354
307.2	-60.9864
307.4	-63.5419
307.6	-64.2962
307.8	-64.1493
308	-63.5499
308.2	-62.7247
308.4	-61.7898
308.6	-60.8056
308.8	-59.8041
309	-58.8022
309.2	-57.809
309.4	-56.8294
309.6	-55.8659
309.8	-54.9194
310	-53.9901
310.2	-53.0773
310.4	-52.1798
310.6	-51.2951
310.8	-50.4197
311	-49.5478
311.2	-48.671
311.4	-47.7757
311.6	-46.8407
311.8	-45.8304
312	-44.6802
312.2	-43.2588
312.4	-41.2409
312.6	-37.5133
312.8	-24.9063
313	31.1552
313.2	43.0283
313.4	30.3914
313.6	6.83361
313.8	-17.2403
314	-35.565
314.2	-50.2298
314.4	-58.6875
314.6	-62.4835
314.8	-63.885
315	-64.0846
315.2	-63.679
315.4	-62.9692
315.6	-62.1088
315.8	-61.1778
316	-60.218
316.2	-59.2517
316.4	-58.291
316.6	-57.3421
316.8	-56.4084
317	-55.4916
317.2	-54.592
317.4	-53.7096
317.6	-52.8435
317.8	-51.9921
318	-51.153
318.2	-50.3225
318.4	-49.4952
318.6	-48.6629
318.8	-47.813
319	-46.9264
319.2	-45.9713
319.4	-44.8918
319.6	-43.5779
319.8	-41.7717
320	-38.6687
320.2	-29.9622
320.4	19.0631
320.6	43.5371
320.8	34.8276
321	12.987
321.2	-11.8038
321.4	-31.4677
321.6	-47.2243
321.8	-57.2902
322	-61.9833
322.2	-63.8397
322.4	-64.2756
322.6	-63.999
322.8	-63.3648
323	-62.5534
323.2	-61.658
323.4	-60.727
323.6	-59.7862
323.8	-58.8493
324	-57.9235
324.2	-57.0126
324.4	-56.1187
324.6	-55.2423
324.8	-54.3836
325	-53.5421
325.2	-52.7166
325.4	-51.9056
325.6	-51.1066
325.8	-50.316
326	-49.5286
326.2	-48.737
326.4	-47.9299
326.6	-47.0903
326.8	-46.1909
327	-45.1852
327.2	-43.9851
327.4	-42.3964
327.6	-39.8737
327.8	-34.0394
328	-3.02767
328.2	41.7697
328.4	39.1073
328.6	20.1634
328.8	-4.84797
329	-26.3431
329.2	-43.0129
329.4	-55.0242
329.6	-60.9833
329.8	-63.4905
330	-64.2637
330.2	-64.1681
330.4	-63.6364
330.6	-62.8879
330.8	-62.0347
331	-61.1354
331.2	-60.2208
331.4	-59.3072
331.6	-58.4032
331.8	-57.5136
332	-56.6405
332.2	-55.7851
332.4	-54.9475
332.6	-54.1275
332.8	-53.3244
333	-52.5369
333.2	-51.7634
333.4	-51.0012
333.6	-50.2469
333.8	-49.4954
334	-48.7396
334.2	-47.969
334.4	-47.1681
334.6	-46.3122
334.8	-45.3602
335	-44.2364
335.2	-42.7805
335.4	-40.5698
335.6	-35.976
335.8	-16.0211
336	38.8086
336.2	41.7024
336.4	25.6382
336.6	1.15772
336.8	-21.7738
337	-39.2757
337.2	-52.8963
337.4	-60.1209
337.6	-63.2707
337.8	-64.3675
338	-64.4397
338.2	-63.9995
338.4	-63.3044
338.6	-62.4858
338.8	-61.6116
339	-60.7172
339.2	-59.8215
339.4	-58.9343
339.6	-58.0608
339.8	-57.2039
340	-56.3646
340.2	-55.5435
340.4	-54.7403
340.6	-53.9546
340.8	-53.1855
341	-52.4316
341.2	-51.6913
341.4	-50.9619
341.6	-50.2402
341.8	-49.5213
342	-48.7986
342.2	-48.0625
342.4	-47.2992
342.6	-46.4869
342.8	-45.5905
343	-44.547
343.2	-43.229
343.4	-41.3246
343.6	-37.7805
343.8	-25.9982
344	29.8195
344.2	43.2162
344.4	31.1707
344.6	7.89968
344.8	-16.3262
345	-34.9104
345.2	-49.8847
345.4	-58.6685
345.6	-62.6553
345.8	-64.1811
346	-64.4781
346.2	-64.1605
346.4	-63.5364
346.6	-62.7623
346.8	-61.919
347	-61.0484
347.2	-60.1727
347.4	-59.3035
347.6	-58.4472
347.8	-57.6068
348	-56.7838
348.2	-55.979
348.4	-55.1923
348.6	-54.4233
348.8	-53.6713
349	-52.9354
349.2	-52.214
349.4	-51.5053
349.6	-50.8068
349.8	-50.115
350	-49.4252
350.2	-48.7307
350.4	-48.0224
350.6	-47.2867
350.8	-46.5031
351	-45.6383
351.2	-44.6335
351.4	-43.3717
351.6	-41.5733
351.8	-38.3359
352	-28.4825
352.2	24.3817
352.4	43.4998
352.6	33.2674
352.8	10.7719
353	-13.8081
353.2	-32.9998
353.4	-48.4962
353.6	-58.0293
353.8	-62.4296
354	-64.1662
354.2	-64.5742
354.4	-64.319
354.6	-63.7332
354.8	-62.9857
355	-62.1629
355.2	-61.3098
355.4	-60.4502
355.6	-59.5964
355.8	-58.7551
356	-57.9296
356.2	-57.1216
356.4	-56.3317
356.6	-55.56
356.8	-54.8063
357	-54.0698
357.2	-53.3498
357.4	-52.6451
357.6	-51.9542
357.8	-51.2749
358	-50.6047
358.2	-49.9399
358.4	-49.2757
358.6	-48.6054
358.8	-47.9196
359	-47.205
359.2	-46.4407
359.4	-45.5937
359.6	-44.6051
359.8	-43.3581
360	-41.5735
360.2	-38.3492
360.4	-28.5102
360.6	24.4309
360.8	43.5255
361	33.2938
361.2	10.8193
361.4	-13.7595
361.6	-32.9703
361.8	-48.4987
362	-58.0593
362.2	-62.4758
362.4	-64.2247
362.6	-64.6445
362.8	-64.4014
363	-63.8286
363.2	-63.0945
363.4	-62.2858
363.6	-61.4472
363.8	-60.6023
364	-59.7634
364.2	-58.9371
364.4	-58.1268
364.6	-57.3339
364.8	-56.5593
365	-55.8028
365.2	-55.0644
365.4	-54.3435
365.6	-53.6391
365.8	-52.9505
366	-52.2761
366.2	-51.6142
366.4	-50.9627
366.6	-50.3186
366.8	-49.678
367	-49.0358
367.2	-48.3848
367.4	-47.715
367.6	-47.012
367.8	-46.2536
368	-45.4036
368.2	-44.3967
368.4	-43.1001
368.6	-41.1831
368.8	-37.5007
369	-24.5032
369.2	32.5071
369.4	43.1255
369.6	30.2039
369.8	6.68661
370	-17.3264
370.2	-35.7243
370.4	-50.5696
370.6	-59.1064
370.8	-62.9611
371	-64.4329
371.2	-64.7191
371.4	-64.4148
371.6	-63.8177
371.8	-63.0784
372	-62.2746
372.2	-61.4462
372.4	-60.6144
372.6	-59.7902
372.8	-58.9795
373	-58.1851
373.2	-57.4084
373.4	-56.65
373.6	-55.9098
373.8	-55.1877
374	-54.483
374.2	-53.7949
374.4	-53.1226
374.6	-52.4647
374.8	-51.8198
375	-51.1858
375.2	-50.5602
375.4	-49.9397
375.6	-49.3198
375.8	-48.6948
376	-48.0565
376.2	-47.3937
376.4	-46.6895
376.6	-45.9177
376.8	-45.034
377	-43.9558
377.2	-42.5034
377.4	-40.1839
377.6	-34.948
377.8	-8.55832
378	41.0118
378.2	40.1863
378.4	22.3245
378.6	-2.50937
378.8	-24.598
379	-41.6724
379.2	-54.424
379.4	-60.9078
379.6	-63.7031
379.8	-64.6533
380	-64.6855
380.2	-64.2607
380.4	-63.6107
380.6	-62.8534
380.8	-62.0493
381	-61.2303
381.2	-60.4128
381.4	-59.6055
381.6	-58.813
381.8	-58.0374
382	-57.2799
382.2	-56.5407
382.4	-55.8196
382.6	-55.1164
382.8	-54.4304
383	-53.7609
383.2	-53.1068
383.4	-52.467
383.6	-51.84
383.8	-51.2238
384	-50.6161
384.2	-50.0138
384.4	-49.4127
384.6	-48.8076
384.8	-48.1913
385	-47.5536
385.2	-46.88
385.4	-46.148
385.6	-45.3212
385.8	-44.3337
386	-43.0504
386.2	-41.134
386.4	-37.4051
386.6	-23.9416
386.8	33.394
387	43.0873
387.2	29.8776
387.4	6.29505
387.6	-17.6413
387.8	-35.991
388	-50.8082
388.2	-59.2742
388.4	-63.0923
388.6	-64.5518
388.8	-64.8401
389	-64.5462
389.2	-63.9643
389.4	-63.2434
389.6	-62.4595
389.8	-61.6522
390	-60.8421
390.2	-60.04
390.4	-59.2516
390.6	-58.4796
390.8	-57.7254
391	-56.9896
391.2	-56.2721
391.4	-55.5725
391.6	-54.8905
391.8	-54.2254
392	-53.5762
392.2	-52.9421
392.4	-52.3217
392.6	-51.7136
392.8	-51.1157
393	-50.5256
393.2	-49.9403
393.4	-49.3558
393.6	-48.7667
393.8	-48.1661
394	-47.5441
394.2	-46.8866
394.4	-46.1719
394.6	-45.3652
394.8	-44.4037
395	-43.1609
395.2	-41.3259
395.4	-37.8496
395.6	-26.1431
395.8	30.0515
396	43.3069
396.2	31.2787
396.4	8.10023
396.6	-16.1298
396.8	-34.8058
397	-49.937
397.2	-58.8397
397.4	-62.8992
397.6	-64.4846
397.8	-64.8406
398	-64.5855
398.2	-64.0279
398.4	-63.3238
398.6	-62.553
398.8	-61.7568
399	-60.9568
399.2	-60.1642
399.4	-59.385
399.6	-58.6221
399.8	-57.8769
400	-57.1499
400.2	-56.4412
400.4	-55.7506
400.6	-55.0774
400.8	-54.4212
401	-53.7811
401.2	-53.1562
401.4	-52.5454
401.6	-51.9472
401.8	-51.36
402	-50.7815
402.2	-50.2092
402.4	-49.6396
402.6	-49.0683
402.8	-48.4896
403	-47.8954
403.2	-47.2748
403.4	-46.6116
403.6	-45.8806
403.8	-45.0398
404	-44.0111
404.2	-42.6275
404.4	-40.4415
404.6	-35.6754
404.8	-13.3955
405	40.0135
405.2	41.2152
405.4	24.4878
405.6	-0.0826743
405.8	-22.732
406	-40.1662
406.2	-53.6119
406.4	-60.6337
406.6	-63.7028
406.8	-64.7954
407	-64.9081
407.2	-64.5345
407.4	-63.9218
407.6	-63.1951
407.8	-62.4188
408	-61.626
408.2	-60.8342
408.4	-60.0523
408.6	-59.2851
408.8	-58.5349
409	-57.8026
409.2	-57.0887
409.4	-56.3931
409.6	-55.7154
409.8	-55.055
410	-54.4115
410.2	-53.7839
410.4	-53.1714
410.6	-52.5728
410.8	-51.9868
411	-51.4117
411.2	-50.8455
411.4	-50.2857
411.6	-49.7291
411.8	-49.1716
412	-48.6079
412.2	-48.0309
412.4	-47.4307
412.6	-46.793
412.8	-46.0962
413	-45.305
413.2	-44.3563
413.4	-43.1217
413.6	-41.2852
413.8	-37.7712
414	-25.7222
414.2	30.897
414.4	43.2805
414.6	30.9835
414.8	7.72732
415	-16.44
415.2	-35.0579
415.4	-50.1535
415.6	-58.9806
415.8	-62.9998
416	-64.5693
416.2	-64.9233
416.4	-64.6737
416.6	-64.126
416.8	-63.4342
417	-62.6772
417.2	-61.8956
417.4	-61.1107
417.6	-60.3336
417.8	-59.5699
418	-58.8226
418.2	-58.0931
418.4	-57.3818
418.6	-56.6888
418.8	-56.0137
419	-55.3562
419.2	-54.7157
419.4	-54.0914
419.6	-53.4824
419.8	-52.8879
420	-52.3066
420.2	-51.737
420.4	-51.1774
420.6	-50.6256
420.8	-50.079
421	-49.5343
421.2	-48.987
421.4	-48.4316
421.6	-47.8604
421.8	-47.2629
422	-46.6237
422.2	-45.919
422.4	-45.1094
422.6	-44.123
422.8	-42.8086
423	-40.7742
423.2	-36.5542
423.4	-18.9885
423.6	37.8973
423.8	42.3849
424	27.274
424.2	3.16979
424.4	-20.1588
424.6	-38.0635
424.8	-52.3359
425	-60.1084
425.2	-63.5593
425.4	-64.8427
425.6	-65.0536
425.8	-64.7335
426	-64.1523
426.2	-63.4465
426.4	-62.6855
426.6	-61.9055
426.8	-61.125
427	-60.3539
427.2	-59.5972
427.4	-58.8572
427.6	-58.1353
427.8	-57.4317
428	-56.7464
428.2	-56.0791
428.4	-55.4293
428.6	-54.7964
428.8	-54.1798
429	-53.5786
429.2	-52.9918
429.4	-52.4182
429.6	-51.8566
429.8	-51.3053
430	-50.7623
430.2	-50.2251
430.4	-49.6906
430.6	-49.155
430.8	-48.6132
431	-48.0586
431.2	-47.482
431.4	-46.8703
431.6	-46.204
431.8	-45.4515
432	-44.558
432.2	-43.415
432.4	-41.7689
432.6	-38.8287
432.8	-30.3679
433	19.0779
433.2	43.8504
433.4	35.2265
433.6	13.6947
433.8	-11.0578
434	-30.9703
434.2	-47.1014
434.4	-57.5517
434.6	-62.4676
434.8	-64.4806
435	-65.0557
435.2	-64.9189
435.4	-64.4305
435.6	-63.7716
435.8	-63.034
436	-62.2651
436.2	-61.4896
436.4	-60.72
436.6	-59.9631
436.8	-59.2222
437	-58.4988
437.2	-57.7937
437.4	-57.1069
437.6	-56.4383
437.8	-55.7873
438	-55.1536
438.2	-54.5363
438.4	-53.9349
438.6	-53.3483
438.8	-52.7756
439	-52.2156
439.2	-51.6669
439.4	-51.1277
439.6	-50.596
439.8	-50.0692
440	-49.5441
440.2	-49.0167
440.4	-48.4817
440.6	-47.9321
440.8	-47.3584
441	-46.7466
441.2	-46.076
441.4	-45.3124
441.6	-44.3956
441.8	-43.2043
442	-41.444
442.2	-38.142
442.4	-27.4441
442.6	27.6342
442.8	43.4688
443	32.2726
443.2	9.4626
443.4	-14.9372
443.6	-33.9047
443.8	-49.3221
444	-58.6001
444.2	-62.8681
444.4	-64.5672
444.6	-64.9927
444.8	-64.7864
445	-64.2682
445.2	-63.5993
445.4	-62.8618
445.6	-62.0981
445.8	-61.3303
446	-60.5699
446.2	-59.8227
446.4	-59.0917
446.6	-58.3784
446.8	-57.6832
447	-57.0063
447.2	-56.3474
447.4	-55.706
447.6	-55.0816
447.8	-54.4735
448	-53.8811
448.2	-53.3033
448.4	-52.7392
448.6	-52.1877
448.8	-51.6472
449	-51.1161
449.2	-50.5924
449.4	-50.0736
449.6	-49.5565
449.8	-49.0373
450	-48.5108
450.2	-47.9704
450.4	-47.407
450.6	-46.8073
450.8	-46.1518
451	-45.4088
451.2	-44.523
451.4	-43.3853
451.6	-41.739
451.8	-38.7812
452	-30.1829
452.2	19.8225
452.4	43.8358
452.6	35.0044
452.8	13.3716
453	-11.359
453.2	-31.1997
453.4	-47.2936
453.6	-57.6603
453.8	-62.529
454	-64.5219
454.2	-65.091
454.4	-64.9556
454.6	-64.4724
454.8	-63.8208
455	-63.0917
455.2	-62.3319
455.4	-61.5658
455.6	-60.8059
455.8	-60.0587
456	-59.3276
456.2	-58.614
456.4	-57.9187
456.6	-57.2416
456.8	-56.5826
457	-55.9413
457.2	-55.3171
457.4	-54.7095
457.6	-54.1177
457.8	-53.5408
458	-52.978
458.2	-52.4281
458.4	-51.8899
458.6	-51.3618
458.8	-50.8419
459	-50.3282
459.2	-49.8178
459.4	-49.3073
459.6	-48.7924
459.8	-48.2675
460	-47.7251
460.2	-47.1546
460.4	-46.5408
460.6	-45.8603
460.8	-45.0742
461	-44.1115
461.2	-42.8233
461.4	-40.8255
461.6	-36.6941
461.8	-19.7413
462	37.5266
462.2	42.5283
462.4	27.6647
462.6	3.65322
462.8	-19.7656
463	-37.7578
463.2	-52.1672
463.4	-60.068
463.6	-63.5884
463.8	-64.9124
464	-65.1511
464.2	-64.8531
464.4	-64.2919
464.6	-63.6051
464.8	-62.8629
465	-62.1015
465.2	-61.3397
465.4	-60.5873
465.6	-59.8492
465.8	-59.1279
466	-58.4246
466.2	-57.7396
466.4	-57.0728
466.6	-56.4239
466.8	-55.7926
467	-55.1782
467.2	-54.5801
467.4	-53.9975
467.6	-53.4297
467.8	-52.8756
468	-52.3341
468.2	-51.804
468.4	-51.2836
468.6	-50.7711
468.8	-50.2643
469	-49.7605
469.2	-49.2562
469.4	-48.747
469.6	-48.2273
469.8	-47.6896
470	-47.1233
470.2	-46.5131
470.4	-45.8353
470.6	-45.0507
470.8	-44.0875
471	-42.7949
471.2	-40.7813
471.4	-36.5838
471.6	-19.0513
471.8	37.9603
472	42.4075
472.2	27.3189
472.4	3.24584
472.6	-20.0913
472.8	-38.0292
473	-52.3563
473.2	-60.1657
473.4	-63.639
473.6	-64.9408
473.8	-65.1697
474	-64.8685
474.2	-64.3073
474.4	-63.6222
474.6	-62.8827
474.8	-62.1245
475	-61.3662
475.2	-60.6174
475.4	-59.883
475.6	-59.1654
475.8	-58.4658
476	-57.7844
476.2	-57.1213
476.4	-56.4761
476.6	-55.8484
476.8	-55.2377
477	-54.6432
477.2	-54.0643
477.4	-53.5001
477.6	-52.9497
477.8	-52.412
478	-51.8858
478.2	-51.3695
478.4	-50.8614
478.6	-50.3594
478.8	-49.8609
479	-49.3626
479.2	-48.8606
479.4	-48.3495
479.6	-47.8225
479.8	-47.27
480	-46.6784
480.2	-46.027
480.4	-45.2821
480.6	-44.3843
480.8	-43.2138
481	-41.4819
481.2	-38.2404
481.4	-27.8646
481.6	26.7663
481.8	43.5312
482	32.6254
482.2	9.96148
482.4	-14.4891
482.6	-33.5699
482.8	-49.099
483	-58.5232
483.2	-62.872
483.4	-64.6155
483.6	-65.0685
483.8	-64.8822
484	-64.3807
484.2	-63.727
484.4	-63.0042
484.6	-62.255
484.8	-61.5016
485	-60.7554
485.2	-60.0226
485.4	-59.3059
485.6	-58.6069
485.8	-57.926
486	-57.2633
486.2	-56.6185
486.4	-55.9912
486.6	-55.3809
486.8	-54.787
487	-54.2087
487.2	-53.6454
487.4	-53.096
487.6	-52.5596
487.8	-52.0349
488	-51.5206
488.2	-51.015
488.4	-50.5161
488.6	-50.0216
488.8	-49.5284
489	-49.033
489.2	-48.5306
489.4	-48.0151
489.6	-47.4782
489.8	-46.9081
490	-46.2875
490.2	-45.5891
490.4	-44.7665
490.6	-43.7312
490.8	-42.2875
491	-39.8807
491.2	-34.0589
491.4	-1.67271
491.6	42.3707
491.8	39.0284
492	20.0459
492.2	-4.85524
492.4	-26.3587
492.6	-43.2505
492.8	-55.4683
493	-61.532
493.2	-64.1308
493.4	-65.0077
493.6	-65.0322
493.8	-64.6352
494	-64.0325
494.2	-63.3333
494.4	-62.5935
494.6	-61.8423
494.8	-61.0945
495	-60.3581
495.2	-59.6369
495.4	-58.933
495.6	-58.247
495.8	-57.5792
496	-56.9294
496.2	-56.2974
496.4	-55.6826
496.6	-55.0844
496.8	-54.5022
497	-53.9352
497.2	-53.3826
497.4	-52.8435
497.6	-52.3168
497.8	-51.8011
498	-51.295
498.2	-50.7968
498.4	-50.3043
498.6	-49.8149
498.8	-49.3255
499	-48.8321
499.2	-48.3294
499.4	-47.8108
499.6	-47.2669
499.8	-46.6843
500	-46.0429
500.2	-45.3101
500.4	-44.4284
500.6	-43.2833
500.8	-41.6021
501	-38.5095
501.2	-29.0477
501.4	23.6643
501.6	43.6991
501.8	33.7621
502	11.5682
502.2	-13.0328
502.4	-32.4665
502.6	-48.2837
502.8	-58.1519
503	-62.7438
503.2	-64.6071
503.4	-65.12
503.6	-64.9646
503.8	-64.4799
504	-63.836
504.2	-63.1195
504.4	-62.3749
504.6	-61.6252
504.8	-60.8824
505	-60.1526
505.2	-59.439
505.4	-58.7429
505.6	-58.065
505.8	-57.4052
506	-56.7634
506.2	-56.1392
506.4	-55.532
506.6	-54.9412
506.8	-54.3662
507	-53.8062
507.2	-53.2603
507.4	-52.7276
507.6	-52.2069
507.8	-51.697
508	-51.1963
508.2	-50.703
508.4	-50.215
508.6	-49.7295
508.8	-49.2434
509	-48.7525
509.2	-48.2515
509.4	-47.7334
509.6	-47.1885
509.8	-46.6028
510	-45.9551
510.2	-45.2107
510.4	-44.3079
510.6	-43.1212
510.8	-41.3439
511	-37.9433
511.2	-26.48
511.4	29.7522
511.6	43.3694
511.8	31.4846
512	8.42237
512.2	-15.8331
512.4	-34.6085
512.6	-49.8839
512.8	-58.9182
513	-63.0551
513.2	-64.6958
513.4	-65.1006
513.6	-64.8936
513.8	-64.3853
514	-63.7319
514.2	-63.0131
514.4	-62.2699
514.6	-61.5235
514.8	-60.7849
515	-60.0598
515.2	-59.351
515.4	-58.6599
515.6	-57.987
515.8	-57.3321
516	-56.6951
516.2	-56.0756
516.4	-55.4731
516.6	-54.8868
516.8	-54.3162
517	-53.7605
517.2	-53.2188
517.4	-52.6901
517.6	-52.1733
517.8	-51.6672
518	-51.1701
518.2	-50.6803
518.4	-50.1957
518.6	-49.7135
518.8	-49.2305
519	-48.7427
519.2	-48.2447
519.4	-47.7297
519.6	-47.1878
519.8	-46.6054
520	-45.9613
520.2	-45.2214
520.4	-44.3245
520.6	-43.1476
520.8	-41.3899
521	-38.0497
521.2	-26.9865
521.4	28.7476
521.6	43.4205
521.8	31.8659
522	8.93363
522.2	-15.3907
522.4	-34.2667
522.6	-49.6306
522.8	-58.7951
523	-63.0035
523.2	-64.6803
523.4	-65.1039
523.6	-64.9071
523.8	-64.4046
524	-63.7549
524.2	-63.0387
524.4	-62.2975
524.6	-61.5528
524.8	-60.8158
525	-60.0923
525.2	-59.385
525.4	-58.6953
525.6	-58.0237
525.8	-57.3703
526	-56.7347
526.2	-56.1166
526.4	-55.5155
526.6	-54.9306
526.8	-54.3615
527	-53.8072
527.2	-53.267
527.4	-52.7398
527.6	-52.2247
527.8	-51.7203
528	-51.2251
528.2	-50.7373
528.4	-50.2549
528.6	-49.7754
528.8	-49.2956
529	-48.8115
529.2	-48.3182
529.4	-47.8089
529.6	-47.2747
529.8	-46.7026
530	-46.0731
530.2	-45.355
530.4	-44.4936
530.6	-43.3812
530.8	-41.7652
531	-38.8598
531.2	-30.4776
531.4	18.8602
531.6	43.8771
531.8	35.3006
532	13.8365
532.2	-10.9066
532.4	-30.8665
532.6	-47.0669
532.8	-57.5928
533	-62.5526
533.2	-64.5956
533.4	-65.1968
533.6	-65.0858
533.8	-64.624
534	-63.9925
534.2	-63.2832
534.4	-62.5432
534.6	-61.7969
534.8	-61.0568
535	-60.3295
535.2	-59.6181
535.4	-58.9244
535.6	-58.2487
535.8	-57.5913
536	-56.9519
536.2	-56.3301
536.4	-55.7254
536.6	-55.1372
536.8	-54.565
537	-54.0078
537.2	-53.4651
537.4	-52.9357
537.6	-52.4187
537.8	-51.9129
538	-51.4168
538.2	-50.929
538.4	-50.4473
538.6	-49.9695
538.8	-49.4928
539	-49.0135
539.2	-48.5272
539.4	-48.0281
539.6	-47.5084
539.8	-46.9569
540	-46.3577
540.2	-45.6856
540.4	-44.8986
540.6	-43.9185
540.8	-42.5768
541	-40.4211
541.2	-35.6414
541.4	-12.8352
541.6	40.3113
541.8	41.1032
542	24.2518
542.2	-0.305997
542.4	-22.8998
542.6	-40.3608
542.8	-53.8209
543	-60.8303
543.2	-63.9041
543.4	-65.0167
543.6	-65.1602
543.8	-64.8249
544	-64.2554
544.2	-63.5751
544.4	-62.8472
544.6	-62.104
544.8	-61.3626
545	-60.6314
545.2	-59.9151
545.4	-59.2158
545.6	-58.5344
545.8	-57.8712
546	-57.226
546.2	-56.5987
546.4	-55.9886
546.6	-55.3953
546.8	-54.8182
547	-54.2565
547.2	-53.7095
547.4	-53.1763
547.6	-52.6559
547.8	-52.1472
548	-51.649
548.2	-51.1598
548.4	-50.6776
548.6	-50.2006
548.8	-49.726
549	-49.2507
549.2	-48.7708
549.4	-48.2813
549.6	-47.7754
549.8	-47.244
550	-46.674
550.2	-46.0458
550.4	-45.3277
550.6	-44.4642
550.8	-43.3454
551	-41.7123
551.2	-38.7512
551.4	-30.0377
551.6	20.5439
551.8	43.8449
552	34.816
552.2	13.114
552.4	-11.5883
552.6	-31.3802
552.8	-47.4718
553	-57.7914
553.2	-62.6339
553.4	-64.6208
553.6	-65.1959
553.8	-65.0736
554	-64.6078
554.2	-63.9761
554.4	-63.2685
554.6	-62.5311
554.8	-61.7878
555	-61.051
555.2	-60.3271
555.4	-59.6192
555.6	-58.9289
555.8	-58.2568
556	-57.6028
556.2	-56.9667
556.4	-56.3483
556.6	-55.7469
556.8	-55.162
557	-54.593
557.2	-54.0391
557.4	-53.4995
557.6	-52.9734
557.8	-52.4596
558	-51.957
558.2	-51.4643
558.4	-50.9799
558.6	-50.5019
558.8	-50.0281
559	-49.5556
559.2	-49.0812
559.4	-48.6005
559.6	-48.1081
559.8	-47.5965
560	-47.0556
560.2	-46.4705
560.4	-45.8183
560.6	-45.0616
560.8	-44.1317
561	-42.8865
561.2	-40.9637
561.4	-37.0546
561.6	-21.7843
561.8	36.065
562	42.8519
562.2	28.7014
562.4	4.91841
562.6	-18.7387
562.8	-36.9331
563	-51.6285
563.2	-59.8403
563.4	-63.5281
563.6	-64.9427
563.8	-65.2349
564	-64.973
564.2	-64.4393
564.4	-63.776
564.6	-63.0555
564.8	-62.3148
565	-61.5732
565.2	-60.8408
565.4	-60.1225
565.6	-59.4209
565.8	-58.7372
566	-58.0716
566.2	-57.4243
566.4	-56.7947
566.6	-56.1826
566.8	-55.5874
567	-55.0086
567.2	-54.4453
567.4	-53.897
567.6	-53.3627
567.8	-52.8415
568	-52.3324
568.2	-51.8343
568.4	-51.3455
568.6	-50.8646
568.8	-50.3896
569	-49.9181
569.2	-49.4473
569.4	-48.9737
569.6	-48.4927
569.8	-47.9986
570	-47.4834
570.2	-46.9362
570.4	-46.341
570.6	-45.6726
570.8	-44.8889
571	-43.9117
571.2	-42.5725
571.4	-40.4181
571.6	-35.6351
571.8	-12.7737
572	40.3347
572.2	41.0889
572.4	24.2226
572.6	-0.336138
572.8	-22.9228
573	-40.3835
573.2	-53.8402
573.4	-60.8453
573.6	-63.9177
573.8	-65.0308
574	-65.1759
574.2	-64.8429
574.4	-64.2761
574.6	-63.5988
574.8	-62.8739
575	-62.134
575.2	-61.3957
575.4	-60.6679
575.6	-59.9548
575.8	-59.2588
576	-58.5806
576.2	-57.9206
576.4	-57.2787
576.6	-56.6546
576.8	-56.0477
577	-55.4576
577.2	-54.8836
577.4	-54.3251
577.6	-53.7813
577.8	-53.2513
578	-52.7342
578.2	-52.229
578.4	-51.7343
578.6	-51.2488
578.8	-50.7707
579	-50.2981
579.2	-49.8285
579.4	-49.359
579.6	-48.8859
579.8	-48.4046
580	-47.9089
580.2	-47.3905
580.4	-46.8379
580.6	-46.2338
580.8	-45.5512
581	-44.7438
581.2	-43.7239
581.4	-42.2976
581.6	-39.9163
581.8	-34.1699
582	-2.34634
582.2	42.2941
582.4	39.1341
582.6	20.2574
582.8	-4.6282
583	-26.19
583.2	-43.1234
583.4	-55.4183
583.6	-61.5345
583.8	-64.1631
584	-65.0596
584.2	-65.0993
584.4	-64.7159
584.6	-64.1261
584.8	-63.4397
585	-62.7128
585.2	-61.9743
585.4	-61.2394
585.6	-60.5158
585.8	-59.8075
586	-59.1163
586.2	-58.443
586.4	-57.7879
586.6	-57.1508
586.8	-56.5313
587	-55.9289
587.2	-55.3432
587.4	-54.7735
587.6	-54.2191
587.8	-53.6792
588	-53.1529
588.2	-52.6394
588.4	-52.1374
588.6	-51.6458
588.8	-51.163
589	-50.6873
589.2	-50.2167
589.4	-49.7486
589.6	-49.28
589.8	-48.8072
590	-48.3253
590.2	-47.8279
590.4	-47.3063
590.6	-46.7483
590.8	-46.1355
591	-45.4389
591.2	-44.6081
591.4	-43.5457
591.6	-42.0298
591.8	-39.4027
592	-32.4859
592.2	8.93409
592.4	43.582
592.6	37.4171
592.8	17.1784
593	-7.68639
593.2	-28.4589
593.4	-45.095
593.6	-56.5769
593.8	-62.1205
594	-64.455
594.2	-65.2022
594.4	-65.1657
594.6	-64.7431
594.8	-64.1333
595	-63.4367
595.2	-62.7049
595.4	-61.9643
595.6	-61.2289
595.8	-60.5055
596	-59.7978
596.2	-59.1076
596.4	-58.4354
596.6	-57.7814
596.8	-57.1455
597	-56.5272
597.2	-55.9261
597.4	-55.3415
597.6	-54.773
597.8	-54.2197
598	-53.6809
598.2	-53.1558
598.4	-52.6433
598.6	-52.1425
598.8	-51.6519
599	-51.1702
599.2	-50.6956
599.4	-50.2261
599.6	-49.7591
599.8	-49.2918
600	-48.8203
600.2	-48.3398
600.4	-47.8441
600.6	-47.3245
600.8	-46.769
601	-46.1596
601.2	-45.4677
601.4	-44.6441
601.6	-43.5941
601.8	-42.1037
602	-39.5465
602.2	-32.9728
602.4	5.91433
602.6	43.3369
602.8	37.9063
603	18.0081
603.2	-6.87531
603.4	-27.8566
603.6	-44.5763
603.8	-56.2818
604	-61.9756
604.2	-64.3869
604.4	-65.1731
604.6	-65.1569
604.8	-64.745
605	-64.1409
605.2	-63.4476
605.4	-62.7178
605.6	-61.9785
605.8	-61.2439
606	-60.5213
606.2	-59.8142
606.4	-59.1244
606.6	-58.4527
606.8	-57.7992
607	-57.1637
607.2	-56.5458
607.4	-55.9451
607.6	-55.3611
607.8	-54.793
608	-54.2401
608.2	-53.7018
608.4	-53.1772
608.6	-52.6653
608.8	-52.1649
609	-51.675
609.2	-51.1939
609.4	-50.7201
609.6	-50.2514
609.8	-49.7855
610	-49.3194
610.2	-48.8493
610.4	-48.3707
610.6	-47.8772
610.8	-47.3606
611	-46.8092
611.2	-46.2054
611.4	-45.5219
611.6	-44.7115
611.8	-43.6846
612	-42.2416
612.2	-39.8127
612.4	-33.8446
612.6	-0.0130306
612.8	42.6419
613	38.7832
613.2	19.5899
613.4	-5.30543
613.6	-26.6935
613.8	-43.5623
614	-55.6824
614.2	-61.6702
614.4	-64.2333
614.6	-65.0973
614.8	-65.1212
615	-64.7305
615.2	-64.1379
615.4	-63.4509
615.6	-62.7246
615.8	-61.9874
616	-61.2542
616.2	-60.5325
616.4	-59.8261
616.6	-59.1369
616.8	-58.4657
617	-57.8126
617.2	-57.1775
617.4	-56.56
617.6	-55.9597
617.8	-55.376
618	-54.8082
618.2	-54.2558
618.4	-53.7179
618.6	-53.1937
618.8	-52.6821
619	-52.1823
619.2	-51.6928
619.4	-51.2123
619.6	-50.7391
619.8	-50.2711
620	-49.806
620.2	-49.3408
620.4	-48.872
620.6	-48.3948
620.8	-47.9032
621	-47.389
621.2	-46.8408
621.4	-46.2415
621.6	-45.5645
621.8	-44.7644
622	-43.7555
622.2	-42.3488
622.4	-40.016
622.6	-34.4773
622.8	-4.54492
623	41.9408
623.2	39.4822
623.4	20.9403
623.6	-3.91905
623.8	-25.6602
624	-42.6724
624.2	-55.1577
624.4	-61.414
624.6	-64.1145
624.8	-65.0479
625	-65.1073
625.2	-64.7348
625.4	-64.1516
625.6	-63.4695
625.8	-62.7459
626	-62.0101
626.2	-61.2775
626.4	-60.5561
626.6	-59.8499
626.8	-59.1607
627	-58.4895
627.2	-57.8364
627.4	-57.2012
627.6	-56.5837
627.8	-55.9833
628	-55.3996
628.2	-54.8318
628.4	-54.2794
628.6	-53.7415
628.8	-53.2173
629	-52.7059
629.2	-52.2062
629.4	-51.7169
629.6	-51.2367
629.8	-50.7638
630	-50.2963
630.2	-49.8318
630.4	-49.3675
630.6	-48.8996
630.8	-48.4238
631	-47.9339
631.2	-47.4222
631.4	-46.8773
631.6	-46.2827
631.8	-45.6127
632	-44.8237
632.2	-43.8338
632.4	-42.4656
632.6	-40.2321
632.8	-35.1168
633	-9.14057
633.2	41.1105
633.4	40.3151
633.6	22.6156
633.8	-2.12508
634	-24.3029
634.2	-41.5306
634.4	-54.5022
634.6	-61.124
634.8	-64.0077
635	-65.0312
635.2	-65.135
635.4	-64.7842
635.6	-64.2115
635.8	-63.5341
636	-62.8122
636.2	-62.0767
636.4	-61.3436
636.6	-60.6213
636.8	-59.9139
637	-59.2236
637.2	-58.5512
637.4	-57.8968
637.6	-57.2605
637.8	-56.6419
638	-56.0404
638.2	-55.4556
638.4	-54.8869
638.6	-54.3336
638.8	-53.7948
639	-53.2699
639.2	-52.7578
639.4	-52.2575
639.6	-51.7678
639.8	-51.2873
640	-50.8143
640.2	-50.3469
640.4	-49.8828
640.6	-49.4191
640.8	-48.9525
641	-48.4784
641.2	-47.9911
641.4	-47.4829
641.6	-46.9432
641.8	-46.3561
642	-45.6973
642.2	-44.9262
642.4	-43.9673
642.6	-42.6605
642.8	-40.5816
643	-36.085
643.2	-15.8015
643.4	39.4673
643.6	41.744
643.8	25.6767
644	1.33734
644.2	-21.6083
644.4	-39.3013
644.6	-53.2043
644.8	-60.589
645	-63.8509
645.2	-65.0566
645.4	-65.2477
645.6	-64.9381
645.8	-64.3836
646	-63.7133
646.2	-62.9927
646.4	-62.2556
646.6	-61.5196
646.8	-60.7937
647	-60.0824
647.2	-59.3881
647.4	-58.7116
647.6	-58.0534
647.8	-57.4132
648	-56.7909
648.2	-56.1858
648.4	-55.5976
648.6	-55.0256
648.8	-54.4691
649	-53.9274
649.2	-53.3998
649.4	-52.8852
649.6	-52.3827
649.8	-51.891
650	-51.4089
650.2	-50.9348
650.4	-50.4668
650.6	-50.0027
650.8	-49.5399
651	-49.075
651.2	-48.6039
651.4	-48.1212
651.6	-47.62
651.8	-47.0904
652	-46.5182
652.2	-45.882
652.4	-45.1465
652.6	-44.2486
652.8	-43.0594
653	-41.2605
653.2	-37.7643
653.4	-25.5717
653.6	31.4446
653.8	43.288
654	30.8472
654.2	7.5996
654.4	-16.5279
654.6	-35.1602
654.8	-50.321
655	-59.166
655.2	-63.2
655.4	-64.7924
655.6	-65.1776
655.8	-64.9658
656	-64.4606
656.2	-63.8146
656.4	-63.1055
656.6	-62.3732
656.8	-61.6384
657	-60.9118
657.2	-60.1989
657.4	-59.5024
657.6	-58.8235
657.8	-58.1627
658	-57.52
658.2	-56.8952
658.4	-56.2877
658.6	-55.6971
658.8	-55.1228
659	-54.5642
659.2	-54.0205
659.4	-53.4909
659.6	-52.9746
659.8	-52.4705
660	-51.9775
660.2	-51.4943
660.4	-51.0194
660.6	-50.551
660.8	-50.0869
661	-49.6246
661.2	-49.1609
661.4	-48.6918
661.6	-48.2124
661.8	-47.7159
662	-47.1932
662.2	-46.6311
662.4	-46.01
662.6	-45.298
662.8	-44.4394
663	-43.3234
663.2	-41.6885
663.4	-38.7101
663.6	-29.8692
663.8	21.1726
664	43.8263
664.2	34.619
664.4	12.8294
664.6	-11.8525
664.8	-31.5815
665	-47.6371
665.2	-57.8815
665.4	-62.6822
665.6	-64.6508
665.8	-65.2197
666	-65.0974
666.2	-64.6349
666.4	-64.0081
666.6	-63.3063
666.8	-62.5752
667	-61.8386
667.2	-61.1086
667.4	-60.3915
667.6	-59.6904
667.8	-59.0069
668	-58.3415
668.2	-57.6942
668.4	-57.0649
668.6	-56.4531
668.8	-55.8583
669	-55.28
669.2	-54.7176
669.4	-54.1702
669.6	-53.6372
669.8	-53.1177
670	-52.6108
670.2	-52.1153
670.4	-51.6299
670.6	-51.1533
670.8	-50.6836
671	-50.219
671.2	-49.7569
671.4	-49.2944
671.6	-48.8278
671.8	-48.3524
672	-47.862
672.2	-47.3484
672.4	-46.7998
672.6	-46.1988
672.8	-45.5179
673	-44.7104
673.2	-43.6868
673.4	-42.2484
673.6	-39.8287
673.8	-33.8962
674	-0.363773
674.2	42.595
674.4	38.8339
674.6	19.6874
674.8	-5.20559
675	-26.6195
675.2	-43.5007
675.4	-55.6494
675.6	-61.6575
675.8	-64.2315
676	-65.1017
676.2	-65.1297
676.4	-64.742
676.6	-64.1518
676.8	-63.467
677	-62.7428
677.2	-62.0078
677.4	-61.2766
677.6	-60.5568
677.8	-59.8524
678	-59.1652
678.2	-58.4959
678.4	-57.8448
678.6	-57.2116
678.8	-56.5961
679	-55.9977
679.2	-55.4159
679.4	-54.8501
679.6	-54.2996
679.8	-53.7636
680	-53.2413
680.2	-52.7318
680.4	-52.234
680.6	-51.7467
680.8	-51.2685
681	-50.7977
681.2	-50.3324
681.4	-49.8704
681.6	-49.4087
681.8	-48.9439
682	-48.4716
682.2	-47.9861
682.4	-47.4797
682.6	-46.9416
682.8	-46.3563
683	-45.6996
683.2	-44.9307
683.4	-43.9751
683.6	-42.6734
683.8	-40.6056
684	-36.1491
684.2	-16.2145
684.4	39.3251
684.6	41.8327
684.8	25.8825
685	1.57792
685.2	-21.4174
685.4	-39.1447
685.6	-53.1104
685.8	-60.5512
686	-63.8414
686.2	-65.0612
686.4	-65.2595
686.6	-64.9538
686.8	-64.4016
687	-63.7328
687.2	-63.0134
687.4	-62.2773
687.6	-61.5421
687.8	-60.817
688	-60.1065
688.2	-59.4129
688.4	-58.7373
688.6	-58.0798
688.8	-57.4404
689	-56.8188
689.2	-56.2146
689.4	-55.6271
689.6	-55.0559
689.8	-54.5002
690	-53.9594
690.2	-53.4326
690.4	-52.9188
690.6	-52.4172
690.8	-51.9266
691	-51.4455
691.2	-50.9726
691.4	-50.5059
691.6	-50.0433
691.8	-49.5822
692	-49.1194
692.2	-48.6509
692.4	-48.1715
692.6	-47.6743
692.8	-47.15
693	-46.5851
693.2	-45.9593
693.4	-45.2394
693.6	-44.367
693.8	-43.2249
694	-41.5314
694.2	-38.3719
694.4	-28.4265
694.6	25.493
694.8	43.6168
695	33.1206
695.2	10.672
695.4	-13.8424
695.6	-33.0871
695.8	-48.7737
696	-58.4101
696.2	-62.8761
696.4	-64.6829
696.6	-65.1745
696.8	-65.0157
697	-64.5368
697.2	-63.9036
697.4	-63.2004
697.6	-62.4705
697.8	-61.7362
698	-61.0092
698.2	-60.2954
698.4	-59.5977
698.6	-58.9176
698.8	-58.2556
699	-57.6117
699.2	-56.9856
699.4	-56.3769
699.6	-55.7852
699.8	-55.2099
700	-54.6503
700.2	-55.3897
700.4	-56.1079
700.6	-56.8055
700.8	-57.4829
701	-58.1404
701.2	-58.7785
701.4	-59.3978
701.6	-59.9987
701.8	-60.5818
702	-61.1475
702.2	-61.6964
702.4	-62.229
702.6	-62.7457
702.8	-63.247
703	-63.7333
703.2	-64.2051
703.4	-64.6628
703.6	-65.1069
703.8	-65.5377
704	-65.9555
704.2	-66.3609
704.4	-66.7541
704.6	-67.1356
704.8	-67.5056
705	-67.8645
705.2	-68.2126
705.4	-68.5502
705.6	-68.8777
705.8	-69.1953
706	-69.5034
706.2	-69.8022
706.4	-70.0919
706.6	-70.3729
706.8	-70.6454
707	-70.9097
707.2	-71.1659
707.4	-71.4144
707.6	-71.6553
707.8	-71.8889
708	-72.1154
708.2	-72.335
708.4	-72.5479
708.6	-72.7543
708.8	-72.9544
709	-73.1484
709.2	-73.3364
709.4	-73.5186
709.6	-73.6952
709.8	-73.8664
710	-74.0323
710.2	-74.1931
710.4	-74.3489
710.6	-74.4999
710.8	-74.6462
711	-74.7879
711.2	-74.9252
711.4	-75.0582
711.6	-75.187
711.8	-75.3118
712	-75.4327
712.2	-75.5498
712.4	-75.6631
712.6	-75.7729
712.8	-75.8792
713	-75.982
713.2	-76.0816
713.4	-76.1781
713.6	-76.2714
713.8	-76.3617
714	-76.449
714.2	-76.5336
714.4	-76.6154
714.6	-76.6945
714.8	-76.771
715	-76.845
715.2	-76.9165
715.4	-76.9857
715.6	-77.0526
715.8	-77.1172
716	-77.1796
716.2	-77.24
716.4	-77.2983
716.6	-77.3546
716.8	-77.4089
717	-77.4614
717.2	-77.5121
717.4	-77.561
717.6	-77.6081
717.8	-77.6537
718	-77.6975
718.2	-77.7399
718.4	-77.7806
718.6	-77.8199
718.8	-77.8578
719	-77.8943
719.2	-77.9294
719.4	-77.9632
719.6	-77.9957
719.8	-78.0269
720	-78.057
720.2	-78.0859
720.4	-78.1136
720.6	-78.1402
720.8	-78.1658
721	-78.1903
721.2	-78.2138
721.4	-78.2363
721.6	-78.2579
721.8	-78.2785
722	-78.2983
722.2	-78.3171
722.4	-78.3352
722.6	-78.3524
722.8	-78.3687
723	-78.3844
723.2	-78.3992
723.4	-78.4133
723.6	-78.4267
723.8	-78.4395
724	-78.4515
724.2	-78.4629
724.4	-78.4737
724.6	-78.4838
724.8	-78.4934
725	-78.5023
725.2	-78.5107
725.4	-78.5186
725.6	-78.5259
725.8	-78.5328
726	-78.5391
726.2	-78.5449
726.4	-78.5502
726.6	-78.5551
726.8	-78.5596
727	-78.5636
727.2	-78.5672
727.4	-78.5704
727.6	-78.5732
727.8	-78.5756
728	-78.5777
728.2	-78.5793
728.4	-78.5807
728.6	-78.5816
728.8	-78.5823
729	-78.5826
729.2	-78.5826
729.4	-78.5824
729.6	-78.5818
729.8	-78.5809
730	-78.5798
730.2	-78.5784
730.4	-78.5767
730.6	-78.5748
730.8	-78.5726
731	-78.5702
731.2	-78.5675
731.4	-78.5647
731.6	-78.5616
731.8	-78.5583
732	-78.5548
732.2	-78.5511
732.4	-78.5472
732.6	-78.5431
732.8	-78.5388
733	-78.5344
733.2	-78.5298
733.4	-78.525
733.6	-78.52
733.8	-78.5149
734	-78.5097
734.2	-78.5043
734.4	-78.4988
734.6	-78.4931
734.8	-78.4873
735	-78.4813
735.2	-78.4752
735.4	-78.469
735.6	-78.4627
735.8	-78.4563
736	-78.4498
736.2	-78.4431
736.4	-78.4364
736.6	-78.4295
736.8	-78.4226
737	-78.4155
737.2	-78.4084
737.4	-78.4012
737.6	-78.3938
737.8	-78.3865
738	-78.379
738.2	-78.3714
738.4	-78.3638
738.6	-78.3561
738.8	-78.3483
739	-78.3405
739.2	-78.3325
739.4	-78.3246
739.6	-78.3165
739.8	-78.3084
740	-78.3003
740.2	-78.2921
740.4	-78.2838
740.6	-78.2755
740.8	-78.2671
741	-78.2587
741.2	-78.2502
741.4	-78.2417
741.6	-78.2331
741.8	-78.2245
742	-78.2159
742.2	-78.2072
742.4	-78.1985
742.6	-78.1898
742.8	-78.181
743	-78.1721
743.2	-78.1633
743.4	-78.1544
743.6	-78.1455
743.8	-78.1365
744	-78.1276
744.2	-78.1186
744.4	-78.1095
744.6	-78.1005
744.8	-78.0914
745	-78.0823
745.2	-78.0732
745.4	-78.0641
745.6	-78.0549
745.8	-78.0457
746	-78.0365
746.2	-78.0273
746.4	-78.0181
746.6	-78.0089
746.8	-77.9996
747	-77.9903
747.2	-77.981
747.4	-77.9717
747.6	-77.9624
747.8	-77.9531
748	-77.9438
748.2	-77.9344
748.4	-77.9251
748.6	-77.9157
748.8	-77.9063
749	-77.897
749.2	-77.8876
749.4	-77.8782
749.6	-77.8688
749.8	-77.8594
750	-77.85
750.2	-77.8406
750.4	-77.8312
750.6	-77.8217
750.8	-77.8123
751	-77.8029
751.2	-77.7935
751.4	-77.784
751.6	-77.7746
751.8	-77.7652
752	-77.7558
752.2	-77.7463
752.4	-77.7369
752.6	-77.7275
752.8	-77.718
753	-77.7086
753.2	-77.6992
753.4	-77.6897
753.6	-77.6803
753.8	-77.6709
754	-77.6615
754.2	-77.652
754.4	-77.6426
754.6	-77.6332
754.8	-77.6238
755	-77.6144
755.2	-77.605
755.4	-77.5956
755.6	-77.5862
755.8	-77.5768
756	-77.5674
756.2	-77.5581
756.4	-77.5487
756.6	-77.5393
756.8	-77.53
757	-77.5206
757.2	-77.5113
757.4	-77.5019
757.6	-77.4926
757.8	-77.4832
758	-77.4739
758.2	-77.4646
758.4	-77.4553
758.6	-77.446
758.8	-77.4367
759	-77.4274
759.2	-77.4181
759.4	-77.4089
759.6	-77.3996
759.8	-77.3903
760	-77.3811
760.2	-77.3718
760.4	-77.3626
760.6	-77.3534
760.8	-77.3442
761	-77.3349
761.2	-77.3257
761.4	-77.3166
761.6	-77.3074
761.8	-77.2982
762	-77.289
762.2	-77.2799
762.4	-77.2707
762.6	-77.2616
762.8	-77.2524
763	-77.2433
763.2	-77.2342
763.4	-77.2251
763.6	-77.216
763.8	-77.2069
764	-77.1979
764.2	-77.1888
764.4	-77.1798
764.6	-77.1707
764.8	-77.1617
765	-77.1527
765.2	-77.1436
765.4	-77.1346
765.6	-77.1256
765.8	-77.1167
766	-77.1077
766.2	-77.0987
766.4	-77.0898
766.6	-77.0808
766.8	-77.0719
767	-77.063
767.2	-77.0541
767.4	-77.0452
767.6	-77.0363
767.8	-77.0274
768	-77.0185
768.2	-77.0097
768.4	-77.0008
768.6	-76.992
768.8	-76.9832
769	-76.9743
769.2	-76.9655
769.4	-76.9567
769.6	-76.948
769.8	-76.9392
770	-76.9304
770.2	-76.9217
770.4	-76.9129
770.6	-76.9042
770.8	-76.8955
771	-76.8868
771.2	-76.8781
771.4	-76.8694
771.6	-76.8607
771.8	-76.852
772	-76.8434
772.2	-76.8347
772.4	-76.8261
772.6	-76.8175
772.8	-76.8089
773	-76.8003
773.2	-76.7917
773.4	-76.7831
773.6	-76.7745
773.8	-76.766
774	-76.7574
774.2	-76.7489
774.4	-76.7404
774.6	-76.7319
774.8	-76.7234
775	-76.7149
775.2	-76.7064
775.4	-76.6979
775.6	-76.6895
775.8	-76.681
776	-76.6726
776.2	-76.6642
776.4	-76.6558
776.6	-76.6473
776.8	-76.639
777	-76.6306
777.2	-76.6222
777.4	-76.6139
777.6	-76.6055
777.8	-76.5972
778	-76.5888
778.2	-76.5805
778.4	-76.5722
778.6	-76.5639
778.8	-76.5557
779	-76.5474
779.2	-76.5391
779.4	-76.5309
779.6	-76.5226
779.8	-76.5144
780	-76.5062
780.2	-76.498
780.4	-76.4898
780.6	-76.4816
780.8	-76.4734
781	-76.4653
781.2	-76.4571
781.4	-76.449
781.6	-76.4409
781.8	-76.4328
782	-76.4247
782.2	-76.4166
782.4	-76.4085
782.6	-76.4004
782.8	-76.3923
783	-76.3843
783.2	-76.3763
783.4	-76.3682
783.6	-76.3602
783.8	-76.3522
784	-76.3442
784.2	-76.3362
784.4	-76.3282
784.6	-76.3203
784.8	-76.3123
785	-76.3044
785.2	-76.2964
785.4	-76.2885
785.6	-76.2806
785.8	-76.2727
786	-76.2648
786.2	-76.2569
786.4	-76.2491
786.6	-76.2412
786.8	-76.2334
787	-76.2255
787.2	-76.2177
787.4	-76.2099
787.6	-76.2021
787.8	-76.1943
788	-76.1865
788.2	-76.1787
788.4	-76.171
788.6	-76.1632
788.8	-76.1555
789	-76.1478
789.2	-76.14
789.4	-76.1323
789.6	-76.1246
789.8	-76.117
790	-76.1093
790.2	-76.1016
790.4	-76.0939
790.6	-76.0863
790.8	-76.0787
791	-76.071
791.2	-76.0634
791.4	-76.0558
791.6	-76.0482
791.8	-76.0407
792	-76.0331
792.2	-76.0255
792.4	-76.018
792.6	-76.0104
792.8	-76.0029
793	-75.9954
793.2	-75.9879
793.4	-75.9804
793.6	-75.9729
793.8	-75.9654
794	-75.9579
794.2	-75.9505
794.4	-75.943
794.6	-75.9356
794.8	-75.9282
795	-75.9207
795.2	-75.9133
795.4	-75.9059
795.6	-75.8986
795.8	-75.8912
796	-75.8838
796.2	-75.8764
796.4	-75.8691
796.6	-75.8618
796.8	-75.8544
797	-75.8471
797.2	-75.8398
797.4	-75.8325
797.6	-75.8252
797.8	-75.818
798	-75.8107
798.2	-75.8034
798.4	-75.7962
798.6	-75.789
798.8	-75.7817
799	-75.7745
799.2	-75.7673
799.4	-75.7601
799.6	-75.7529
799.8	-75.7458
800	-75.7386
800.2	-75.7314
800.4	-75.7243
800.6	-75.7171
800.8	-75.71
801	-75.7029
801.2	-75.6958
801.4	-75.6887
801.6	-75.6816
801.8	-75.6745
802	-75.6675
802.2	-75.6604
802.4	-75.6534
802.6	-75.6463
802.8	-75.6393
803	-75.6323
803.2	-75.6253
803.4	-75.6183
803.6	-75.6113
803.8	-75.6043
804	-75.5973
804.2	-75.5904
804.4	-75.5834
804.6	-75.5765
804.8	-75.5695
805	-75.5626
805.2	-75.5557
805.4	-75.5488
805.6	-75.5419
805.8	-75.535
806	-75.5282
806.2	-75.5213
806.4	-75.5144
806.6	-75.5076
806.8	-75.5007
807	-75.4939
807.2	-75.4871
807.4	-75.4803
807.6	-75.4735
807.8	-75.4667
808	-75.4599
808.2	-75.4532
808.4	-75.4464
808.6	-75.4396
808.8	-75.4329
809	-75.4262
809.2	-75.4194
809.4	-75.4127
809.6	-75.406
809.8	-75.3993
810	-75.3926
810.2	-75.386
810.4	-75.3793
810.6	-75.3726
810.8	-75.366
811	-75.3593
811.2	-75.3527
811.4	-75.3461
811.6	-75.3395
811.8	-75.3329
812	-75.3263
812.2	-75.3197
812.4	-75.3131
812.6	-75.3066
812.8	-75.3
813	-75.2934
813.2	-75.2869
813.4	-75.2804
813.6	-75.2739
813.8	-75.2673
814	-75.2608
814.2	-75.2543
814.4	-75.2479
814.6	-75.2414
814.8	-75.2349
815	-75.2285
815.2	-75.222
815.4	-75.2156
815.6	-75.2091
815.8	-75.2027
816	-75.1963
816.2	-75.1899
816.4	-75.1835
816.6	-75.1771
816.8	-75.1707
817	-75.1644
817.2	-75.158
817.4	-75.1516
817.6	-75.1453
817.8	-75.139
818	-75.1326
818.2	-75.1263
818.4	-75.12
818.6	-75.1137
818.8	-75.1074
819	-75.1012
819.2	-75.0949
819.4	-75.0886
819.6	-75.0824
819.8	-75.0761
820	-75.0699
820.2	-75.0636
820.4	-75.0574
820.6	-75.0512
820.8	-75.045
821	-75.0388
821.2	-75.0326
821.4	-75.0265
821.6	-75.0203
821.8	-75.0141
822	-75.008
822.2	-75.0018
822.4	-74.9957
822.6	-74.9896
822.8	-74.9834
823	-74.9773
823.2	-74.9712
823.4	-74.9651
823.6	-74.9591
823.8	-74.953
824	-74.9469
824.2	-74.9409
824.4	-74.9348
824.6	-74.9288
824.8	-74.9227
825	-74.9167
825.2	-74.9107
825.4	-74.9047
825.6	-74.8987
825.8	-74.8927
826	-74.8867
826.2	-74.8807
826.4	-74.8748
826.6	-74.8688
826.8	-74.8629
827	-74.8569
827.2	-74.851
827.4	-74.8451
827.6	-74.8391
827.8	-74.8332
828	-74.8273
828.2	-74.8214
828.4	-74.8156
828.6	-74.8097
828.8	-74.8038
829	-74.798
829.2	-74.7921
829.4	-74.7863
829.6	-74.7804
829.8	-74.7746
830	-74.7688
830.2	-74.763
830.4	-74.7572
830.6	-74.7514
830.8	-74.7456
831	-74.7398
831.2	-74.734
831.4	-74.7283
831.6	-74.7225
831.8	-74.7168
832	-74.711
832.2	-74.7053
832.4	-74.6996
832.6	-74.6939
832.8	-74.6881
833	-74.6824
833.2	-74.6768
833.4	-74.6711
833.6	-74.6654
833.8	-74.6597
834	-74.6541
834.2	-74.6484
834.4	-74.6428
834.6	-74.6371
834.8	-74.6315
835	-74.6259
835.2	-74.6203
835.4	-74.6147
835.6	-74.6091
835.8	-74.6035
836	-74.5979
836.2	-74.5923
836.4	-74.5868
836.6	-74.5812
836.8	-74.5757
837	-74.5701
837.2	-74.5646
837.4	-74.5591
837.6	-74.5535
837.8	-74.548
838	-74.5425
838.2	-74.537
838.4	-74.5315
838.6	-74.5261
838.8	-74.5206
839	-74.5151
839.2	-74.5097
839.4	-74.5042
839.6	-74.4988
839.8	-74.4933
840	-74.4879
840.2	-74.4825
840.4	-74.4771
840.6	-74.4717
840.8	-74.4663
841	-74.4609
841.2	-74.4555
841.4	-74.4501
841.6	-74.4447
841.8	-74.4394
842	-74.434
842.2	-74.4287
842.4	-74.4233
842.6	-74.418
842.8	-74.4127
843	-74.4074
843.2	-74.4021
843.4	-74.3968
843.6	-74.3915
843.8	-74.3862
844	-74.3809
844.2	-74.3756
844.4	-74.3704
844.6	-74.3651
844.8	-74.3599
845	-74.3546
845.2	-74.3494
845.4	-74.3442
845.6	-74.3389
845.8	-74.3337
846	-74.3285
846.2	-74.3233
846.4	-74.3181
846.6	-74.313
846.8	-74.3078
847	-74.3026
847.2	-74.2974
847.4	-74.2923
847.6	-74.2871
847.8	-74.282
848	-74.2769
848.2	-74.2717
848.4	-74.2666
848.6	-74.2615
848.8	-74.2564
849	-74.2513
849.2	-74.2462
849.4	-74.2411
849.6	-74.236
849.8	-74.231
850	-74.2259
850.2	-74.2209
850.4	-74.2158
850.6	-74.2108
850.8	-74.2057
851	-74.2007
851.2	-74.1957
851.4	-74.1907
851.6	-74.1857
851.8	-74.1807
852	-74.1757
852.2	-74.1707
852.4	-74.1657
852.6	-74.1607
852.8	-74.1558
853	-74.1508
853.2	-74.1459
853.4	-74.1409
853.6	-74.136
853.8	-74.131
854	-74.1261
854.2	-74.1212
854.4	-74.1163
854.6	-74.1114
854.8	-74.1065
855	-74.1016
855.2	-74.0967
855.4	-74.0918
855.6	-74.087
855.8	-74.0821
856	-74.0772
856.2	-74.0724
856.4	-74.0676
856.6	-74.0627
856.8	-74.0579
857	-74.0531
857.2	-74.0483
857.4	-74.0434
857.6	-74.0386
857.8	-74.0338
858	-74.0291
858.2	-74.0243
858.4	-74.0195
858.6	-74.0147
858.8	-74.01
859	-74.0052
859.2	-74.0005
859.4	-73.9957
859.6	-73.991
859.8	-73.9863
860	-73.9815
860.2	-73.9768
860.4	-73.9721
860.6	-73.9674
860.8	-73.9627
861	-73.958
861.2	-73.9533
861.4	-73.9487
861.6	-73.944
861.8	-73.9393
862	-73.9347
862.2	-73.93
862.4	-73.9254
862.6	-73.9207
862.8	-73.9161
863	-73.9115
863.2	-73.9069
863.4	-73.9022
863.6	-73.8976
863.8	-73.893
864	-73.8885
864.2	-73.8839
864.4	-73.8793
864.6	-73.8747
864.8	-73.8701
865	-73.8656
865.2	-73.861
865.4	-73.8565
865.6	-73.8519
865.8	-73.8474
866	-73.8429
866.2	-73.8383
866.4	-73.8338
866.6	-73.8293
866.8	-73.8248
867	-73.8203
867.2	-73.8158
867.4	-73.8113
867.6	-73.8069
867.8	-73.8024
868	-73.7979
868.2	-73.7935
868.4	-73.789
868.6	-73.7846
868.8	-73.7801
869	-73.7757
869.2	-73.7712
869.4	-73.7668
869.6	-73.7624
869.8	-73.758
870	-73.7536
870.2	-73.7492
870.4	-73.7448
870.6	-73.7404
870.8	-73.736
871	-73.7317
871.2	-73.7273
871.4	-73.7229
871.6	-73.7186
871.8	-73.7142
872	-73.7099
872.2	-73.7055
872.4	-73.7012
872.6	-73.6969
872.8	-73.6926
873	-73.6882
873.2	-73.6839
873.4	-73.6796
873.6	-73.6753
873.8	-73.671
874	-73.6668
874.2	-73.6625
874.4	-73.6582
874.6	-73.6539
874.8	-73.6497
875	-73.6454
875.2	-73.6412
875.4	-73.6369
875.6	-73.6327
875.8	-73.6285
876	-73.6242
876.2	-73.62
876.4	-73.6158
876.6	-73.6116
876.8	-73.6074
877	-73.6032
877.2	-73.599
877.4	-73.5948
877.6	-73.5907
877.8	-73.5865
878	-73.5823
878.2	-73.5781
878.4	-73.574
878.6	-73.5698
878.8	-73.5657
879	-73.5616
879.2	-73.5574
879.4	-73.5533
879.6	-73.5492
879.8	-73.5451
880	-73.541
880.2	-73.5369
880.4	-73.5328
880.6	-73.5287
880.8	-73.5246
881	-73.5205
881.2	-73.5164
881.4	-73.5124
881.6	-73.5083
881.8	-73.5042
882	-73.5002
882.2	-73.4961
882.4	-73.4921
882.6	-73.4881
882.8	-73.484
883	-73.48
883.2	-73.476
883.4	-73.472
883.6	-73.468
883.8	-73.464
884	-73.46
884.2	-73.456
884.4	-73.452
884.6	-73.448
884.8	-73.444
885	-73.4401
885.2	-73.4361
885.4	-73.4321
885.6	-73.4282
885.8	-73.4242
886	-73.4203
886.2	-73.4164
886.4	-73.4124
886.6	-73.4085
886.8	-73.4046
887	-73.4007
887.2	-73.3968
887.4	-73.3929
887.6	-73.389
887.8	-73.3851
888	-73.3812
888.2	-73.3773
888.4	-73.3734
888.6	-73.3696
888.8	-73.3657
889	-73.3618
889.2	-73.358
889.4	-73.3541
889.6	-73.3503
889.8	-73.3465
890	-73.3426
890.2	-73.3388
890.4	-73.335
890.6	-73.3312
890.8	-73.3273
891	-73.3235
891.2	-73.3197
891.4	-73.3159
891.6	-73.3121
891.8	-73.3084
892	-73.3046
892.2	-73.3008
892.4	-73.297
892.6	-73.2933
892.8	-73.2895
893	-73.2858
893.2	-73.282
893.4	-73.2783
893.6	-73.2745
893.8	-73.2708
894	-73.2671
894.2	-73.2633
894.4	-73.2596
894.6	-73.2559
894.8	-73.2522
895	-73.2485
895.2	-73.2448
895.4	-73.2411
895.6	-73.2374
895.8	-73.2337
896	-73.2301
896.2	-73.2264
896.4	-73.2227
896.6	-73.2191
896.8	-73.2154
897	-73.2118
897.2	-73.2081
897.4	-73.2045
897.6	-73.2008
897.8	-73.1972
898	-73.1936
898.2	-73.19
898.4	-73.1863
898.6	-73.1827
898.8	-73.1791
899	-73.1755
899.2	-73.1719
899.4	-73.1683
899.6	-73.1648
899.8	-73.1612
900	-73.1576
900.2	-73.154
900.4	-73.1505
900.6	-73.1469
900.8	-73.1433
901	-73.1398
901.2	-73.1363
901.4	-73.1327
901.6	-73.1292
901.8	-73.1256
902	-73.1221
902.2	-73.1186
902.4	-73.1151
902.6	-73.1116
902.8	-73.1081
903	-73.1046
903.2	-73.1011
903.4	-73.0976
903.6	-73.0941
903.8	-73.0906
904	-73.0871
904.2	-73.0836
904.4	-73.0802
904.6	-73.0767
904.8	-73.0733
905	-73.0698
905.2	-73.0664
905.4	-73.0629
905.6	-73.0595
905.8	-73.056
906	-73.0526
906.2	-73.0492
906.4	-73.0458
906.6	-73.0423
906.8	-73.0389
907	-73.0355
907.2	-73.0321
907.4	-73.0287
907.6	-73.0253
907.8	-73.0219
908	-73.0186
908.2	-73.0152
908.4	-73.0118
908.6	-73.0084
908.8	-73.0051
909	-73.0017
909.2	-72.9984
909.4	-72.995
909.6	-72.9917
909.8	-72.9883
910	-72.985
910.2	-72.9817
910.4	-72.9783
910.6	-72.975
910.8	-72.9717
911	-72.9684
911.2	-72.9651
911.4	-72.9618
911.6	-72.9585
911.8	-72.9552
912	-72.9519
912.2	-72.9486
912.4	-72.9453
912.6	-72.9421
912.8	-72.9388
913	-72.9355
913.2	-72.9323
913.4	-72.929
913.6	-72.9257
913.8	-72.9225
914	-72.9193
914.2	-72.916
914.4	-72.9128
914.6	-72.9095
914.8	-72.9063
915	-72.9031
915.2	-72.8999
915.4	-72.8967
915.6	-72.8935
915.8	-72.8903
916	-72.887
916.2	-72.8839
916.4	-72.8807
916.6	-72.8775
916.8	-72.8743
917	-72.8711
917.2	-72.8679
917.4	-72.8648
917.6	-72.8616
917.8	-72.8585
918	-72.8553
918.2	-72.8521
918.4	-72.849
918.6	-72.8459
918.8	-72.8427
919	-72.8396
919.2	-72.8365
919.4	-72.8333
919.6	-72.8302
919.8	-72.8271
920	-72.824
920.2	-72.8209
920.4	-72.8178
920.6	-72.8147
920.8	-72.8116
921	-72.8085
921.2	-72.8054
921.4	-72.8023
921.6	-72.7992
921.8	-72.7962
922	-72.7931
922.2	-72.79
922.4	-72.787
922.6	-72.7839
922.8	-72.7809
923	-72.7778
923.2	-72.7748
923.4	-72.7717
923.6	-72.7687
923.8	-72.7657
924	-72.7626
924.2	-72.7596
924.4	-72.7566
924.6	-72.7536
924.8	-72.7506
925	-72.7476
925.2	-72.7446
925.4	-72.7416
925.6	-72.7386
925.8	-72.7356
926	-72.7326
926.2	-72.7296
926.4	-72.7266
926.6	-72.7237
926.8	-72.7207
927	-72.7177
927.2	-72.7148
927.4	-72.7118
927.6	-72.7089
927.8	-72.7059
928	-72.703
928.2	-72.7
928.4	-72.6971
928.6	-72.6942
928.8	-72.6912
929	-72.6883
929.2	-72.6854
929.4	-72.6825
929.6	-72.6796
929.8	-72.6767
930	-72.6738
930.2	-72.6709
930.4	-72.668
930.6	-72.6651
930.8	-72.6622
931	-72.6593
931.2	-72.6564
931.4	-72.6535
931.6	-72.6507
931.8	-72.6478
932	-72.6449
932.2	-72.6421
932.4	-72.6392
932.6	-72.6364
932.8	-72.6335
933	-72.6307
933.2	-72.6278
933.4	-72.625
933.6	-72.6222
933.8	-72.6194
934	-72.6165
934.2	-72.6137
934.4	-72.6109
934.6	-72.6081
934.8	-72.6053
935	-72.6025
935.2	-72.5997
935.4	-72.5969
935.6	-72.5941
935.8	-72.5913
936	-72.5885
936.2	-72.5857
936.4	-72.5829
936.6	-72.5802
936.8	-72.5774
937	-72.5746
937.2	-72.5719
937.4	-72.5691
937.6	-72.5664
937.8	-72.5636
938	-72.5609
938.2	-72.5581
938.4	-72.5554
938.6	-72.5526
938.8	-72.5499
939	-72.5472
939.2	-72.5445
939.4	-72.5417
939.6	-72.539
939.8	-72.5363
940	-72.5336
940.2	-72.5309
940.4	-72.5282
940.6	-72.5255
940.8	-72.5228
941	-72.5201
941.2	-72.5174
941.4	-72.5147
941.6	-72.5121
941.8	-72.5094
942	-72.5067
942.2	-72.5041
942.4	-72.5014
942.6	-72.4987
942.8	-72.4961
943	-72.4934
943.2	-72.4908
943.4	-72.4881
943.6	-72.4855
943.8	-72.4828
944	-72.4802
944.2	-72.4776
944.4	-72.4749
944.6	-72.4723
944.8	-72.4697
945	-72.4671
945.2	-72.4645
945.4	-72.4619
945.6	-72.4593
945.8	-72.4567
946	-72.4541
946.2	-72.4515
946.4	-72.4489
946.6	-72.4463
946.8	-72.4437
947	-72.4411
947.2	-72.4385
947.4	-72.436
947.6	-72.4334
947.8	-72.4308
948	-72.4283
948.2	-72.4257
948.4	-72.4232
948.6	-72.4206
948.8	-72.4181
949	-72.4155
949.2	-72.413
949.4	-72.4104
949.6	-72.4079
949.8	-72.4054
950	-72.4028
950.2	-72.4003
950.4	-72.3978
950.6	-72.3953
950.8	-72.3928
951	-72.3903
951.2	-72.3877
951.4	-72.3852
951.6	-72.3827
951.8	-72.3802
952	-72.3778
952.2	-72.3753
952.4	-72.3728
952.6	-72.3703
952.8	-72.3678
953	-72.3653
953.2	-72.3629
953.4	-72.3604
953.6	-72.3579
953.8	-72.3555
954	-72.353
954.2	-72.3506
954.4	-72.3481
954.6	-72.3457
954.8	-72.3432
955	-72.3408
955.2	-72.3383
955.4	-72.3359
955.6	-72.3335
955.8	-72.331
956	-72.3286
956.2	-72.3262
956.4	-72.3238
956.6	-72.3214
956.8	-72.319
957	-72.3165
957.2	-72.3141
957.4	-72.3117
957.6	-72.3093
957.8	-72.3069
958	-72.3046
958.2	-72.3022
958.4	-72.2998
958.6	-72.2974
958.8	-72.295
959	-72.2926
959.2	-72.2903
959.4	-72.2879
959.6	-72.2855
959.8	-72.2832
960	-72.2808
960.2	-72.2785
960.4	-72.2761
960.6	-72.2738
960.8	-72.2714
961	-72.2691
961.2	-72.2667
961.4	-72.2644
961.6	-72.2621
961.8	-72.2597
962	-72.2574
962.2	-72.2551
962.4	-72.2528
962.6	-72.2505
962.8	-72.2481
963	-72.2458
963.2	-72.2435
963.4	-72.2412
963.6	-72.2389
963.8	-72.2366
964	-72.2343
964.2	-72.232
964.4	-72.2298
964.6	-72.2275
964.8	-72.2252
965	-72.2229
965.2	-72.2206
965.4	-72.2184
965.6	-72.2161
965.8	-72.2138
966	-72.2116
966.2	-72.2093
966.4	-72.2071
966.6	-72.2048
966.8	-72.2026
967	-72.2003
967.2	-72.1981
967.4	-72.1958
967.6	-72.1936
967.8	-72.1913
968	-72.1891
968.2	-72.1869
968.4	-72.1847
968.6	-72.1824
968.8	-72.1802
969	-72.178
969.2	-72.1758
969.4	-72.1736
969.6	-72.1714
969.8	-72.1692
970	-72.167
970.2	-72.1648
970.4	-72.1626
970.6	-72.1604
970.8	-72.1582
971	-72.156
971.2	-72.1538
971.4	-72.1517
971.6	-72.1495
971.8	-72.1473
972	-72.1451
972.2	-72.143
972.4	-72.1408
972.6	-72.1386
972.8	-72.1365
973	-72.1343
973.2	-72.1322
973.4	-72.13
973.6	-72.1279
973.8	-72.1257
974	-72.1236
974.2	-72.1215
974.4	-72.1193
974.6	-72.1172
974.8	-72.1151
975	-72.1129
975.2	-72.1108
975.4	-72.1087
975.6	-72.1066
975.8	-72.1045
976	-72.1023
976.2	-72.1002
976.4	-72.0981
976.6	-72.096
976.8	-72.0939
977	-72.0918
977.2	-72.0897
977.4	-72.0877
977.6	-72.0856
977.8	-72.0835
978	-72.0814
978.2	-72.0793
978.4	-72.0772
978.6	-72.0752
978.8	-72.0731
979	-72.071
979.2	-72.069
979.4	-72.0669
979.6	-72.0648
979.8	-72.0628
980	-72.0607
980.2	-72.0587
980.4	-72.0566
980.6	-72.0546
980.8	-72.0526
981	-72.0505
981.2	-72.0485
981.4	-72.0464
981.6	-72.0444
981.8	-72.0424
982	-72.0404
982.2	-72.0383
982.4	-72.0363
982.6	-72.0343
982.8	-72.0323
983	-72.0303
983.2	-72.0283
983.4	-72.0263
983.6	-72.0243
983.8	-72.0223
984	-72.0203
984.2	-72.0183
984.4	-72.0163
984.6	-72.0143
984.8	-72.0123
985	-72.0103
985.2	-72.0083
985.4	-72.0064
985.6	-72.0044
985.8	-72.0024
986	-72.0004
986.2	-71.9985
986.4	-71.9965
986.6	-71.9945
986.8	-71.9926
987	-71.9906
987.2	-71.9887
987.4	-71.9867
987.6	-71.9848
987.8	-71.9828
988	-71.9809
988.2	-71.9789
988.4	-71.977
988.6	-71.9751
988.8	-71.9731
989	-71.9712
989.2	-71.9693
989.4	-71.9674
989.6	-71.9654
989.8	-71.9635
990	-71.9616
990.2	-71.9597
990.4	-71.9578
990.6	-71.9559
990.8	-71.954
991	-71.9521
991.2	-71.9502
991.4	-71.9483
991.6	-71.9464
991.8	-71.9445
992	-71.9426
992.2	-71.9407
992.4	-71.9388
992.6	-71.9369
992.8	-71.9351
993	-71.9332
993.2	-71.9313
993.4	-71.9294
993.6	-71.9276
993.8	-71.9257
994	-71.9238
994.2	-71.922
994.4	-71.9201
994.6	-71.9183
994.8	-71.9164
995	-71.9145
995.2	-71.9127
995.4	-71.9109
995.6	-71.909
995.8	-71.9072
996	-71.9053
996.2	-71.9035
996.4	-71.9017
996.6	-71.8998
996.8	-71.898
997	-71.8962
997.2	-71.8943
997.4	-71.8925
997.6	-71.8907
997.8	-71.8889
998	-71.8871
998.2	-71.8853
998.4	-71.8835
998.6	-71.8817
998.8	-71.8799
999	-71.8781
999.2	-71.8763
999.4	-71.8745
999.6	-71.8727
999.8	-71.8709
1000	-71.8691
