label:PY[0].soma.m_im
5001
0	0
0.2	3.70744e-05
0.4	7.41019e-05
0.6	0.000111083
0.8	0.000148016
1	0.000184903
1.2	0.000221743
1.4	0.000258537
1.6	0.000295283
1.8	0.000331983
2	0.000368636
2.2	0.000405243
2.4	0.000441802
2.6	0.000478316
2.8	0.000514782
3	0.000551203
3.2	0.000587576
3.4	0.000623904
3.6	0.000660185
3.8	0.000696419
4	0.000732607
4.2	0.000768749
4.4	0.000804844
4.6	0.000840894
4.8	0.000876897
5	0.000912854
5.2	0.000948765
5.4	0.000984629
5.6	0.00102045
5.8	0.00105622
6	0.00109195
6.2	0.00112763
6.4	0.00116326
6.6	0.00119885
6.8	0.0012344
7	0.00126989
7.2	0.00130534
7.4	0.00134075
7.6	0.00137611
7.8	0.00141143
8	0.00144669
8.2	0.00148192
8.4	0.0015171
8.6	0.00155223
8.8	0.00158732
9	0.00162236
9.2	0.00165736
9.4	0.00169231
9.6	0.00172721
9.8	0.00176207
10	0.00179689
10.2	0.00183166
10.4	0.00186639
10.6	0.00190107
10.8	0.0019357
11	0.00197029
11.2	0.00200484
11.4	0.00203934
11.6	0.0020738
11.8	0.00210821
12	0.00214258
12.2	0.0021769
12.4	0.00221118
12.6	0.00224541
12.8	0.0022796
13	0.00231374
13.2	0.00234784
13.4	0.0023819
13.6	0.00241591
13.8	0.00244988
14	0.0024838
14.2	0.00251768
14.4	0.00255151
14.6	0.0025853
14.8	0.00261905
15	0.00265275
15.2	0.00268641
15.4	0.00272003
15.6	0.0027536
15.8	0.00278712
16	0.00282061
16.2	0.00285405
16.4	0.00288744
16.6	0.00292079
16.8	0.0029541
17	0.00298737
17.2	0.00302059
17.4	0.00305377
17.6	0.0030869
17.8	0.00311999
18	0.00315304
18.2	0.00318605
18.4	0.00321901
18.6	0.00325193
18.8	0.00328481
19	0.00331764
19.2	0.00335043
19.4	0.00338318
19.6	0.00341588
19.8	0.00344854
20	0.00348116
20.2	0.00351374
20.4	0.00354627
20.6	0.00357876
20.8	0.00361121
21	0.00364361
21.2	0.00367598
21.4	0.0037083
21.6	0.00374058
21.8	0.00377281
22	0.003805
22.2	0.00383716
22.4	0.00386927
22.6	0.00390133
22.8	0.00393336
23	0.00396534
23.2	0.00399728
23.4	0.00402918
23.6	0.00406104
23.8	0.00409285
24	0.00412463
24.2	0.00415636
24.4	0.00418805
24.6	0.0042197
24.8	0.00425131
25	0.00428287
25.2	0.00431439
25.4	0.00434588
25.6	0.00437732
25.8	0.00440872
26	0.00444008
26.2	0.00447139
26.4	0.00450267
26.6	0.0045339
26.8	0.0045651
27	0.00459625
27.2	0.00462736
27.4	0.00465843
27.6	0.00468946
27.8	0.00472045
28	0.0047514
28.2	0.00478231
28.4	0.00481318
28.6	0.004844
28.8	0.00487479
29	0.00490553
29.2	0.00493624
29.4	0.0049669
29.6	0.00499753
29.8	0.00502811
30	0.00505865
30.2	0.00508916
30.4	0.00511962
30.6	0.00515004
30.8	0.00518042
31	0.00521077
31.2	0.00524107
31.4	0.00527133
31.6	0.00530155
31.8	0.00533174
32	0.00536188
32.2	0.00539198
32.4	0.00542205
32.6	0.00545207
32.8	0.00548205
33	0.005512
33.2	0.0055419
33.4	0.00557177
33.6	0.0056016
33.8	0.00563138
34	0.00566113
34.2	0.00569084
34.4	0.00572051
34.6	0.00575014
34.8	0.00577973
35	0.00580928
35.2	0.00583879
35.4	0.00586827
35.6	0.0058977
35.8	0.0059271
36	0.00595645
36.2	0.00598577
36.4	0.00601505
36.6	0.00604429
36.8	0.0060735
37	0.00610266
37.2	0.00613178
37.4	0.00616087
37.6	0.00618992
37.8	0.00621893
38	0.0062479
38.2	0.00627683
38.4	0.00630573
38.6	0.00633459
38.8	0.0063634
39	0.00639219
39.2	0.00642093
39.4	0.00644963
39.6	0.0064783
39.8	0.00650693
40	0.00653552
40.2	0.00656407
40.4	0.00659259
40.6	0.00662106
40.8	0.0066495
41	0.00667791
41.2	0.00670627
41.4	0.0067346
41.6	0.00676289
41.8	0.00679114
42	0.00681935
42.2	0.00684753
42.4	0.00687567
42.6	0.00690377
42.8	0.00693184
43	0.00695987
43.2	0.00698786
43.4	0.00701581
43.6	0.00704373
43.8	0.00707161
44	0.00709945
44.2	0.00712726
44.4	0.00715503
44.6	0.00718276
44.8	0.00721046
45	0.00723812
45.2	0.00726574
45.4	0.00729333
45.6	0.00732088
45.8	0.00734839
46	0.00737587
46.2	0.00740331
46.4	0.00743071
46.6	0.00745808
46.8	0.00748541
47	0.0075127
47.2	0.00753996
47.4	0.00756719
47.6	0.00759437
47.8	0.00762152
48	0.00764864
48.2	0.00767572
48.4	0.00770276
48.6	0.00772977
48.8	0.00775674
49	0.00778367
49.2	0.00781057
49.4	0.00783744
49.6	0.00786427
49.8	0.00789106
50	0.00791782
50.2	0.00794454
50.4	0.00797122
50.6	0.00799788
50.8	0.00802449
51	0.00805107
51.2	0.00807762
51.4	0.00810413
51.6	0.0081306
51.8	0.00815704
52	0.00818344
52.2	0.00820981
52.4	0.00823615
52.6	0.00826245
52.8	0.00828871
53	0.00831494
53.2	0.00834114
53.4	0.0083673
53.6	0.00839342
53.8	0.00841951
54	0.00844557
54.2	0.00847159
54.4	0.00849758
54.6	0.00852353
54.8	0.00854945
55	0.00857533
55.2	0.00860118
55.4	0.00862699
55.6	0.00865277
55.8	0.00867852
56	0.00870423
56.2	0.00872991
56.4	0.00875555
56.6	0.00878116
56.8	0.00880674
57	0.00883228
57.2	0.00885779
57.4	0.00888326
57.6	0.0089087
57.8	0.00893411
58	0.00895948
58.2	0.00898482
58.4	0.00901012
58.6	0.00903539
58.8	0.00906063
59	0.00908584
59.2	0.00911101
59.4	0.00913614
59.6	0.00916125
59.8	0.00918632
60	0.00921135
60.2	0.00923636
60.4	0.00926133
60.6	0.00928627
60.8	0.00931117
61	0.00933604
61.2	0.00936088
61.4	0.00938568
61.6	0.00941046
61.8	0.00943519
62	0.0094599
62.2	0.00948457
62.4	0.00950921
62.6	0.00953382
62.8	0.0095584
63	0.00958294
63.2	0.00960745
63.4	0.00963192
63.6	0.00965637
63.8	0.00968078
64	0.00970516
64.2	0.00972951
64.4	0.00975382
64.6	0.0097781
64.8	0.00980235
65	0.00982657
65.2	0.00985075
65.4	0.00987491
65.6	0.00989903
65.8	0.00992312
66	0.00994717
66.2	0.0099712
66.4	0.00999519
66.6	0.0100192
66.8	0.0100431
67	0.010067
67.2	0.0100908
67.4	0.0101147
67.6	0.0101385
67.8	0.0101622
68	0.010186
68.2	0.0102097
68.4	0.0102334
68.6	0.010257
68.8	0.0102806
69	0.0103042
69.2	0.0103278
69.4	0.0103513
69.6	0.0103748
69.8	0.0103982
70	0.0104216
70.2	0.010445
70.4	0.0104684
70.6	0.0104917
70.8	0.010515
71	0.0105383
71.2	0.0105615
71.4	0.0105847
71.6	0.0106079
71.8	0.010631
72	0.0106542
72.2	0.0106772
72.4	0.0107003
72.6	0.0107233
72.8	0.0107463
73	0.0107693
73.2	0.0107922
73.4	0.0108151
73.6	0.010838
73.8	0.0108608
74	0.0108836
74.2	0.0109064
74.4	0.0109291
74.6	0.0109519
74.8	0.0109745
75	0.0109972
75.2	0.0110198
75.4	0.0110424
75.6	0.011065
75.8	0.0110875
76	0.01111
76.2	0.0111325
76.4	0.0111549
76.6	0.0111774
76.8	0.0111997
77	0.0112221
77.2	0.0112444
77.4	0.0112667
77.6	0.011289
77.8	0.0113112
78	0.0113334
78.2	0.0113556
78.4	0.0113777
78.6	0.0113999
78.8	0.011422
79	0.011444
79.2	0.011466
79.4	0.011488
79.6	0.01151
79.8	0.011532
80	0.0115539
80.2	0.0115757
80.4	0.0115976
80.6	0.0116194
80.8	0.0116412
81	0.011663
81.2	0.0116847
81.4	0.0117064
81.6	0.0117281
81.8	0.0117498
82	0.0117714
82.2	0.011793
82.4	0.0118145
82.6	0.0118361
82.8	0.0118576
83	0.011879
83.2	0.0119005
83.4	0.0119219
83.6	0.0119433
83.8	0.0119647
84	0.011986
84.2	0.0120073
84.4	0.0120286
84.6	0.0120498
84.8	0.0120711
85	0.0120922
85.2	0.0121134
85.4	0.0121345
85.6	0.0121557
85.8	0.0121767
86	0.0121978
86.2	0.0122188
86.4	0.0122398
86.6	0.0122608
86.8	0.0122817
87	0.0123026
87.2	0.0123235
87.4	0.0123444
87.6	0.0123652
87.8	0.012386
88	0.0124067
88.2	0.0124275
88.4	0.0124482
88.6	0.0124689
88.8	0.0124896
89	0.0125102
89.2	0.0125308
89.4	0.0125514
89.6	0.0125719
89.8	0.0125924
90	0.0126129
90.2	0.0126334
90.4	0.0126538
90.6	0.0126743
90.8	0.0126946
91	0.012715
91.2	0.0127353
91.4	0.0127556
91.6	0.0127759
91.8	0.0127962
92	0.0128164
92.2	0.0128366
92.4	0.0128567
92.6	0.0128769
92.8	0.012897
93	0.0129171
93.2	0.0129371
93.4	0.0129572
93.6	0.0129772
93.8	0.0129972
94	0.0130171
94.2	0.013037
94.4	0.0130569
94.6	0.0130768
94.8	0.0130967
95	0.0131165
95.2	0.0131363
95.4	0.0131561
95.6	0.0131758
95.8	0.0131955
96	0.0132152
96.2	0.0132349
96.4	0.0132545
96.6	0.0132741
96.8	0.0132937
97	0.0133132
97.2	0.0133328
97.4	0.0133523
97.6	0.0133718
97.8	0.0133912
98	0.0134106
98.2	0.01343
98.4	0.0134494
98.6	0.0134688
98.8	0.0134881
99	0.0135074
99.2	0.0135266
99.4	0.0135459
99.6	0.0135651
99.8	0.0135843
100	0.0136035
100.2	0.0136226
100.4	0.0136417
100.6	0.0136608
100.8	0.0136799
101	0.0136989
101.2	0.0137179
101.4	0.0137369
101.6	0.0137559
101.8	0.0137748
102	0.0137937
102.2	0.0138126
102.4	0.0138315
102.6	0.0138503
102.8	0.0138691
103	0.0138879
103.2	0.0139067
103.4	0.0139254
103.6	0.0139441
103.8	0.0139628
104	0.0139815
104.2	0.0140001
104.4	0.0140187
104.6	0.0140373
104.8	0.0140559
105	0.0140744
105.2	0.0140929
105.4	0.0141114
105.6	0.0141298
105.8	0.0141483
106	0.0141667
106.2	0.0141851
106.4	0.0142034
106.6	0.0142218
106.8	0.0142401
107	0.0142584
107.2	0.0142766
107.4	0.0142949
107.6	0.0143131
107.8	0.0143313
108	0.0143495
108.2	0.0143676
108.4	0.0143857
108.6	0.0144038
108.8	0.0144219
109	0.0144399
109.2	0.0144579
109.4	0.0144759
109.6	0.0144939
109.8	0.0145119
110	0.0145298
110.2	0.0145477
110.4	0.0145656
110.6	0.0145834
110.8	0.0146012
111	0.014619
111.2	0.0146368
111.4	0.0146546
111.6	0.0146723
111.8	0.01469
112	0.0147077
112.2	0.0147254
112.4	0.014743
112.6	0.0147606
112.8	0.0147782
113	0.0147958
113.2	0.0148133
113.4	0.0148308
113.6	0.0148483
113.8	0.0148658
114	0.0148833
114.2	0.0149007
114.4	0.0149181
114.6	0.0149355
114.8	0.0149528
115	0.0149701
115.2	0.0149875
115.4	0.0150047
115.6	0.015022
115.8	0.0150392
116	0.0150565
116.2	0.0150736
116.4	0.0150908
116.6	0.015108
116.8	0.0151251
117	0.0151422
117.2	0.0151593
117.4	0.0151763
117.6	0.0151934
117.8	0.0152104
118	0.0152274
118.2	0.0152443
118.4	0.0152613
118.6	0.0152782
118.8	0.0152951
119	0.0153119
119.2	0.0153288
119.4	0.0153456
119.6	0.0153624
119.8	0.0153792
120	0.015396
120.2	0.0154127
120.4	0.0154294
120.6	0.0154461
120.8	0.0154628
121	0.0154794
121.2	0.015496
121.4	0.0155127
121.6	0.0155292
121.8	0.0155458
122	0.0155623
122.2	0.0155788
122.4	0.0155953
122.6	0.0156118
122.8	0.0156282
123	0.0156447
123.2	0.0156611
123.4	0.0156775
123.6	0.0156938
123.8	0.0157102
124	0.0157265
124.2	0.0157428
124.4	0.015759
124.6	0.0157753
124.8	0.0157915
125	0.0158077
125.2	0.0158239
125.4	0.0158401
125.6	0.0158562
125.8	0.0158723
126	0.0158884
126.2	0.0159045
126.4	0.0159205
126.6	0.0159366
126.8	0.0159526
127	0.0159686
127.2	0.0159845
127.4	0.0160005
127.6	0.0160164
127.8	0.0160323
128	0.0160482
128.2	0.0160641
128.4	0.0160799
128.6	0.0160957
128.8	0.0161115
129	0.0161273
129.2	0.016143
129.4	0.0161588
129.6	0.0161745
129.8	0.0161902
130	0.0162058
130.2	0.0162215
130.4	0.0162371
130.6	0.0162527
130.8	0.0162683
131	0.0162839
131.2	0.0162994
131.4	0.0163149
131.6	0.0163304
131.8	0.0163459
132	0.0163614
132.2	0.0163768
132.4	0.0163922
132.6	0.0164076
132.8	0.016423
133	0.0164384
133.2	0.0164537
133.4	0.016469
133.6	0.0164843
133.8	0.0164996
134	0.0165148
134.2	0.0165301
134.4	0.0165453
134.6	0.0165605
134.8	0.0165756
135	0.0165908
135.2	0.0166059
135.4	0.016621
135.6	0.0166361
135.8	0.0166512
136	0.0166662
136.2	0.0166813
136.4	0.0166963
136.6	0.0167113
136.8	0.0167262
137	0.0167412
137.2	0.0167561
137.4	0.016771
137.6	0.0167859
137.8	0.0168008
138	0.0168156
138.2	0.0168304
138.4	0.0168453
138.6	0.01686
138.8	0.0168748
139	0.0168896
139.2	0.0169043
139.4	0.016919
139.6	0.0169337
139.8	0.0169483
140	0.016963
140.2	0.0169776
140.4	0.0169922
140.6	0.0170068
140.8	0.0170214
141	0.0170359
141.2	0.0170505
141.4	0.017065
141.6	0.0170795
141.8	0.0170939
142	0.0171084
142.2	0.0171228
142.4	0.0171372
142.6	0.0171516
142.8	0.017166
143	0.0171804
143.2	0.0171947
143.4	0.017209
143.6	0.0172233
143.8	0.0172376
144	0.0172519
144.2	0.0172661
144.4	0.0172803
144.6	0.0172945
144.8	0.0173087
145	0.0173229
145.2	0.017337
145.4	0.0173511
145.6	0.0173652
145.8	0.0173793
146	0.0173934
146.2	0.0174074
146.4	0.0174215
146.6	0.0174355
146.8	0.0174495
147	0.0174635
147.2	0.0174774
147.4	0.0174913
147.6	0.0175053
147.8	0.0175192
148	0.017533
148.2	0.0175469
148.4	0.0175607
148.6	0.0175746
148.8	0.0175884
149	0.0176022
149.2	0.0176159
149.4	0.0176297
149.6	0.0176434
149.8	0.0176571
150	0.0176708
150.2	0.0176845
150.4	0.0176981
150.6	0.0177118
150.8	0.0177254
151	0.017739
151.2	0.0177526
151.4	0.0177662
151.6	0.0177797
151.8	0.0177932
152	0.0178067
152.2	0.0178202
152.4	0.0178337
152.6	0.0178472
152.8	0.0178606
153	0.017874
153.2	0.0178874
153.4	0.0179008
153.6	0.0179142
153.8	0.0179275
154	0.0179408
154.2	0.0179542
154.4	0.0179674
154.6	0.0179807
154.8	0.017994
155	0.0180072
155.2	0.0180204
155.4	0.0180336
155.6	0.0180468
155.8	0.01806
156	0.0180731
156.2	0.0180863
156.4	0.0180994
156.6	0.0181125
156.8	0.0181256
157	0.0181386
157.2	0.0181517
157.4	0.0181647
157.6	0.0181777
157.8	0.0181907
158	0.0182037
158.2	0.0182166
158.4	0.0182296
158.6	0.0182425
158.8	0.0182554
159	0.0182683
159.2	0.0182811
159.4	0.018294
159.6	0.0183068
159.8	0.0183196
160	0.0183324
160.2	0.0183452
160.4	0.018358
160.6	0.0183707
160.8	0.0183835
161	0.0183962
161.2	0.0184089
161.4	0.0184216
161.6	0.0184342
161.8	0.0184469
162	0.0184595
162.2	0.0184721
162.4	0.0184847
162.6	0.0184973
162.8	0.0185098
163	0.0185224
163.2	0.0185349
163.4	0.0185474
163.6	0.0185599
163.8	0.0185724
164	0.0185848
164.2	0.0185973
164.4	0.0186097
164.6	0.0186221
164.8	0.0186345
165	0.0186469
165.2	0.0186592
165.4	0.0186716
165.6	0.0186839
165.8	0.0186962
166	0.0187085
166.2	0.0187208
166.4	0.018733
166.6	0.0187453
166.8	0.0187575
167	0.0187697
167.2	0.0187819
167.4	0.0187941
167.6	0.0188062
167.8	0.0188184
168	0.0188305
168.2	0.0188426
168.4	0.0188547
168.6	0.0188668
168.8	0.0188789
169	0.0188909
169.2	0.0189029
169.4	0.0189149
169.6	0.0189269
169.8	0.0189389
170	0.0189509
170.2	0.0189628
170.4	0.0189748
170.6	0.0189867
170.8	0.0189986
171	0.0190104
171.2	0.0190223
171.4	0.0190342
171.6	0.019046
171.8	0.0190578
172	0.0190696
172.2	0.0190814
172.4	0.0190932
172.6	0.0191049
172.8	0.0191167
173	0.0191284
173.2	0.0191401
173.4	0.0191518
173.6	0.0191635
173.8	0.0191751
174	0.0191868
174.2	0.0191984
174.4	0.01921
174.6	0.0192216
174.8	0.0192332
175	0.0192448
175.2	0.0192563
175.4	0.0192678
175.6	0.0192794
175.8	0.0192909
176	0.0193024
176.2	0.0193138
176.4	0.0193253
176.6	0.0193367
176.8	0.0193481
177	0.0193596
177.2	0.019371
177.4	0.0193823
177.6	0.0193937
177.8	0.019405
178	0.0194164
178.2	0.0194277
178.4	0.019439
178.6	0.0194503
178.8	0.0194616
179	0.0194728
179.2	0.0194841
179.4	0.0194953
179.6	0.0195065
179.8	0.0195177
180	0.0195289
180.2	0.01954
180.4	0.0195512
180.6	0.0195623
180.8	0.0195734
181	0.0195845
181.2	0.0195956
181.4	0.0196067
181.6	0.0196178
181.8	0.0196288
182	0.0196398
182.2	0.0196509
182.4	0.0196619
182.6	0.0196729
182.8	0.0196838
183	0.0196948
183.2	0.0197057
183.4	0.0197166
183.6	0.0197276
183.8	0.0197385
184	0.0197493
184.2	0.0197602
184.4	0.0197711
184.6	0.0197819
184.8	0.0197927
185	0.0198035
185.2	0.0198143
185.4	0.0198251
185.6	0.0198359
185.8	0.0198466
186	0.0198574
186.2	0.0198681
186.4	0.0198788
186.6	0.0198895
186.8	0.0199002
187	0.0199108
187.2	0.0199215
187.4	0.0199321
187.6	0.0199427
187.8	0.0199533
188	0.0199639
188.2	0.0199745
188.4	0.0199851
188.6	0.0199956
188.8	0.0200061
189	0.0200167
189.2	0.0200272
189.4	0.0200377
189.6	0.0200481
189.8	0.0200586
190	0.020069
190.2	0.0200795
190.4	0.0200899
190.6	0.0201003
190.8	0.0201107
191	0.0201211
191.2	0.0201314
191.4	0.0201418
191.6	0.0201521
191.8	0.0201625
192	0.0201728
192.2	0.0201831
192.4	0.0201933
192.6	0.0202036
192.8	0.0202139
193	0.0202241
193.2	0.0202343
193.4	0.0202445
193.6	0.0202547
193.8	0.0202649
194	0.0202751
194.2	0.0202852
194.4	0.0202954
194.6	0.0203055
194.8	0.0203156
195	0.0203257
195.2	0.0203358
195.4	0.0203459
195.6	0.0203559
195.8	0.020366
196	0.020376
196.2	0.020386
196.4	0.020396
196.6	0.020406
196.8	0.020416
197	0.020426
197.2	0.0204359
197.4	0.0204459
197.6	0.0204558
197.8	0.0204657
198	0.0204756
198.2	0.0204855
198.4	0.0204954
198.6	0.0205052
198.8	0.0205151
199	0.0205249
199.2	0.0205347
199.4	0.0205445
199.6	0.0205543
199.8	0.0205641
200	0.0205738
200.2	0.0205836
200.4	0.0205933
200.6	0.0206031
200.8	0.0206128
201	0.0206225
201.2	0.0206322
201.4	0.0206418
201.6	0.0206515
201.8	0.0206611
202	0.0206708
202.2	0.0206804
202.4	0.02069
202.6	0.0206996
202.8	0.0207092
203	0.0207187
203.2	0.0207283
203.4	0.0207378
203.6	0.0207474
203.8	0.0207569
204	0.0207664
204.2	0.0207759
204.4	0.0207854
204.6	0.0207948
204.8	0.0208043
205	0.0208137
205.2	0.0208231
205.4	0.0208325
205.6	0.0208419
205.8	0.0208513
206	0.0208607
206.2	0.0208701
206.4	0.0208794
206.6	0.0208888
206.8	0.0208981
207	0.0209074
207.2	0.0209167
207.4	0.020926
207.6	0.0209353
207.8	0.0209445
208	0.0209538
208.2	0.020963
208.4	0.0209722
208.6	0.0209814
208.8	0.0209906
209	0.0209998
209.2	0.021009
209.4	0.0210182
209.6	0.0210273
209.8	0.0210364
210	0.0210456
210.2	0.0210547
210.4	0.0210638
210.6	0.0210729
210.8	0.0210819
211	0.021091
211.2	0.0211001
211.4	0.0211091
211.6	0.0211181
211.8	0.0211271
212	0.0211361
212.2	0.0211451
212.4	0.0211541
212.6	0.0211631
212.8	0.021172
213	0.021181
213.2	0.0211899
213.4	0.0211988
213.6	0.0212077
213.8	0.0212166
214	0.0212255
214.2	0.0212343
214.4	0.0212432
214.6	0.021252
214.8	0.0212609
215	0.0212697
215.2	0.0212785
215.4	0.0212873
215.6	0.0212961
215.8	0.0213049
216	0.0213136
216.2	0.0213224
216.4	0.0213311
216.6	0.0213398
216.8	0.0213485
217	0.0213572
217.2	0.0213659
217.4	0.0213746
217.6	0.0213833
217.8	0.0213919
218	0.0214006
218.2	0.0214092
218.4	0.0214178
218.6	0.0214264
218.8	0.021435
219	0.0214436
219.2	0.0214522
219.4	0.0214607
219.6	0.0214693
219.8	0.0214778
220	0.0214863
220.2	0.0214949
220.4	0.0215034
220.6	0.0215118
220.8	0.0215203
221	0.0215288
221.2	0.0215373
221.4	0.0215457
221.6	0.0215541
221.8	0.0215626
222	0.021571
222.2	0.0215794
222.4	0.0215878
222.6	0.0215961
222.8	0.0216045
223	0.0216128
223.2	0.0216212
223.4	0.0216295
223.6	0.0216378
223.8	0.0216461
224	0.0216544
224.2	0.0216627
224.4	0.021671
224.6	0.0216793
224.8	0.0216875
225	0.0216958
225.2	0.021704
225.4	0.0217122
225.6	0.0217204
225.8	0.0217286
226	0.0217368
226.2	0.021745
226.4	0.0217531
226.6	0.0217613
226.8	0.0217694
227	0.0217776
227.2	0.0217857
227.4	0.0217938
227.6	0.0218019
227.8	0.02181
228	0.021818
228.2	0.0218261
228.4	0.0218342
228.6	0.0218422
228.8	0.0218502
229	0.0218583
229.2	0.0218663
229.4	0.0218743
229.6	0.0218822
229.8	0.0218902
230	0.0218982
230.2	0.0219061
230.4	0.0219141
230.6	0.021922
230.8	0.0219299
231	0.0219379
231.2	0.0219458
231.4	0.0219537
231.6	0.0219615
231.8	0.0219694
232	0.0219773
232.2	0.0219851
232.4	0.0219929
232.6	0.0220008
232.8	0.0220086
233	0.0220164
233.2	0.0220242
233.4	0.022032
233.6	0.0220397
233.8	0.0220475
234	0.0220553
234.2	0.022063
234.4	0.0220707
234.6	0.0220785
234.8	0.0220862
235	0.0220939
235.2	0.0221016
235.4	0.0221092
235.6	0.0221169
235.8	0.0221246
236	0.0221322
236.2	0.0221398
236.4	0.0221475
236.6	0.0221551
236.8	0.0221627
237	0.0221703
237.2	0.0221779
237.4	0.0221854
237.6	0.022193
237.8	0.0222006
238	0.0222081
238.2	0.0222156
238.4	0.0222232
238.6	0.0222307
238.8	0.0222382
239	0.0222457
239.2	0.0222532
239.4	0.0222606
239.6	0.0222681
239.8	0.0222756
240	0.022283
240.2	0.0222904
240.4	0.0222978
240.6	0.0223053
240.8	0.0223127
241	0.0223201
241.2	0.0223274
241.4	0.0223348
241.6	0.0223422
241.8	0.0223495
242	0.0223569
242.2	0.0223642
242.4	0.0223715
242.6	0.0223788
242.8	0.0223861
243	0.0223934
243.2	0.0224007
243.4	0.022408
243.6	0.0224152
243.8	0.0224225
244	0.0224297
244.2	0.022437
244.4	0.0224442
244.6	0.0224514
244.8	0.0224586
245	0.0224658
245.2	0.022473
245.4	0.0224802
245.6	0.0224873
245.8	0.0224945
246	0.0225016
246.2	0.0225088
246.4	0.0225159
246.6	0.022523
246.8	0.0225301
247	0.0225372
247.2	0.0225443
247.4	0.0225514
247.6	0.0225584
247.8	0.0225655
248	0.0225725
248.2	0.0225796
248.4	0.0225866
248.6	0.0225936
248.8	0.0226006
249	0.0226076
249.2	0.0226146
249.4	0.0226216
249.6	0.0226286
249.8	0.0226356
250	0.0226425
250.2	0.0226495
250.4	0.0226564
250.6	0.0226633
250.8	0.0226702
251	0.0226771
251.2	0.022684
251.4	0.0226909
251.6	0.0226978
251.8	0.0227047
252	0.0227115
252.2	0.0227184
252.4	0.0227252
252.6	0.022732
252.8	0.0227389
253	0.0227457
253.2	0.0227525
253.4	0.0227593
253.6	0.0227661
253.8	0.0227728
254	0.0227796
254.2	0.0227864
254.4	0.0227931
254.6	0.0227999
254.8	0.0228066
255	0.0228133
255.2	0.02282
255.4	0.0228267
255.6	0.0228334
255.8	0.0228401
256	0.0228468
256.2	0.0228534
256.4	0.0228601
256.6	0.0228667
256.8	0.0228734
257	0.02288
257.2	0.0228866
257.4	0.0228932
257.6	0.0228998
257.8	0.0229064
258	0.022913
258.2	0.0229196
258.4	0.0229262
258.6	0.0229327
258.8	0.0229393
259	0.0229458
259.2	0.0229523
259.4	0.0229589
259.6	0.0229654
259.8	0.0229719
260	0.0229784
260.2	0.0229849
260.4	0.0229913
260.6	0.0229978
260.8	0.0230043
261	0.0230107
261.2	0.0230172
261.4	0.0230236
261.6	0.02303
261.8	0.0230365
262	0.0230429
262.2	0.0230493
262.4	0.0230556
262.6	0.023062
262.8	0.0230684
263	0.0230748
263.2	0.0230811
263.4	0.0230875
263.6	0.0230938
263.8	0.0231001
264	0.0231065
264.2	0.0231128
264.4	0.0231191
264.6	0.0231254
264.8	0.0231317
265	0.0231379
265.2	0.0231442
265.4	0.0231505
265.6	0.0231567
265.8	0.023163
266	0.0231692
266.2	0.0231754
266.4	0.0231817
266.6	0.0231879
266.8	0.0231941
267	0.0232003
267.2	0.0232064
267.4	0.0232126
267.6	0.0232188
267.8	0.0232249
268	0.0232311
268.2	0.0232372
268.4	0.0232434
268.6	0.0232495
268.8	0.0232556
269	0.0232617
269.2	0.0232678
269.4	0.0232739
269.6	0.02328
269.8	0.0232861
270	0.0232922
270.2	0.0232982
270.4	0.0233043
270.6	0.0233103
270.8	0.0233164
271	0.0233224
271.2	0.0233284
271.4	0.0233344
271.6	0.0233404
271.8	0.0233464
272	0.0233524
272.2	0.0233584
272.4	0.0233643
272.6	0.0233703
272.8	0.0233763
273	0.0233822
273.2	0.0233881
273.4	0.0233941
273.6	0.0234
273.8	0.0234059
274	0.0234118
274.2	0.0234177
274.4	0.0234236
274.6	0.0234295
274.8	0.0234354
275	0.0234412
275.2	0.0234471
275.4	0.0234529
275.6	0.0234588
275.8	0.0234646
276	0.0234704
276.2	0.0234762
276.4	0.0234821
276.6	0.0234879
276.8	0.0234936
277	0.0234994
277.2	0.0235052
277.4	0.023511
277.6	0.0235167
277.8	0.0235225
278	0.0235282
278.2	0.023534
278.4	0.0235397
278.6	0.0235454
278.8	0.0235512
279	0.0235569
279.2	0.0235626
279.4	0.0235683
279.6	0.0235739
279.8	0.0235796
280	0.0235853
280.2	0.0235909
280.4	0.0235966
280.6	0.0236022
280.8	0.0236079
281	0.0236135
281.2	0.0236191
281.4	0.0236248
281.6	0.0236304
281.8	0.023636
282	0.0236416
282.2	0.0236471
282.4	0.0236527
282.6	0.0236583
282.8	0.0236638
283	0.0236694
283.2	0.0236749
283.4	0.0236805
283.6	0.023686
283.8	0.0236915
284	0.0236971
284.2	0.0237026
284.4	0.0237081
284.6	0.0237136
284.8	0.023719
285	0.0237245
285.2	0.02373
285.4	0.0237355
285.6	0.0237409
285.8	0.0237464
286	0.0237518
286.2	0.0237572
286.4	0.0237627
286.6	0.0237681
286.8	0.0237735
287	0.0237789
287.2	0.0237843
287.4	0.0237897
287.6	0.0237951
287.8	0.0238005
288	0.0238058
288.2	0.0238112
288.4	0.0238165
288.6	0.0238219
288.8	0.0238272
289	0.0238326
289.2	0.0238379
289.4	0.0238432
289.6	0.0238485
289.8	0.0238538
290	0.0238591
290.2	0.0238644
290.4	0.0238697
290.6	0.023875
290.8	0.0238802
291	0.0238855
291.2	0.0238907
291.4	0.023896
291.6	0.0239012
291.8	0.0239064
292	0.0239117
292.2	0.0239169
292.4	0.0239221
292.6	0.0239273
292.8	0.0239325
293	0.0239377
293.2	0.0239429
293.4	0.023948
293.6	0.0239532
293.8	0.0239584
294	0.0239635
294.2	0.0239687
294.4	0.0239738
294.6	0.0239789
294.8	0.0239841
295	0.0239892
295.2	0.0239943
295.4	0.0239994
295.6	0.0240045
295.8	0.0240096
296	0.0240147
296.2	0.0240197
296.4	0.0240248
296.6	0.0240299
296.8	0.0240349
297	0.02404
297.2	0.024045
297.4	0.0240501
297.6	0.0240551
297.8	0.0240601
298	0.0240651
298.2	0.0240701
298.4	0.0240751
298.6	0.0240801
298.8	0.0240851
299	0.0240901
299.2	0.0240951
299.4	0.0241
299.6	0.024105
299.8	0.0241099
300	0.0241149
300.2	0.0241231
300.4	0.0241356
300.6	0.0241525
300.8	0.0241738
301	0.0241997
301.2	0.0242303
301.4	0.0242656
301.6	0.0243061
301.8	0.0243517
302	0.0244027
302.2	0.0244595
302.4	0.0245222
302.6	0.0245912
302.8	0.0246669
303	0.0247495
303.2	0.0248396
303.4	0.0249375
303.6	0.0250437
303.8	0.025159
304	0.025284
304.2	0.0254197
304.4	0.0255676
304.6	0.0257298
304.8	0.0259103
305	0.0261165
305.2	0.0263681
305.4	0.0267518
305.6	0.0292066
305.8	0.0554727
306	0.0845433
306.2	0.097909
306.4	0.101876
306.6	0.102943
306.8	0.103206
307	0.103245
307.2	0.103223
307.4	0.103178
307.6	0.103125
307.8	0.103072
308	0.103023
308.2	0.102979
308.4	0.102941
308.6	0.102909
308.8	0.102885
309	0.102868
309.2	0.102857
309.4	0.102854
309.6	0.102859
309.8	0.10287
310	0.102889
310.2	0.102916
310.4	0.102951
310.6	0.102995
310.8	0.103046
311	0.103107
311.2	0.103178
311.4	0.103258
311.6	0.10335
311.8	0.103456
312	0.103577
312.2	0.103719
312.4	0.103894
312.6	0.104137
312.8	0.104711
313	0.114338
313.2	0.142142
313.4	0.160638
313.6	0.166998
313.8	0.16871
314	0.169136
314.2	0.169188
314.4	0.169132
314.6	0.169034
314.8	0.168919
315	0.168801
315.2	0.168685
315.4	0.168576
315.6	0.168473
315.8	0.168379
316	0.168293
316.2	0.168215
316.4	0.168146
316.6	0.168085
316.8	0.168032
317	0.167987
317.2	0.16795
317.4	0.167922
317.6	0.167902
317.8	0.167889
318	0.167886
318.2	0.167891
318.4	0.167905
318.6	0.167928
318.8	0.167961
319	0.168006
319.2	0.168062
319.4	0.168133
319.6	0.168223
319.8	0.168341
320	0.168512
320.2	0.168872
320.4	0.173608
320.6	0.19813
320.8	0.218597
321	0.226526
321.2	0.228715
321.4	0.229256
321.6	0.229315
321.8	0.229227
322	0.22908
322.2	0.228907
322.4	0.228727
322.6	0.228548
322.8	0.228375
323	0.228211
323.2	0.228057
323.4	0.227912
323.6	0.227777
323.8	0.227651
324	0.227535
324.2	0.227428
324.4	0.22733
324.6	0.22724
324.8	0.227159
325	0.227087
325.2	0.227023
325.4	0.226967
325.6	0.22692
325.8	0.226882
326	0.226852
326.2	0.226832
326.4	0.226821
326.6	0.226821
326.8	0.226832
327	0.226856
327.2	0.226897
327.4	0.226962
327.6	0.227066
327.8	0.22728
328	0.228774
328.2	0.246838
328.4	0.268972
328.6	0.279241
328.8	0.282239
329	0.282989
329.2	0.283092
329.4	0.282991
329.6	0.282809
329.8	0.28259
330	0.282356
330.2	0.282121
330.4	0.281892
330.6	0.281673
330.8	0.281463
331	0.281265
331.2	0.281078
331.4	0.280901
331.6	0.280735
331.8	0.280578
332	0.280432
332.2	0.280294
332.4	0.280166
332.6	0.280046
332.8	0.279936
333	0.279834
333.2	0.27974
333.4	0.279655
333.6	0.279579
333.8	0.279511
334	0.279452
334.2	0.279403
334.4	0.279363
334.6	0.279335
334.8	0.279319
335	0.279318
335.2	0.279338
335.4	0.279391
335.6	0.279524
335.8	0.280213
336	0.2929
336.2	0.315237
336.4	0.327408
336.6	0.33123
336.8	0.332204
337	0.332359
337.2	0.332251
337.4	0.33204
337.6	0.331778
337.8	0.331493
338	0.331205
338.2	0.330922
338.4	0.330649
338.6	0.330387
338.8	0.330138
339	0.3299
339.2	0.329674
339.4	0.32946
339.6	0.329256
339.8	0.329063
340	0.32888
340.2	0.328706
340.4	0.328542
340.6	0.328387
340.8	0.328241
341	0.328104
341.2	0.327975
341.4	0.327855
341.6	0.327743
341.8	0.32764
342	0.327545
342.2	0.32746
342.4	0.327384
342.6	0.327318
342.8	0.327264
343	0.327224
343.2	0.327202
343.4	0.327208
343.6	0.327271
343.8	0.327579
344	0.334248
344.2	0.35513
344.4	0.369456
344.6	0.37447
344.8	0.375784
345	0.376028
345.2	0.375934
345.4	0.375708
345.6	0.375415
345.8	0.375091
346	0.374759
346.2	0.37443
346.4	0.37411
346.6	0.373802
346.8	0.373507
347	0.373225
347.2	0.372956
347.4	0.372699
347.6	0.372454
347.8	0.37222
348	0.371997
348.2	0.371784
348.4	0.37158
348.6	0.371387
348.8	0.371202
349	0.371026
349.2	0.370859
349.4	0.370701
349.6	0.370551
349.8	0.370409
350	0.370276
350.2	0.370151
350.4	0.370035
350.6	0.369928
350.8	0.369832
351	0.369746
351.2	0.369674
351.4	0.369619
351.6	0.36959
351.8	0.36961
352	0.369816
352.2	0.374482
352.4	0.393648
352.6	0.408245
352.8	0.413641
353	0.415076
353.2	0.415346
353.4	0.415244
353.6	0.414997
353.8	0.414672
354	0.41431
354.2	0.413936
354.4	0.413564
354.6	0.413202
354.8	0.412853
355	0.412517
355.2	0.412195
355.4	0.411887
355.6	0.411592
355.8	0.411309
356	0.411038
356.2	0.410779
356.4	0.41053
356.6	0.410291
356.8	0.410062
357	0.409843
357.2	0.409633
357.4	0.409432
357.6	0.409239
357.8	0.409055
358	0.408879
358.2	0.408711
358.4	0.408552
358.6	0.408401
358.8	0.408258
359	0.408125
359.2	0.408001
359.4	0.407889
359.6	0.407789
359.8	0.407706
360	0.407649
360.2	0.407639
360.4	0.407808
360.6	0.412194
360.8	0.430235
361	0.443965
361.2	0.449043
361.4	0.450385
361.6	0.450618
361.8	0.450491
362	0.450215
362.2	0.449857
362.4	0.449458
362.6	0.449047
362.8	0.448638
363	0.448239
363.2	0.447853
363.4	0.447482
363.6	0.447125
363.8	0.446783
364	0.446455
364.2	0.446139
364.4	0.445836
364.6	0.445545
364.8	0.445265
365	0.444995
365.2	0.444736
365.4	0.444486
365.6	0.444246
365.8	0.444014
366	0.443792
366.2	0.443577
366.4	0.443372
366.6	0.443174
366.8	0.442984
367	0.442803
367.2	0.44263
367.4	0.442465
367.6	0.442309
367.8	0.442163
368	0.442028
368.2	0.441907
368.4	0.441802
368.6	0.441725
368.8	0.441701
369	0.441927
369.2	0.448342
369.4	0.465916
369.6	0.477343
369.8	0.481246
370	0.482232
370.2	0.482346
370.4	0.482163
370.6	0.481843
370.8	0.481445
371	0.481009
371.2	0.480563
371.4	0.480121
371.6	0.479691
371.8	0.479275
372	0.478874
372.2	0.478488
372.4	0.478117
372.6	0.477761
372.8	0.477417
373	0.477087
373.2	0.476769
373.4	0.476462
373.6	0.476166
373.8	0.47588
374	0.475604
374.2	0.475338
374.4	0.475081
374.6	0.474832
374.8	0.474592
375	0.474361
375.2	0.474137
375.4	0.473922
375.6	0.473714
375.8	0.473514
376	0.473323
376.2	0.47314
376.4	0.472966
376.6	0.472802
376.8	0.47265
377	0.472512
377.2	0.472393
377.4	0.472306
377.6	0.472298
377.8	0.472986
378	0.484295
378.2	0.499958
378.4	0.507661
378.6	0.509948
378.8	0.51045
379	0.510399
379.2	0.510135
379.4	0.509757
379.6	0.509313
379.8	0.508842
380	0.508367
380.2	0.507899
380.4	0.507445
380.6	0.507006
380.8	0.506583
381	0.506175
381.2	0.505783
381.4	0.505405
381.6	0.505041
381.8	0.504689
382	0.50435
382.2	0.504022
382.4	0.503705
382.6	0.503399
382.8	0.503103
383	0.502816
383.2	0.502538
383.4	0.502268
383.6	0.502008
383.8	0.501755
384	0.501511
384.2	0.501274
384.4	0.501045
384.6	0.500825
384.8	0.500612
385	0.500407
385.2	0.500211
385.4	0.500024
385.6	0.499848
385.8	0.499686
386	0.499539
386.2	0.499419
386.4	0.499351
386.6	0.499529
386.8	0.505575
387	0.521404
387.2	0.531511
387.4	0.534935
387.6	0.535778
387.8	0.535834
388	0.535608
388.2	0.535241
388.4	0.534789
388.6	0.534296
388.8	0.533793
389	0.533293
389.2	0.532806
389.4	0.532335
389.6	0.531879
389.8	0.53144
390	0.531017
390.2	0.530609
390.4	0.530216
390.6	0.529836
390.8	0.529468
391	0.529113
391.2	0.528769
391.4	0.528437
391.6	0.528114
391.8	0.527801
392	0.527498
392.2	0.527203
392.4	0.526918
392.6	0.52664
392.8	0.526371
393	0.526109
393.2	0.525856
393.4	0.52561
393.6	0.525371
393.8	0.525141
394	0.524918
394.2	0.524705
394.4	0.5245
394.6	0.524306
394.8	0.524124
395	0.523959
395.2	0.523817
395.4	0.523724
395.6	0.523828
395.8	0.528572
396	0.543448
396.2	0.55363
396.4	0.557193
396.6	0.558081
396.8	0.558146
397	0.557917
397.2	0.557539
397.4	0.557071
397.6	0.556558
397.8	0.556032
398	0.555509
398.2	0.554998
398.4	0.554503
398.6	0.554024
398.8	0.553562
399	0.553117
399.2	0.552687
399.4	0.552272
399.6	0.55187
399.8	0.551482
400	0.551106
400.2	0.550742
400.4	0.550389
400.6	0.550047
400.8	0.549714
401	0.549391
401.2	0.549077
401.4	0.548771
401.6	0.548474
401.8	0.548186
402	0.547905
402.2	0.547632
402.4	0.547366
402.6	0.547108
402.8	0.546858
403	0.546615
403.2	0.546381
403.4	0.546155
403.6	0.545938
403.8	0.545733
404	0.54554
404.2	0.545366
404.4	0.54522
404.6	0.545141
404.8	0.545537
405	0.554331
405.2	0.568283
405.4	0.575577
405.6	0.577807
405.8	0.578287
406	0.578209
406.2	0.577908
406.4	0.577477
406.6	0.576968
406.8	0.576425
407	0.575875
407.2	0.575333
407.4	0.574804
407.6	0.574292
407.8	0.573797
408	0.573319
408.2	0.572858
408.4	0.572413
408.6	0.571982
408.8	0.571566
409	0.571162
409.2	0.570771
409.4	0.570392
409.6	0.570023
409.8	0.569666
410	0.569318
410.2	0.56898
410.4	0.568651
410.6	0.56833
410.8	0.568018
411	0.567714
411.2	0.567418
411.4	0.567129
411.6	0.566848
411.8	0.566575
412	0.566309
412.2	0.56605
412.4	0.5658
412.6	0.565557
412.8	0.565324
413	0.565101
413.2	0.56489
413.4	0.564695
413.6	0.564524
413.8	0.564399
414	0.564471
414.2	0.56901
414.4	0.582677
414.6	0.591876
414.8	0.595069
415	0.595847
415.2	0.595867
415.4	0.595607
415.6	0.595196
415.8	0.59469
416	0.594137
416.2	0.593569
416.4	0.593005
416.6	0.592454
416.8	0.591919
417	0.591402
417.2	0.590902
417.4	0.590419
417.6	0.589953
417.8	0.589501
418	0.589064
418.2	0.588641
418.4	0.588231
418.6	0.587832
418.8	0.587445
419	0.587069
419.2	0.586703
419.4	0.586347
419.6	0.586
419.8	0.585662
420	0.585333
420.2	0.585011
420.4	0.584698
420.6	0.584392
420.8	0.584094
421	0.583803
421.2	0.583519
421.4	0.583243
421.6	0.582975
421.8	0.582714
422	0.582462
422.2	0.582219
422.4	0.581986
422.6	0.581765
422.8	0.581562
423	0.581385
423.2	0.581263
423.4	0.58146
423.6	0.588226
423.8	0.601487
424	0.609055
424.2	0.611481
424.4	0.612023
424.6	0.611959
424.8	0.611654
425	0.611206
425.2	0.610669
425.4	0.610091
425.6	0.609503
425.8	0.608921
426	0.608353
426.2	0.607802
426.4	0.607269
426.6	0.606754
426.8	0.606256
427	0.605775
427.2	0.605309
427.4	0.604858
427.6	0.604421
427.8	0.603996
428	0.603584
428.2	0.603184
428.4	0.602794
428.6	0.602414
428.8	0.602045
429	0.601684
429.2	0.601333
429.4	0.60099
429.6	0.600655
429.8	0.600328
430	0.600009
430.2	0.599698
430.4	0.599393
430.6	0.599096
430.8	0.598806
431	0.598524
431.2	0.598249
431.4	0.597983
431.6	0.597724
431.8	0.597476
432	0.597239
432.2	0.597016
432.4	0.596815
432.6	0.596651
432.8	0.596608
433	0.598827
433.2	0.610939
433.4	0.621027
433.6	0.62497
433.8	0.626001
434	0.626101
434.2	0.625866
434.4	0.62546
434.6	0.62494
434.8	0.624361
435	0.62376
435.2	0.623159
435.4	0.62257
435.6	0.621997
435.8	0.621442
436	0.620906
436.2	0.620387
436.4	0.619885
436.6	0.6194
436.8	0.61893
437	0.618473
437.2	0.618031
437.4	0.617601
437.6	0.617183
437.8	0.616776
438	0.61638
438.2	0.615994
438.4	0.615618
438.6	0.61525
438.8	0.614892
439	0.614542
439.2	0.614199
439.4	0.613865
439.6	0.613538
439.8	0.613219
440	0.612906
440.2	0.612601
440.4	0.612303
440.6	0.612013
440.8	0.61173
441	0.611455
441.2	0.611189
441.4	0.610932
441.6	0.610687
441.8	0.610458
442	0.61025
442.2	0.610085
442.4	0.610078
442.6	0.613459
442.8	0.625548
443	0.634221
443.2	0.63733
443.4	0.638089
443.6	0.638095
443.8	0.637817
444	0.637379
444.2	0.636837
444.4	0.636242
444.6	0.635629
444.8	0.635019
445	0.634422
445.2	0.633841
445.4	0.633279
445.6	0.632735
445.8	0.632209
446	0.6317
446.2	0.631207
446.4	0.630729
446.6	0.630265
446.8	0.629815
447	0.629377
447.2	0.628951
447.4	0.628536
447.6	0.628132
447.8	0.627738
448	0.627353
448.2	0.626977
448.4	0.62661
448.6	0.626252
448.8	0.625901
449	0.625558
449.2	0.625223
449.4	0.624895
449.6	0.624574
449.8	0.62426
450	0.623953
450.2	0.623654
450.4	0.623362
450.6	0.623078
450.8	0.622802
451	0.622536
451.2	0.622281
451.4	0.62204
451.6	0.62182
451.8	0.621638
452	0.621575
452.2	0.623731
452.4	0.635134
452.6	0.644516
452.8	0.648156
453	0.649095
453.2	0.649161
453.4	0.648905
453.6	0.648479
453.8	0.647937
454	0.647333
454.2	0.646707
454.4	0.646081
454.6	0.645467
454.8	0.64487
455	0.644291
455.2	0.643731
455.4	0.64319
455.6	0.642666
455.8	0.642158
456	0.641666
456.2	0.641188
456.4	0.640724
456.6	0.640273
456.8	0.639834
457	0.639407
457.2	0.63899
457.4	0.638584
457.6	0.638187
457.8	0.6378
458	0.637421
458.2	0.637051
458.4	0.636689
458.6	0.636334
458.8	0.635987
459	0.635648
459.2	0.635315
459.4	0.63499
459.6	0.634672
459.8	0.634361
460	0.634057
460.2	0.633761
460.4	0.633473
460.6	0.633193
460.8	0.632924
461	0.632666
461.2	0.632425
461.4	0.632209
461.6	0.632044
461.8	0.632162
462	0.637933
462.2	0.649625
462.4	0.656384
462.6	0.658561
462.8	0.659028
463	0.658927
463.2	0.65859
463.4	0.658103
463.6	0.65752
463.8	0.656893
464	0.656253
464.2	0.65562
464.4	0.655
464.6	0.654399
464.8	0.653817
465	0.653253
465.2	0.652708
465.4	0.65218
465.6	0.651668
465.8	0.651171
466	0.650689
466.2	0.650221
466.4	0.649765
466.6	0.649321
466.8	0.648889
467	0.648467
467.2	0.648055
467.4	0.647653
467.6	0.64726
467.8	0.646876
468	0.6465
468.2	0.646132
468.4	0.645772
468.6	0.645419
468.8	0.645073
469	0.644735
469.2	0.644403
469.4	0.644079
469.6	0.643761
469.8	0.643451
470	0.643148
470.2	0.642854
470.4	0.642568
470.6	0.642292
470.8	0.642028
471	0.64178
471.2	0.641557
471.4	0.641387
471.6	0.641507
471.8	0.647311
472	0.658684
472.2	0.665174
472.4	0.667249
472.6	0.667684
472.8	0.66757
473	0.667224
473.2	0.666727
473.4	0.666135
473.6	0.665497
473.8	0.664848
474	0.664205
474.2	0.663577
474.4	0.662966
474.6	0.662375
474.8	0.661803
475	0.661249
475.2	0.660712
475.4	0.660192
475.6	0.659688
475.8	0.659198
476	0.658721
476.2	0.658257
476.4	0.657806
476.6	0.657366
476.8	0.656936
477	0.656517
477.2	0.656107
477.4	0.655707
477.6	0.655315
477.8	0.654931
478	0.654556
478.2	0.654188
478.4	0.653828
478.6	0.653475
478.8	0.653129
479	0.65279
479.2	0.652458
479.4	0.652133
479.6	0.651815
479.8	0.651504
480	0.651201
480.2	0.650907
480.4	0.650622
480.6	0.650348
480.8	0.650089
481	0.649851
481.2	0.649653
481.4	0.649601
481.6	0.652487
481.8	0.663326
482	0.671229
482.2	0.674086
482.4	0.674773
482.6	0.674749
482.8	0.674447
483	0.673981
483.2	0.673405
483.4	0.672771
483.6	0.672119
483.8	0.671469
484	0.670831
484.2	0.670211
484.4	0.669609
484.6	0.669027
484.8	0.668463
485	0.667917
485.2	0.667388
485.4	0.666874
485.6	0.666375
485.8	0.66589
486	0.665418
486.2	0.664958
486.4	0.664509
486.6	0.664072
486.8	0.663644
487	0.663227
487.2	0.662819
487.4	0.662419
487.6	0.662028
487.8	0.661645
488	0.66127
488.2	0.660902
488.4	0.660542
488.6	0.660189
488.8	0.659842
489	0.659503
489.2	0.65917
489.4	0.658845
489.6	0.658526
489.8	0.658215
490	0.657912
490.2	0.657619
490.4	0.657335
490.6	0.657065
490.8	0.656812
491	0.656589
491.2	0.656439
491.4	0.65702
491.6	0.665412
491.8	0.675257
492	0.67977
492.2	0.681038
492.4	0.681211
492.6	0.680994
492.8	0.680584
493	0.68004
493.2	0.679417
493.4	0.678762
493.6	0.678102
493.8	0.677451
494	0.676816
494.2	0.6762
494.4	0.675603
494.6	0.675025
494.8	0.674465
495	0.673923
495.2	0.673396
495.4	0.672885
495.6	0.672388
495.8	0.671905
496	0.671434
496.2	0.670974
496.4	0.670527
496.6	0.670089
496.8	0.669662
497	0.669244
497.2	0.668835
497.4	0.668435
497.6	0.668043
497.8	0.667659
498	0.667283
498.2	0.666914
498.4	0.666552
498.6	0.666197
498.8	0.665849
499	0.665508
499.2	0.665173
499.4	0.664846
499.6	0.664526
499.8	0.664214
500	0.66391
500.2	0.663615
500.4	0.663331
500.6	0.663062
500.8	0.662813
501	0.662602
501.2	0.662519
501.4	0.664863
501.6	0.675193
501.8	0.683157
502	0.68613
502.2	0.68686
502.4	0.68685
502.6	0.686552
502.8	0.686085
503	0.685501
503.2	0.684856
503.4	0.68419
503.6	0.683525
503.8	0.682872
504	0.682237
504.2	0.681621
504.4	0.681024
504.6	0.680446
504.8	0.679887
505	0.679344
505.2	0.678817
505.4	0.678305
505.6	0.677807
505.8	0.677322
506	0.67685
506.2	0.676389
506.4	0.675939
506.6	0.6755
506.8	0.675071
507	0.674651
507.2	0.67424
507.4	0.673838
507.6	0.673443
507.8	0.673057
508	0.672678
508.2	0.672306
508.4	0.671941
508.6	0.671584
508.8	0.671233
509	0.670889
509.2	0.670552
509.4	0.670221
509.6	0.669898
509.8	0.669583
510	0.669276
510.2	0.668979
510.4	0.668693
510.6	0.668421
510.8	0.668172
511	0.667963
511.2	0.667915
511.4	0.671137
511.6	0.681525
511.8	0.688678
512	0.691183
512.2	0.69176
512.4	0.691694
512.6	0.691368
512.8	0.690879
513	0.690282
513.2	0.689628
513.4	0.688957
513.6	0.688289
513.8	0.687634
514	0.686996
514.2	0.686378
514.4	0.68578
514.6	0.6852
514.8	0.684638
515	0.684093
515.2	0.683564
515.4	0.683049
515.6	0.682549
515.8	0.682062
516	0.681587
516.2	0.681123
516.4	0.680671
516.6	0.680229
516.8	0.679797
517	0.679374
517.2	0.67896
517.4	0.678555
517.6	0.678157
517.8	0.677768
518	0.677386
518.2	0.677011
518.4	0.676643
518.6	0.676282
518.8	0.675928
519	0.675581
519.2	0.67524
519.4	0.674906
519.6	0.67458
519.8	0.674261
520	0.673951
520.2	0.67365
520.4	0.673361
520.6	0.673085
520.8	0.672832
521	0.672618
521.2	0.672557
521.4	0.675559
521.6	0.685761
521.8	0.692923
522	0.695457
522.2	0.696044
522.4	0.695981
522.6	0.695655
522.8	0.695167
523	0.694566
523.2	0.693909
523.4	0.693233
523.6	0.69256
523.8	0.6919
524	0.691258
524.2	0.690635
524.4	0.690032
524.6	0.689448
524.8	0.688881
525	0.688331
525.2	0.687798
525.4	0.687279
525.6	0.686774
525.8	0.686283
526	0.685804
526.2	0.685336
526.4	0.68488
526.6	0.684434
526.8	0.683998
527	0.683571
527.2	0.683153
527.4	0.682744
527.6	0.682342
527.8	0.681949
528	0.681563
528.2	0.681184
528.4	0.680812
528.6	0.680448
528.8	0.68009
529	0.679738
529.2	0.679394
529.4	0.679056
529.6	0.678726
529.8	0.678403
530	0.678088
530.2	0.677783
530.4	0.677488
530.6	0.677207
530.8	0.676945
531	0.676719
531.2	0.676602
531.4	0.678332
531.6	0.688046
531.8	0.696155
532	0.699327
532.2	0.700133
532.4	0.700148
532.6	0.699858
532.8	0.699392
533	0.698803
533.2	0.698146
533.4	0.697464
533.6	0.696781
533.8	0.696111
534	0.695458
534.2	0.694825
534.4	0.694211
534.6	0.693617
534.8	0.693041
535	0.692483
535.2	0.69194
535.4	0.691413
535.6	0.6909
535.8	0.690401
536	0.689915
536.2	0.68944
536.4	0.688977
536.6	0.688524
536.8	0.688081
537	0.687648
537.2	0.687224
537.4	0.686809
537.6	0.686401
537.8	0.686002
538	0.68561
538.2	0.685226
538.4	0.684848
538.6	0.684478
538.8	0.684114
539	0.683757
539.2	0.683407
539.4	0.683064
539.6	0.682727
539.8	0.682398
540	0.682077
540.2	0.681764
540.4	0.681462
540.6	0.681171
540.8	0.680897
541	0.680649
541.2	0.680459
541.4	0.680664
541.6	0.686976
541.8	0.696755
542	0.701816
542.2	0.703337
542.4	0.703594
542.6	0.703406
542.8	0.703009
543	0.702464
543.2	0.701828
543.4	0.701151
543.6	0.700464
543.8	0.699785
544	0.699121
544.2	0.698477
544.4	0.697852
544.6	0.697246
544.8	0.69666
545	0.696091
545.2	0.695539
545.4	0.695003
545.6	0.694481
545.8	0.693973
546	0.693479
546.2	0.692996
546.4	0.692525
546.6	0.692065
546.8	0.691616
547	0.691176
547.2	0.690745
547.4	0.690323
547.6	0.689909
547.8	0.689504
548	0.689106
548.2	0.688716
548.4	0.688333
548.6	0.687956
548.8	0.687587
549	0.687224
549.2	0.686868
549.4	0.686519
549.6	0.686177
549.8	0.685842
550	0.685514
550.2	0.685194
550.4	0.684884
550.6	0.684584
550.8	0.684299
551	0.684033
551.2	0.683802
551.4	0.683684
551.6	0.685534
551.8	0.695112
552	0.702893
552.2	0.70589
552.4	0.706638
552.6	0.706633
552.8	0.706332
553	0.705857
553.2	0.705259
553.4	0.704594
553.6	0.703905
553.8	0.703217
554	0.70254
554.2	0.701882
554.4	0.701242
554.6	0.700623
554.8	0.700023
555	0.699441
555.2	0.698877
555.4	0.698329
555.6	0.697796
555.8	0.697278
556	0.696773
556.2	0.696281
556.4	0.695801
556.6	0.695332
556.8	0.694874
557	0.694426
557.2	0.693987
557.4	0.693558
557.6	0.693137
557.8	0.692724
558	0.692319
558.2	0.691922
558.4	0.691532
558.6	0.69115
558.8	0.690774
559	0.690405
559.2	0.690042
559.4	0.689686
559.6	0.689337
559.8	0.688995
560	0.688661
560.2	0.688333
560.4	0.688015
560.6	0.687705
560.8	0.687408
561	0.687126
561.2	0.686866
561.4	0.686654
561.6	0.686666
561.8	0.691099
562	0.701091
562.2	0.707103
562.4	0.709073
562.6	0.70948
562.8	0.709348
563	0.708983
563.2	0.708459
563.4	0.70783
563.6	0.70715
563.8	0.706456
564	0.705766
564.2	0.705092
564.4	0.704436
564.6	0.7038
564.8	0.703183
565	0.702586
565.2	0.702007
565.4	0.701445
565.6	0.700899
565.8	0.700368
566	0.699852
566.2	0.699348
566.4	0.698857
566.6	0.698378
566.8	0.69791
567	0.697453
567.2	0.697005
567.4	0.696567
567.6	0.696137
567.8	0.695717
568	0.695304
568.2	0.694899
568.4	0.694502
568.6	0.694112
568.8	0.693728
569	0.693352
569.2	0.692983
569.4	0.69262
569.6	0.692264
569.8	0.691914
570	0.691572
570.2	0.691237
570.4	0.690909
570.6	0.69059
570.8	0.690282
571	0.689985
571.2	0.689704
571.4	0.689449
571.6	0.689252
571.8	0.689445
572	0.695595
572.2	0.7051
572.4	0.710016
572.6	0.711489
572.8	0.711732
573	0.711537
573.2	0.711133
573.4	0.710581
573.6	0.709936
573.8	0.70925
574	0.708555
574.2	0.707867
574.4	0.707194
574.6	0.706541
574.8	0.705907
575	0.705294
575.2	0.704699
575.4	0.704122
575.6	0.703562
575.8	0.703018
576	0.702488
576.2	0.701973
576.4	0.70147
576.6	0.70098
576.8	0.700502
577	0.700035
577.2	0.699578
577.4	0.69913
577.6	0.698692
577.8	0.698263
578	0.697842
578.2	0.69743
578.4	0.697025
578.6	0.696627
578.8	0.696237
579	0.695853
579.2	0.695477
579.4	0.695107
579.6	0.694744
579.8	0.694387
580	0.694038
580.2	0.693695
580.4	0.693359
580.6	0.693032
580.8	0.692713
581	0.692404
581.2	0.692108
581.4	0.691829
581.6	0.691579
581.8	0.691398
582	0.691875
582.2	0.699343
582.4	0.708217
582.6	0.712306
582.8	0.71345
583	0.713581
583.2	0.71334
583.4	0.712906
583.6	0.712334
583.8	0.711678
584	0.710988
584.2	0.710292
584.4	0.709606
584.6	0.708936
584.8	0.708285
585	0.707654
585.2	0.707043
585.4	0.70645
585.6	0.705875
585.8	0.705317
586	0.704774
586.2	0.704246
586.4	0.703732
586.6	0.703231
586.8	0.702741
587	0.702264
587.2	0.701797
587.4	0.70134
587.6	0.700894
587.8	0.700456
588	0.700027
588.2	0.699606
588.4	0.699194
588.6	0.698789
588.8	0.698391
589	0.698001
589.2	0.697617
589.4	0.69724
589.6	0.69687
589.8	0.696507
590	0.69615
590.2	0.6958
590.4	0.695457
590.6	0.695121
590.8	0.694794
591	0.694475
591.2	0.694167
591.4	0.693871
591.6	0.693595
591.8	0.693349
592	0.693189
592.2	0.694137
592.4	0.702711
592.6	0.711042
592.8	0.714564
593	0.715502
593.2	0.715564
593.4	0.715291
593.6	0.714834
593.8	0.714244
594	0.713576
594.2	0.712879
594.4	0.712179
594.6	0.711489
594.8	0.710817
595	0.710165
595.2	0.709532
595.4	0.708919
595.6	0.708325
595.8	0.707749
596	0.707189
596.2	0.706645
596.4	0.706115
596.6	0.7056
596.8	0.705097
597	0.704606
597.2	0.704127
597.4	0.703659
597.6	0.703201
597.8	0.702753
598	0.702314
598.2	0.701883
598.4	0.701461
598.6	0.701047
598.8	0.700641
599	0.700241
599.2	0.699849
599.4	0.699464
599.6	0.699086
599.8	0.698715
600	0.69835
600.2	0.697991
600.4	0.69764
600.6	0.697295
600.8	0.696958
601	0.696629
601.2	0.696308
601.4	0.695998
601.6	0.695701
601.8	0.695422
602	0.695173
602.2	0.695005
602.4	0.695796
602.6	0.704057
602.8	0.712481
603	0.716122
603.2	0.717104
603.4	0.71718
603.6	0.716914
603.8	0.716462
604	0.715873
604.2	0.715207
604.4	0.714509
604.6	0.713808
604.8	0.713116
605	0.712442
605.2	0.711788
605.4	0.711154
605.6	0.710539
605.8	0.709943
606	0.709364
606.2	0.708803
606.4	0.708257
606.6	0.707726
606.8	0.707208
607	0.706704
607.2	0.706212
607.4	0.705731
607.6	0.705261
607.8	0.704802
608	0.704352
608.2	0.703911
608.4	0.703479
608.6	0.703055
608.8	0.70264
609	0.702232
609.2	0.701831
609.4	0.701438
609.6	0.701051
609.8	0.700671
610	0.700298
610.2	0.699932
610.4	0.699572
610.6	0.699219
610.8	0.698873
611	0.698534
611.2	0.698203
611.4	0.697881
611.6	0.697569
611.8	0.697269
612	0.696987
612.2	0.696734
612.4	0.696553
612.6	0.697097
612.8	0.70471
613	0.713339
613.2	0.717238
613.4	0.718315
613.6	0.718424
613.8	0.718172
614	0.71773
614.2	0.71715
614.4	0.716487
614.6	0.715791
614.8	0.715089
615	0.714397
615.2	0.713722
615.4	0.713066
615.6	0.71243
615.8	0.711814
616	0.711217
616.2	0.710637
616.4	0.710074
616.6	0.709527
616.8	0.708994
617	0.708475
617.2	0.70797
617.4	0.707476
617.6	0.706994
617.8	0.706523
618	0.706062
618.2	0.705611
618.4	0.705169
618.6	0.704736
618.8	0.704311
619	0.703894
619.2	0.703485
619.4	0.703083
619.6	0.702689
619.8	0.702301
620	0.70192
620.2	0.701546
620.4	0.701178
620.6	0.700817
620.8	0.700463
621	0.700115
621.2	0.699775
621.4	0.699443
621.6	0.699119
621.8	0.698805
622	0.698504
622.2	0.69822
622.4	0.697963
622.6	0.697774
622.8	0.698167
623	0.705219
623.2	0.714005
623.4	0.718135
623.6	0.719302
623.8	0.719441
624	0.719202
624.2	0.718769
624.4	0.718194
624.6	0.717535
624.8	0.716839
625	0.716137
625.2	0.715444
625.4	0.714768
625.6	0.71411
625.8	0.713473
626	0.712855
626.2	0.712256
626.4	0.711675
626.6	0.71111
626.8	0.710562
627	0.710028
627.2	0.709508
627.4	0.709001
627.6	0.708506
627.8	0.708023
628	0.707551
628.2	0.707088
628.4	0.706636
628.6	0.706193
628.8	0.705759
629	0.705333
629.2	0.704915
629.4	0.704504
629.6	0.704102
629.8	0.703706
630	0.703317
630.2	0.702935
630.4	0.702559
630.6	0.702191
630.8	0.701828
631	0.701473
631.2	0.701124
631.4	0.700783
631.6	0.700449
631.8	0.700124
632	0.699809
632.2	0.699506
632.4	0.69922
632.6	0.69896
632.8	0.698762
633	0.699026
633.2	0.705479
633.4	0.714469
633.6	0.718908
633.8	0.720198
634	0.720379
634.2	0.720157
634.4	0.719736
634.6	0.719168
634.8	0.718512
635	0.717816
635.2	0.717112
635.4	0.716417
635.6	0.715738
635.8	0.715078
636	0.714438
636.2	0.713817
636.4	0.713216
636.6	0.712632
636.8	0.712065
637	0.711515
637.2	0.710979
637.4	0.710457
637.6	0.709948
637.8	0.709451
638	0.708966
638.2	0.708492
638.4	0.708028
638.6	0.707574
638.8	0.707129
639	0.706694
639.2	0.706266
639.4	0.705847
639.6	0.705435
639.8	0.705031
640	0.704633
640.2	0.704243
640.4	0.70386
640.6	0.703483
640.8	0.703113
641	0.702749
641.2	0.702392
641.4	0.702042
641.6	0.701699
641.8	0.701364
642	0.701037
642.2	0.70072
642.4	0.700415
642.6	0.700126
642.8	0.699861
643	0.69965
643.2	0.699761
643.4	0.70524
643.6	0.714612
643.8	0.719672
644	0.72123
644.2	0.721502
644.4	0.721317
644.6	0.720917
644.8	0.720363
645	0.719712
645.2	0.719015
645.4	0.718308
645.6	0.717607
645.8	0.716921
646	0.716255
646.2	0.715609
646.4	0.714983
646.6	0.714376
646.8	0.713787
647	0.713216
647.2	0.71266
647.4	0.71212
647.6	0.711594
647.8	0.711081
648	0.710581
648.2	0.710092
648.4	0.709614
648.6	0.709147
648.8	0.70869
649	0.708242
649.2	0.707804
649.4	0.707373
649.6	0.706951
649.8	0.706537
650	0.70613
650.2	0.70573
650.4	0.705337
650.6	0.704951
650.8	0.704572
651	0.704199
651.2	0.703833
651.4	0.703474
651.6	0.703121
651.8	0.702776
652	0.702438
652.2	0.702108
652.4	0.701788
652.6	0.701478
652.8	0.701184
653	0.70091
653.2	0.700678
653.4	0.700611
653.6	0.703801
653.8	0.713234
654	0.719515
654.2	0.721675
654.4	0.722146
654.6	0.722038
654.8	0.721683
655	0.721164
655.2	0.720534
655.4	0.719846
655.6	0.719141
655.8	0.718439
656	0.717751
656.2	0.717081
656.4	0.716431
656.6	0.715801
656.8	0.715191
657	0.714598
657.2	0.714023
657.4	0.713465
657.6	0.712921
657.8	0.712392
658	0.711877
658.2	0.711374
658.4	0.710882
658.6	0.710402
658.8	0.709933
659	0.709474
659.2	0.709024
659.4	0.708583
659.6	0.708151
659.8	0.707727
660	0.70731
660.2	0.706901
660.4	0.7065
660.6	0.706105
660.8	0.705718
661	0.705337
661.2	0.704962
661.4	0.704595
661.6	0.704233
661.8	0.703879
662	0.703532
662.2	0.703192
662.4	0.70286
662.6	0.702537
662.8	0.702225
663	0.701926
663.2	0.701647
663.4	0.701403
663.6	0.701272
663.8	0.703072
664	0.712142
664.2	0.719433
664.4	0.722222
664.6	0.722907
664.8	0.722878
665	0.722563
665.2	0.722073
665.4	0.721458
665.6	0.720776
665.8	0.72007
666	0.719363
666.2	0.718669
666.4	0.717993
666.6	0.717337
666.8	0.716701
667	0.716085
667.2	0.715487
667.4	0.714907
667.6	0.714343
667.8	0.713795
668	0.713261
668.2	0.712741
668.4	0.712234
668.6	0.711739
668.8	0.711256
669	0.710783
669.2	0.71032
669.4	0.709867
669.6	0.709424
669.8	0.708988
670	0.708561
670.2	0.708142
670.4	0.707731
670.6	0.707327
670.8	0.70693
671	0.70654
671.2	0.706156
671.4	0.70578
671.6	0.705409
671.8	0.705046
672	0.704689
672.2	0.704339
672.4	0.703996
672.6	0.703661
672.8	0.703335
673	0.703019
673.2	0.702716
673.4	0.70243
673.6	0.702172
673.8	0.701986
674	0.702504
674.2	0.709943
674.4	0.718431
674.6	0.722277
674.8	0.72334
675	0.723444
675.2	0.723189
675.4	0.722743
675.6	0.722159
675.8	0.721491
676	0.720789
676.2	0.720082
676.4	0.719385
676.6	0.718704
676.8	0.718043
677	0.717402
677.2	0.71678
677.4	0.716178
677.6	0.715593
677.8	0.715025
678	0.714473
678.2	0.713936
678.4	0.713412
678.6	0.712902
678.8	0.712404
679	0.711917
679.2	0.711441
679.4	0.710976
679.6	0.71052
679.8	0.710074
680	0.709636
680.2	0.709207
680.4	0.708785
680.6	0.708372
680.8	0.707965
681	0.707566
681.2	0.707174
681.4	0.706789
681.6	0.70641
681.8	0.706038
682	0.705672
682.2	0.705313
682.4	0.704961
682.6	0.704616
682.8	0.704279
683	0.70395
683.2	0.703631
683.4	0.703323
683.6	0.703032
683.8	0.702765
684	0.702551
684.2	0.702649
684.4	0.708007
684.6	0.717312
684.8	0.722368
685	0.723929
685.2	0.724204
685.4	0.724019
685.6	0.723619
685.8	0.723064
686	0.72241
686.2	0.721711
686.4	0.721
686.6	0.720296
686.8	0.719607
687	0.718938
687.2	0.718288
687.4	0.717659
687.6	0.717049
687.8	0.716458
688	0.715883
688.2	0.715325
688.4	0.714782
688.6	0.714253
688.8	0.713737
689	0.713234
689.2	0.712743
689.4	0.712262
689.6	0.711793
689.8	0.711333
690	0.710883
690.2	0.710441
690.4	0.710009
690.6	0.709584
690.8	0.709167
691	0.708757
691.2	0.708355
691.4	0.70796
691.6	0.707572
691.8	0.70719
692	0.706815
692.2	0.706446
692.4	0.706084
692.6	0.705729
692.8	0.705381
693	0.70504
693.2	0.704707
693.4	0.704384
693.6	0.704071
693.8	0.703773
694	0.703494
694.2	0.703253
694.4	0.70314
694.6	0.705404
694.8	0.714554
695	0.721381
695.2	0.723878
695.4	0.724463
695.6	0.724397
695.8	0.724064
696	0.723561
696.2	0.722938
696.4	0.722253
696.6	0.721545
696.8	0.72084
697	0.720147
697.2	0.719473
697.4	0.718818
697.6	0.718183
697.8	0.717568
698	0.716971
698.2	0.716392
698.4	0.715829
698.6	0.715281
698.8	0.714748
699	0.714229
699.2	0.713722
699.4	0.713227
699.6	0.712744
699.8	0.712271
700	0.711809
700.2	0.711339
700.4	0.710857
700.6	0.710363
700.8	0.709856
701	0.709337
701.2	0.708805
701.4	0.70826
701.6	0.707702
701.8	0.707132
702	0.706549
702.2	0.705954
702.4	0.705346
702.6	0.704725
702.8	0.704091
703	0.703445
703.2	0.702787
703.4	0.702117
703.6	0.701434
703.8	0.700739
704	0.700032
704.2	0.699313
704.4	0.698583
704.6	0.697841
704.8	0.697087
705	0.696323
705.2	0.695547
705.4	0.69476
705.6	0.693963
705.8	0.693155
706	0.692337
706.2	0.691509
706.4	0.69067
706.6	0.689822
706.8	0.688965
707	0.688098
707.2	0.687222
707.4	0.686337
707.6	0.685443
707.8	0.684541
708	0.68363
708.2	0.682712
708.4	0.681786
708.6	0.680852
708.8	0.67991
709	0.678962
709.2	0.678006
709.4	0.677044
709.6	0.676075
709.8	0.675099
710	0.674118
710.2	0.67313
710.4	0.672137
710.6	0.671138
710.8	0.670134
711	0.669125
711.2	0.66811
711.4	0.667091
711.6	0.666067
711.8	0.665039
712	0.664006
712.2	0.662969
712.4	0.661929
712.6	0.660884
712.8	0.659836
713	0.658785
713.2	0.65773
713.4	0.656672
713.6	0.655612
713.8	0.654548
714	0.653482
714.2	0.652413
714.4	0.651342
714.6	0.650268
714.8	0.649193
715	0.648115
715.2	0.647036
715.4	0.645954
715.6	0.644872
715.8	0.643787
716	0.642702
716.2	0.641615
716.4	0.640526
716.6	0.639437
716.8	0.638347
717	0.637256
717.2	0.636164
717.4	0.635072
717.6	0.633979
717.8	0.632886
718	0.631792
718.2	0.630698
718.4	0.629604
718.6	0.628509
718.8	0.627415
719	0.62632
719.2	0.625226
719.4	0.624132
719.6	0.623038
719.8	0.621944
720	0.620851
720.2	0.619758
720.4	0.618665
720.6	0.617574
720.8	0.616483
721	0.615392
721.2	0.614302
721.4	0.613213
721.6	0.612125
721.8	0.611038
722	0.609952
722.2	0.608866
722.4	0.607782
722.6	0.606699
722.8	0.605617
723	0.604536
723.2	0.603456
723.4	0.602377
723.6	0.6013
723.8	0.600224
724	0.59915
724.2	0.598076
724.4	0.597005
724.6	0.595934
724.8	0.594865
725	0.593798
725.2	0.592732
725.4	0.591667
725.6	0.590604
725.8	0.589543
726	0.588484
726.2	0.587426
726.4	0.586369
726.6	0.585315
726.8	0.584262
727	0.583211
727.2	0.582161
727.4	0.581114
727.6	0.580068
727.8	0.579024
728	0.577981
728.2	0.576941
728.4	0.575902
728.6	0.574866
728.8	0.573831
729	0.572798
729.2	0.571767
729.4	0.570737
729.6	0.56971
729.8	0.568685
730	0.567661
730.2	0.56664
730.4	0.56562
730.6	0.564603
730.8	0.563587
731	0.562574
731.2	0.561562
731.4	0.560553
731.6	0.559545
731.8	0.55854
732	0.557536
732.2	0.556535
732.4	0.555535
732.6	0.554538
732.8	0.553542
733	0.552549
733.2	0.551557
733.4	0.550568
733.6	0.549581
733.8	0.548596
734	0.547613
734.2	0.546632
734.4	0.545653
734.6	0.544676
734.8	0.543701
735	0.542728
735.2	0.541757
735.4	0.540788
735.6	0.539822
735.8	0.538857
736	0.537895
736.2	0.536934
736.4	0.535976
736.6	0.53502
736.8	0.534065
737	0.533113
737.2	0.532163
737.4	0.531215
737.6	0.530269
737.8	0.529325
738	0.528383
738.2	0.527444
738.4	0.526506
738.6	0.52557
738.8	0.524637
739	0.523705
739.2	0.522775
739.4	0.521848
739.6	0.520923
739.8	0.519999
740	0.519078
740.2	0.518159
740.4	0.517241
740.6	0.516326
740.8	0.515413
741	0.514502
741.2	0.513593
741.4	0.512686
741.6	0.51178
741.8	0.510877
742	0.509976
742.2	0.509077
742.4	0.50818
742.6	0.507285
742.8	0.506392
743	0.505501
743.2	0.504612
743.4	0.503725
743.6	0.50284
743.8	0.501957
744	0.501075
744.2	0.500196
744.4	0.499319
744.6	0.498444
744.8	0.49757
745	0.496699
745.2	0.49583
745.4	0.494962
745.6	0.494097
745.8	0.493233
746	0.492372
746.2	0.491512
746.4	0.490654
746.6	0.489798
746.8	0.488944
747	0.488092
747.2	0.487242
747.4	0.486394
747.6	0.485548
747.8	0.484703
748	0.483861
748.2	0.48302
748.4	0.482181
748.6	0.481345
748.8	0.48051
749	0.479677
749.2	0.478845
749.4	0.478016
749.6	0.477188
749.8	0.476363
750	0.475539
750.2	0.474717
750.4	0.473897
750.6	0.473078
750.8	0.472262
751	0.471447
751.2	0.470634
751.4	0.469823
751.6	0.469014
751.8	0.468207
752	0.467401
752.2	0.466597
752.4	0.465795
752.6	0.464995
752.8	0.464196
753	0.4634
753.2	0.462605
753.4	0.461812
753.6	0.46102
753.8	0.46023
754	0.459443
754.2	0.458657
754.4	0.457872
754.6	0.45709
754.8	0.456309
755	0.455529
755.2	0.454752
755.4	0.453976
755.6	0.453202
755.8	0.45243
756	0.451659
756.2	0.450891
756.4	0.450123
756.6	0.449358
756.8	0.448594
757	0.447832
757.2	0.447072
757.4	0.446313
757.6	0.445556
757.8	0.4448
758	0.444047
758.2	0.443295
758.4	0.442544
758.6	0.441795
758.8	0.441048
759	0.440303
759.2	0.439559
759.4	0.438817
759.6	0.438076
759.8	0.437337
760	0.4366
760.2	0.435864
760.4	0.43513
760.6	0.434398
760.8	0.433667
761	0.432938
761.2	0.43221
761.4	0.431484
761.6	0.430759
761.8	0.430036
762	0.429315
762.2	0.428595
762.4	0.427877
762.6	0.42716
762.8	0.426445
763	0.425732
763.2	0.42502
763.4	0.424309
763.6	0.423601
763.8	0.422893
764	0.422187
764.2	0.421483
764.4	0.42078
764.6	0.420079
764.8	0.41938
765	0.418681
765.2	0.417985
765.4	0.417289
765.6	0.416596
765.8	0.415904
766	0.415213
766.2	0.414524
766.4	0.413836
766.6	0.41315
766.8	0.412465
767	0.411782
767.2	0.4111
767.4	0.41042
767.6	0.409741
767.8	0.409064
768	0.408388
768.2	0.407713
768.4	0.40704
768.6	0.406368
768.8	0.405698
769	0.40503
769.2	0.404362
769.4	0.403696
769.6	0.403032
769.8	0.402369
770	0.401707
770.2	0.401047
770.4	0.400388
770.6	0.399731
770.8	0.399075
771	0.39842
771.2	0.397767
771.4	0.397115
771.6	0.396465
771.8	0.395816
772	0.395168
772.2	0.394522
772.4	0.393877
772.6	0.393234
772.8	0.392592
773	0.391951
773.2	0.391311
773.4	0.390673
773.6	0.390036
773.8	0.389401
774	0.388767
774.2	0.388134
774.4	0.387503
774.6	0.386873
774.8	0.386244
775	0.385617
775.2	0.384991
775.4	0.384366
775.6	0.383743
775.8	0.38312
776	0.3825
776.2	0.38188
776.4	0.381262
776.6	0.380645
776.8	0.380029
777	0.379415
777.2	0.378802
777.4	0.37819
777.6	0.37758
777.8	0.376971
778	0.376363
778.2	0.375756
778.4	0.375151
778.6	0.374547
778.8	0.373944
779	0.373342
779.2	0.372742
779.4	0.372143
779.6	0.371545
779.8	0.370948
780	0.370353
780.2	0.369759
780.4	0.369166
780.6	0.368574
780.8	0.367984
781	0.367395
781.2	0.366807
781.4	0.36622
781.6	0.365634
781.8	0.36505
782	0.364467
782.2	0.363885
782.4	0.363304
782.6	0.362725
782.8	0.362146
783	0.361569
783.2	0.360993
783.4	0.360418
783.6	0.359845
783.8	0.359272
784	0.358701
784.2	0.358131
784.4	0.357562
784.6	0.356995
784.8	0.356428
785	0.355863
785.2	0.355299
785.4	0.354736
785.6	0.354174
785.8	0.353613
786	0.353053
786.2	0.352495
786.4	0.351938
786.6	0.351381
786.8	0.350826
787	0.350272
787.2	0.34972
787.4	0.349168
787.6	0.348618
787.8	0.348068
788	0.34752
788.2	0.346973
788.4	0.346427
788.6	0.345882
788.8	0.345338
789	0.344795
789.2	0.344254
789.4	0.343713
789.6	0.343174
789.8	0.342635
790	0.342098
790.2	0.341562
790.4	0.341027
790.6	0.340493
790.8	0.33996
791	0.339428
791.2	0.338897
791.4	0.338368
791.6	0.337839
791.8	0.337312
792	0.336785
792.2	0.33626
792.4	0.335735
792.6	0.335212
792.8	0.33469
793	0.334169
793.2	0.333648
793.4	0.333129
793.6	0.332611
793.8	0.332094
794	0.331578
794.2	0.331063
794.4	0.330549
794.6	0.330037
794.8	0.329525
795	0.329014
795.2	0.328504
795.4	0.327995
795.6	0.327488
795.8	0.326981
796	0.326475
796.2	0.32597
796.4	0.325467
796.6	0.324964
796.8	0.324462
797	0.323961
797.2	0.323462
797.4	0.322963
797.6	0.322465
797.8	0.321968
798	0.321473
798.2	0.320978
798.4	0.320484
798.6	0.319991
798.8	0.319499
799	0.319009
799.2	0.318519
799.4	0.31803
799.6	0.317542
799.8	0.317055
800	0.316569
800.2	0.316084
800.4	0.3156
800.6	0.315116
800.8	0.314634
801	0.314153
801.2	0.313673
801.4	0.313193
801.6	0.312715
801.8	0.312237
802	0.311761
802.2	0.311285
802.4	0.310811
802.6	0.310337
802.8	0.309864
803	0.309392
803.2	0.308921
803.4	0.308451
803.6	0.307982
803.8	0.307514
804	0.307047
804.2	0.30658
804.4	0.306115
804.6	0.305651
804.8	0.305187
805	0.304724
805.2	0.304262
805.4	0.303802
805.6	0.303342
805.8	0.302882
806	0.302424
806.2	0.301967
806.4	0.30151
806.6	0.301055
806.8	0.3006
807	0.300147
807.2	0.299694
807.4	0.299242
807.6	0.298791
807.8	0.29834
808	0.297891
808.2	0.297442
808.4	0.296995
808.6	0.296548
808.8	0.296102
809	0.295657
809.2	0.295213
809.4	0.29477
809.6	0.294327
809.8	0.293886
810	0.293445
810.2	0.293005
810.4	0.292566
810.6	0.292128
810.8	0.29169
811	0.291254
811.2	0.290818
811.4	0.290383
811.6	0.289949
811.8	0.289516
812	0.289084
812.2	0.288652
812.4	0.288222
812.6	0.287792
812.8	0.287363
813	0.286935
813.2	0.286507
813.4	0.286081
813.6	0.285655
813.8	0.28523
814	0.284806
814.2	0.284383
814.4	0.28396
814.6	0.283538
814.8	0.283118
815	0.282698
815.2	0.282278
815.4	0.28186
815.6	0.281442
815.8	0.281025
816	0.280609
816.2	0.280194
816.4	0.279779
816.6	0.279366
816.8	0.278953
817	0.278541
817.2	0.278129
817.4	0.277719
817.6	0.277309
817.8	0.2769
818	0.276492
818.2	0.276084
818.4	0.275678
818.6	0.275272
818.8	0.274867
819	0.274462
819.2	0.274059
819.4	0.273656
819.6	0.273254
819.8	0.272852
820	0.272452
820.2	0.272052
820.4	0.271653
820.6	0.271255
820.8	0.270857
821	0.27046
821.2	0.270064
821.4	0.269669
821.6	0.269275
821.8	0.268881
822	0.268488
822.2	0.268095
822.4	0.267704
822.6	0.267313
822.8	0.266923
823	0.266533
823.2	0.266145
823.4	0.265757
823.6	0.26537
823.8	0.264983
824	0.264597
824.2	0.264212
824.4	0.263828
824.6	0.263444
824.8	0.263062
825	0.262679
825.2	0.262298
825.4	0.261917
825.6	0.261537
825.8	0.261158
826	0.260779
826.2	0.260401
826.4	0.260024
826.6	0.259648
826.8	0.259272
827	0.258897
827.2	0.258523
827.4	0.258149
827.6	0.257776
827.8	0.257404
828	0.257032
828.2	0.256661
828.4	0.256291
828.6	0.255921
828.8	0.255552
829	0.255184
829.2	0.254817
829.4	0.25445
829.6	0.254084
829.8	0.253718
830	0.253354
830.2	0.25299
830.4	0.252626
830.6	0.252263
830.8	0.251901
831	0.25154
831.2	0.251179
831.4	0.250819
831.6	0.25046
831.8	0.250101
832	0.249743
832.2	0.249385
832.4	0.249029
832.6	0.248673
832.8	0.248317
833	0.247962
833.2	0.247608
833.4	0.247255
833.6	0.246902
833.8	0.24655
834	0.246198
834.2	0.245847
834.4	0.245497
834.6	0.245147
834.8	0.244798
835	0.24445
835.2	0.244102
835.4	0.243755
835.6	0.243409
835.8	0.243063
836	0.242718
836.2	0.242373
836.4	0.242029
836.6	0.241686
836.8	0.241343
837	0.241001
837.2	0.24066
837.4	0.240319
837.6	0.239979
837.8	0.23964
838	0.239301
838.2	0.238962
838.4	0.238625
838.6	0.238288
838.8	0.237951
839	0.237615
839.2	0.23728
839.4	0.236946
839.6	0.236612
839.8	0.236278
840	0.235945
840.2	0.235613
840.4	0.235282
840.6	0.234951
840.8	0.23462
841	0.23429
841.2	0.233961
841.4	0.233633
841.6	0.233305
841.8	0.232977
842	0.23265
842.2	0.232324
842.4	0.231999
842.6	0.231674
842.8	0.231349
843	0.231025
843.2	0.230702
843.4	0.230379
843.6	0.230057
843.8	0.229736
844	0.229415
844.2	0.229094
844.4	0.228775
844.6	0.228455
844.8	0.228137
845	0.227819
845.2	0.227501
845.4	0.227184
845.6	0.226868
845.8	0.226552
846	0.226237
846.2	0.225922
846.4	0.225608
846.6	0.225294
846.8	0.224981
847	0.224669
847.2	0.224357
847.4	0.224046
847.6	0.223735
847.8	0.223425
848	0.223115
848.2	0.222806
848.4	0.222498
848.6	0.22219
848.8	0.221882
849	0.221576
849.2	0.221269
849.4	0.220963
849.6	0.220658
849.8	0.220354
850	0.220049
850.2	0.219746
850.4	0.219443
850.6	0.21914
850.8	0.218838
851	0.218537
851.2	0.218236
851.4	0.217936
851.6	0.217636
851.8	0.217336
852	0.217038
852.2	0.216739
852.4	0.216442
852.6	0.216145
852.8	0.215848
853	0.215552
853.2	0.215256
853.4	0.214961
853.6	0.214667
853.8	0.214373
854	0.214079
854.2	0.213786
854.4	0.213494
854.6	0.213202
854.8	0.21291
855	0.212619
855.2	0.212329
855.4	0.212039
855.6	0.21175
855.8	0.211461
856	0.211172
856.2	0.210884
856.4	0.210597
856.6	0.21031
856.8	0.210024
857	0.209738
857.2	0.209453
857.4	0.209168
857.6	0.208884
857.8	0.2086
858	0.208317
858.2	0.208034
858.4	0.207751
858.6	0.20747
858.8	0.207188
859	0.206907
859.2	0.206627
859.4	0.206347
859.6	0.206068
859.8	0.205789
860	0.205511
860.2	0.205233
860.4	0.204955
860.6	0.204678
860.8	0.204402
861	0.204126
861.2	0.20385
861.4	0.203575
861.6	0.203301
861.8	0.203027
862	0.202753
862.2	0.20248
862.4	0.202208
862.6	0.201936
862.8	0.201664
863	0.201393
863.2	0.201122
863.4	0.200852
863.6	0.200582
863.8	0.200313
864	0.200044
864.2	0.199776
864.4	0.199508
864.6	0.19924
864.8	0.198973
865	0.198707
865.2	0.198441
865.4	0.198175
865.6	0.19791
865.8	0.197646
866	0.197381
866.2	0.197118
866.4	0.196854
866.6	0.196592
866.8	0.196329
867	0.196067
867.2	0.195806
867.4	0.195545
867.6	0.195284
867.8	0.195024
868	0.194765
868.2	0.194505
868.4	0.194247
868.6	0.193988
868.8	0.193731
869	0.193473
869.2	0.193216
869.4	0.19296
869.6	0.192704
869.8	0.192448
870	0.192193
870.2	0.191938
870.4	0.191684
870.6	0.19143
870.8	0.191176
871	0.190923
871.2	0.190671
871.4	0.190419
871.6	0.190167
871.8	0.189916
872	0.189665
872.2	0.189415
872.4	0.189165
872.6	0.188915
872.8	0.188666
873	0.188417
873.2	0.188169
873.4	0.187921
873.6	0.187674
873.8	0.187427
874	0.18718
874.2	0.186934
874.4	0.186688
874.6	0.186443
874.8	0.186198
875	0.185954
875.2	0.18571
875.4	0.185466
875.6	0.185223
875.8	0.18498
876	0.184738
876.2	0.184496
876.4	0.184254
876.6	0.184013
876.8	0.183773
877	0.183532
877.2	0.183292
877.4	0.183053
877.6	0.182814
877.8	0.182575
878	0.182337
878.2	0.182099
878.4	0.181862
878.6	0.181625
878.8	0.181388
879	0.181152
879.2	0.180916
879.4	0.18068
879.6	0.180445
879.8	0.180211
880	0.179977
880.2	0.179743
880.4	0.179509
880.6	0.179276
880.8	0.179044
881	0.178811
881.2	0.178579
881.4	0.178348
881.6	0.178117
881.8	0.177886
882	0.177656
882.2	0.177426
882.4	0.177197
882.6	0.176967
882.8	0.176739
883	0.17651
883.2	0.176282
883.4	0.176055
883.6	0.175828
883.8	0.175601
884	0.175374
884.2	0.175148
884.4	0.174923
884.6	0.174697
884.8	0.174473
885	0.174248
885.2	0.174024
885.4	0.1738
885.6	0.173577
885.8	0.173354
886	0.173131
886.2	0.172909
886.4	0.172687
886.6	0.172466
886.8	0.172244
887	0.172024
887.2	0.171803
887.4	0.171583
887.6	0.171364
887.8	0.171144
888	0.170925
888.2	0.170707
888.4	0.170489
888.6	0.170271
888.8	0.170053
889	0.169836
889.2	0.16962
889.4	0.169403
889.6	0.169187
889.8	0.168972
890	0.168756
890.2	0.168541
890.4	0.168327
890.6	0.168113
890.8	0.167899
891	0.167685
891.2	0.167472
891.4	0.16726
891.6	0.167047
891.8	0.166835
892	0.166623
892.2	0.166412
892.4	0.166201
892.6	0.165991
892.8	0.16578
893	0.16557
893.2	0.165361
893.4	0.165152
893.6	0.164943
893.8	0.164734
894	0.164526
894.2	0.164318
894.4	0.164111
894.6	0.163903
894.8	0.163697
895	0.16349
895.2	0.163284
895.4	0.163078
895.6	0.162873
895.8	0.162668
896	0.162463
896.2	0.162259
896.4	0.162055
896.6	0.161851
896.8	0.161647
897	0.161444
897.2	0.161242
897.4	0.161039
897.6	0.160837
897.8	0.160636
898	0.160434
898.2	0.160233
898.4	0.160033
898.6	0.159832
898.8	0.159632
899	0.159432
899.2	0.159233
899.4	0.159034
899.6	0.158835
899.8	0.158637
900	0.158439
900.2	0.158241
900.4	0.158044
900.6	0.157847
900.8	0.15765
901	0.157453
901.2	0.157257
901.4	0.157062
901.6	0.156866
901.8	0.156671
902	0.156476
902.2	0.156282
902.4	0.156087
902.6	0.155894
902.8	0.1557
903	0.155507
903.2	0.155314
903.4	0.155121
903.6	0.154929
903.8	0.154737
904	0.154546
904.2	0.154354
904.4	0.154163
904.6	0.153973
904.8	0.153782
905	0.153592
905.2	0.153402
905.4	0.153213
905.6	0.153024
905.8	0.152835
906	0.152647
906.2	0.152458
906.4	0.152271
906.6	0.152083
906.8	0.151896
907	0.151709
907.2	0.151522
907.4	0.151336
907.6	0.15115
907.8	0.150964
908	0.150779
908.2	0.150593
908.4	0.150409
908.6	0.150224
908.8	0.15004
909	0.149856
909.2	0.149672
909.4	0.149489
909.6	0.149306
909.8	0.149123
910	0.148941
910.2	0.148759
910.4	0.148577
910.6	0.148395
910.8	0.148214
911	0.148033
911.2	0.147853
911.4	0.147672
911.6	0.147492
911.8	0.147312
912	0.147133
912.2	0.146954
912.4	0.146775
912.6	0.146596
912.8	0.146418
913	0.14624
913.2	0.146062
913.4	0.145885
913.6	0.145708
913.8	0.145531
914	0.145354
914.2	0.145178
914.4	0.145002
914.6	0.144826
914.8	0.144651
915	0.144476
915.2	0.144301
915.4	0.144126
915.6	0.143952
915.8	0.143778
916	0.143604
916.2	0.143431
916.4	0.143258
916.6	0.143085
916.8	0.142912
917	0.14274
917.2	0.142568
917.4	0.142396
917.6	0.142225
917.8	0.142053
918	0.141883
918.2	0.141712
918.4	0.141541
918.6	0.141371
918.8	0.141202
919	0.141032
919.2	0.140863
919.4	0.140694
919.6	0.140525
919.8	0.140357
920	0.140188
920.2	0.14002
920.4	0.139853
920.6	0.139685
920.8	0.139518
921	0.139352
921.2	0.139185
921.4	0.139019
921.6	0.138853
921.8	0.138687
922	0.138521
922.2	0.138356
922.4	0.138191
922.6	0.138027
922.8	0.137862
923	0.137698
923.2	0.137534
923.4	0.13737
923.6	0.137207
923.8	0.137044
924	0.136881
924.2	0.136719
924.4	0.136556
924.6	0.136394
924.8	0.136232
925	0.136071
925.2	0.13591
925.4	0.135749
925.6	0.135588
925.8	0.135427
926	0.135267
926.2	0.135107
926.4	0.134947
926.6	0.134788
926.8	0.134629
927	0.13447
927.2	0.134311
927.4	0.134153
927.6	0.133994
927.8	0.133836
928	0.133679
928.2	0.133521
928.4	0.133364
928.6	0.133207
928.8	0.13305
929	0.132894
929.2	0.132738
929.4	0.132582
929.6	0.132426
929.8	0.132271
930	0.132116
930.2	0.131961
930.4	0.131806
930.6	0.131651
930.8	0.131497
931	0.131343
931.2	0.13119
931.4	0.131036
931.6	0.130883
931.8	0.13073
932	0.130577
932.2	0.130425
932.4	0.130272
932.6	0.13012
932.8	0.129969
933	0.129817
933.2	0.129666
933.4	0.129515
933.6	0.129364
933.8	0.129213
934	0.129063
934.2	0.128913
934.4	0.128763
934.6	0.128614
934.8	0.128464
935	0.128315
935.2	0.128166
935.4	0.128018
935.6	0.127869
935.8	0.127721
936	0.127573
936.2	0.127425
936.4	0.127278
936.6	0.127131
936.8	0.126984
937	0.126837
937.2	0.12669
937.4	0.126544
937.6	0.126398
937.8	0.126252
938	0.126106
938.2	0.125961
938.4	0.125816
938.6	0.125671
938.8	0.125526
939	0.125382
939.2	0.125238
939.4	0.125094
939.6	0.12495
939.8	0.124806
940	0.124663
940.2	0.12452
940.4	0.124377
940.6	0.124234
940.8	0.124092
941	0.12395
941.2	0.123808
941.4	0.123666
941.6	0.123524
941.8	0.123383
942	0.123242
942.2	0.123101
942.4	0.122961
942.6	0.12282
942.8	0.12268
943	0.12254
943.2	0.1224
943.4	0.122261
943.6	0.122121
943.8	0.121982
944	0.121843
944.2	0.121705
944.4	0.121566
944.6	0.121428
944.8	0.12129
945	0.121152
945.2	0.121015
945.4	0.120878
945.6	0.12074
945.8	0.120603
946	0.120467
946.2	0.12033
946.4	0.120194
946.6	0.120058
946.8	0.119922
947	0.119787
947.2	0.119651
947.4	0.119516
947.6	0.119381
947.8	0.119246
948	0.119112
948.2	0.118977
948.4	0.118843
948.6	0.118709
948.8	0.118575
949	0.118442
949.2	0.118309
949.4	0.118176
949.6	0.118043
949.8	0.11791
950	0.117777
950.2	0.117645
950.4	0.117513
950.6	0.117381
950.8	0.11725
951	0.117118
951.2	0.116987
951.4	0.116856
951.6	0.116725
951.8	0.116595
952	0.116464
952.2	0.116334
952.4	0.116204
952.6	0.116074
952.8	0.115945
953	0.115815
953.2	0.115686
953.4	0.115557
953.6	0.115428
953.8	0.1153
954	0.115171
954.2	0.115043
954.4	0.114915
954.6	0.114787
954.8	0.11466
955	0.114532
955.2	0.114405
955.4	0.114278
955.6	0.114151
955.8	0.114025
956	0.113898
956.2	0.113772
956.4	0.113646
956.6	0.11352
956.8	0.113395
957	0.113269
957.2	0.113144
957.4	0.113019
957.6	0.112894
957.8	0.11277
958	0.112645
958.2	0.112521
958.4	0.112397
958.6	0.112273
958.8	0.112149
959	0.112026
959.2	0.111902
959.4	0.111779
959.6	0.111656
959.8	0.111534
960	0.111411
960.2	0.111289
960.4	0.111167
960.6	0.111045
960.8	0.110923
961	0.110801
961.2	0.11068
961.4	0.110559
961.6	0.110438
961.8	0.110317
962	0.110196
962.2	0.110076
962.4	0.109956
962.6	0.109836
962.8	0.109716
963	0.109596
963.2	0.109477
963.4	0.109357
963.6	0.109238
963.8	0.109119
964	0.109
964.2	0.108882
964.4	0.108763
964.6	0.108645
964.8	0.108527
965	0.108409
965.2	0.108291
965.4	0.108174
965.6	0.108057
965.8	0.10794
966	0.107823
966.2	0.107706
966.4	0.107589
966.6	0.107473
966.8	0.107357
967	0.107241
967.2	0.107125
967.4	0.107009
967.6	0.106893
967.8	0.106778
968	0.106663
968.2	0.106548
968.4	0.106433
968.6	0.106318
968.8	0.106204
969	0.10609
969.2	0.105976
969.4	0.105862
969.6	0.105748
969.8	0.105634
970	0.105521
970.2	0.105408
970.4	0.105295
970.6	0.105182
970.8	0.105069
971	0.104957
971.2	0.104844
971.4	0.104732
971.6	0.10462
971.8	0.104508
972	0.104397
972.2	0.104285
972.4	0.104174
972.6	0.104063
972.8	0.103952
973	0.103841
973.2	0.10373
973.4	0.10362
973.6	0.103509
973.8	0.103399
974	0.103289
974.2	0.10318
974.4	0.10307
974.6	0.10296
974.8	0.102851
975	0.102742
975.2	0.102633
975.4	0.102524
975.6	0.102416
975.8	0.102307
976	0.102199
976.2	0.102091
976.4	0.101983
976.6	0.101875
976.8	0.101767
977	0.10166
977.2	0.101553
977.4	0.101446
977.6	0.101339
977.8	0.101232
978	0.101125
978.2	0.101019
978.4	0.100912
978.6	0.100806
978.8	0.1007
979	0.100594
979.2	0.100489
979.4	0.100383
979.6	0.100278
979.8	0.100173
980	0.100068
980.2	0.0999629
980.4	0.0998582
980.6	0.0997537
980.8	0.0996493
981	0.0995451
981.2	0.099441
981.4	0.0993371
981.6	0.0992334
981.8	0.0991298
982	0.0990264
982.2	0.0989231
982.4	0.09882
982.6	0.098717
982.8	0.0986142
983	0.0985116
983.2	0.0984091
983.4	0.0983068
983.6	0.0982046
983.8	0.0981026
984	0.0980007
984.2	0.097899
984.4	0.0977975
984.6	0.0976961
984.8	0.0975949
985	0.0974938
985.2	0.0973928
985.4	0.0972921
985.6	0.0971914
985.8	0.097091
986	0.0969907
986.2	0.0968905
986.4	0.0967905
986.6	0.0966906
986.8	0.0965909
987	0.0964914
987.2	0.0963919
987.4	0.0962927
987.6	0.0961936
987.8	0.0960946
988	0.0959958
988.2	0.0958972
988.4	0.0957987
988.6	0.0957003
988.8	0.0956021
989	0.0955041
989.2	0.0954062
989.4	0.0953084
989.6	0.0952108
989.8	0.0951133
990	0.095016
990.2	0.0949189
990.4	0.0948218
990.6	0.094725
990.8	0.0946283
991	0.0945317
991.2	0.0944352
991.4	0.094339
991.6	0.0942428
991.8	0.0941468
992	0.094051
992.2	0.0939553
992.4	0.0938597
992.6	0.0937643
992.8	0.093669
993	0.0935739
993.2	0.0934789
993.4	0.0933841
993.6	0.0932894
993.8	0.0931949
994	0.0931005
994.2	0.0930062
994.4	0.0929121
994.6	0.0928181
994.8	0.0927243
995	0.0926306
995.2	0.092537
995.4	0.0924436
995.6	0.0923503
995.8	0.0922572
996	0.0921642
996.2	0.0920714
996.4	0.0919787
996.6	0.0918861
996.8	0.0917937
997	0.0917014
997.2	0.0916093
997.4	0.0915172
997.6	0.0914254
997.8	0.0913337
998	0.0912421
998.2	0.0911506
998.4	0.0910593
998.6	0.0909681
998.8	0.0908771
999	0.0907862
999.2	0.0906954
999.4	0.0906048
999.6	0.0905143
999.8	0.0904239
1000	0.0903337
