label:PY[0].soma.m_im
5001
0	0
0.2	3.70744e-05
0.4	7.41019e-05
0.6	0.000111083
0.8	0.000148016
1	0.000184903
1.2	0.000221743
1.4	0.000258537
1.6	0.000295283
1.8	0.000331983
2	0.000368636
2.2	0.000405243
2.4	0.000441802
2.6	0.000478316
2.8	0.000514782
3	0.000551203
3.2	0.000587576
3.4	0.000623904
3.6	0.000660185
3.8	0.000696419
4	0.000732607
4.2	0.000768749
4.4	0.000804844
4.6	0.000840894
4.8	0.000876897
5	0.000912854
5.2	0.000948765
5.4	0.000984629
5.6	0.00102045
5.8	0.00105622
6	0.00109195
6.2	0.00112763
6.4	0.00116326
6.6	0.00119885
6.8	0.0012344
7	0.00126989
7.2	0.00130534
7.4	0.00134075
7.6	0.00137611
7.8	0.00141143
8	0.00144669
8.2	0.00148192
8.4	0.0015171
8.6	0.00155223
8.8	0.00158732
9	0.00162236
9.2	0.00165736
9.4	0.00169231
9.6	0.00172721
9.8	0.00176207
10	0.00179689
10.2	0.00183166
10.4	0.00186639
10.6	0.00190107
10.8	0.0019357
11	0.00197029
11.2	0.00200484
11.4	0.00203934
11.6	0.0020738
11.8	0.00210821
12	0.00214258
12.2	0.0021769
12.4	0.00221118
12.6	0.00224541
12.8	0.0022796
13	0.00231374
13.2	0.00234784
13.4	0.0023819
13.6	0.00241591
13.8	0.00244988
14	0.0024838
14.2	0.00251768
14.4	0.00255151
14.6	0.0025853
14.8	0.00261905
15	0.00265275
15.2	0.00268641
15.4	0.00272003
15.6	0.0027536
15.8	0.00278712
16	0.00282061
16.2	0.00285405
16.4	0.00288744
16.6	0.00292079
16.8	0.0029541
17	0.00298737
17.2	0.00302059
17.4	0.00305377
17.6	0.0030869
17.8	0.00311999
18	0.00315304
18.2	0.00318605
18.4	0.00321901
18.6	0.00325193
18.8	0.00328481
19	0.00331764
19.2	0.00335043
19.4	0.00338318
19.6	0.00341588
19.8	0.00344854
20	0.00348116
20.2	0.00351374
20.4	0.00354627
20.6	0.00357876
20.8	0.00361121
21	0.00364361
21.2	0.00367598
21.4	0.0037083
21.6	0.00374058
21.8	0.00377281
22	0.003805
22.2	0.00383716
22.4	0.00386927
22.6	0.00390133
22.8	0.00393336
23	0.00396534
23.2	0.00399728
23.4	0.00402918
23.6	0.00406104
23.8	0.00409285
24	0.00412463
24.2	0.00415636
24.4	0.00418805
24.6	0.0042197
24.8	0.00425131
25	0.00428287
25.2	0.00431439
25.4	0.00434588
25.6	0.00437732
25.8	0.00440872
26	0.00444008
26.2	0.00447139
26.4	0.00450267
26.6	0.0045339
26.8	0.0045651
27	0.00459625
27.2	0.00462736
27.4	0.00465843
27.6	0.00468946
27.8	0.00472045
28	0.0047514
28.2	0.00478231
28.4	0.00481318
28.6	0.004844
28.8	0.00487479
29	0.00490553
29.2	0.00493624
29.4	0.0049669
29.6	0.00499753
29.8	0.00502811
30	0.00505865
30.2	0.00508916
30.4	0.00511962
30.6	0.00515004
30.8	0.00518042
31	0.00521077
31.2	0.00524107
31.4	0.00527133
31.6	0.00530155
31.8	0.00533174
32	0.00536188
32.2	0.00539198
32.4	0.00542205
32.6	0.00545207
32.8	0.00548205
33	0.005512
33.2	0.0055419
33.4	0.00557177
33.6	0.0056016
33.8	0.00563138
34	0.00566113
34.2	0.00569084
34.4	0.00572051
34.6	0.00575014
34.8	0.00577973
35	0.00580928
35.2	0.00583879
35.4	0.00586827
35.6	0.0058977
35.8	0.0059271
36	0.00595645
36.2	0.00598577
36.4	0.00601505
36.6	0.00604429
36.8	0.0060735
37	0.00610266
37.2	0.00613178
37.4	0.00616087
37.6	0.00618992
37.8	0.00621893
38	0.0062479
38.2	0.00627683
38.4	0.00630573
38.6	0.00633459
38.8	0.0063634
39	0.00639219
39.2	0.00642093
39.4	0.00644963
39.6	0.0064783
39.8	0.00650693
40	0.00653552
40.2	0.00656407
40.4	0.00659259
40.6	0.00662106
40.8	0.0066495
41	0.00667791
41.2	0.00670627
41.4	0.0067346
41.6	0.00676289
41.8	0.00679114
42	0.00681935
42.2	0.00684753
42.4	0.00687567
42.6	0.00690377
42.8	0.00693184
43	0.00695987
43.2	0.00698786
43.4	0.00701581
43.6	0.00704373
43.8	0.00707161
44	0.00709945
44.2	0.00712726
44.4	0.00715503
44.6	0.00718276
44.8	0.00721046
45	0.00723812
45.2	0.00726574
45.4	0.00729333
45.6	0.00732088
45.8	0.00734839
46	0.00737587
46.2	0.00740331
46.4	0.00743071
46.6	0.00745808
46.8	0.00748541
47	0.0075127
47.2	0.00753996
47.4	0.00756719
47.6	0.00759437
47.8	0.00762152
48	0.00764864
48.2	0.00767572
48.4	0.00770276
48.6	0.00772977
48.8	0.00775674
49	0.00778367
49.2	0.00781057
49.4	0.00783744
49.6	0.00786427
49.8	0.00789106
50	0.00791782
50.2	0.00794454
50.4	0.00797122
50.6	0.00799788
50.8	0.00802449
51	0.00805107
51.2	0.00807762
51.4	0.00810413
51.6	0.0081306
51.8	0.00815704
52	0.00818344
52.2	0.00820981
52.4	0.00823615
52.6	0.00826245
52.8	0.00828871
53	0.00831494
53.2	0.00834114
53.4	0.0083673
53.6	0.00839342
53.8	0.00841951
54	0.00844557
54.2	0.00847159
54.4	0.00849758
54.6	0.00852353
54.8	0.00854945
55	0.00857533
55.2	0.00860118
55.4	0.00862699
55.6	0.00865277
55.8	0.00867852
56	0.00870423
56.2	0.00872991
56.4	0.00875555
56.6	0.00878116
56.8	0.00880674
57	0.00883228
57.2	0.00885779
57.4	0.00888326
57.6	0.0089087
57.8	0.00893411
58	0.00895948
58.2	0.00898482
58.4	0.00901012
58.6	0.00903539
58.8	0.00906063
59	0.00908584
59.2	0.00911101
59.4	0.00913614
59.6	0.00916125
59.8	0.00918632
60	0.00921135
60.2	0.00923636
60.4	0.00926133
60.6	0.00928627
60.8	0.00931117
61	0.00933604
61.2	0.00936088
61.4	0.00938568
61.6	0.00941046
61.8	0.00943519
62	0.0094599
62.2	0.00948457
62.4	0.00950921
62.6	0.00953382
62.8	0.0095584
63	0.00958294
63.2	0.00960745
63.4	0.00963192
63.6	0.00965637
63.8	0.00968078
64	0.00970516
64.2	0.00972951
64.4	0.00975382
64.6	0.0097781
64.8	0.00980235
65	0.00982657
65.2	0.00985075
65.4	0.00987491
65.6	0.00989903
65.8	0.00992312
66	0.00994717
66.2	0.0099712
66.4	0.00999519
66.6	0.0100192
66.8	0.0100431
67	0.010067
67.2	0.0100908
67.4	0.0101147
67.6	0.0101385
67.8	0.0101622
68	0.010186
68.2	0.0102097
68.4	0.0102334
68.6	0.010257
68.8	0.0102806
69	0.0103042
69.2	0.0103278
69.4	0.0103513
69.6	0.0103748
69.8	0.0103982
70	0.0104216
70.2	0.010445
70.4	0.0104684
70.6	0.0104917
70.8	0.010515
71	0.0105383
71.2	0.0105615
71.4	0.0105847
71.6	0.0106079
71.8	0.010631
72	0.0106542
72.2	0.0106772
72.4	0.0107003
72.6	0.0107233
72.8	0.0107463
73	0.0107693
73.2	0.0107922
73.4	0.0108151
73.6	0.010838
73.8	0.0108608
74	0.0108836
74.2	0.0109064
74.4	0.0109291
74.6	0.0109519
74.8	0.0109745
75	0.0109972
75.2	0.0110198
75.4	0.0110424
75.6	0.011065
75.8	0.0110875
76	0.01111
76.2	0.0111325
76.4	0.0111549
76.6	0.0111774
76.8	0.0111997
77	0.0112221
77.2	0.0112444
77.4	0.0112667
77.6	0.011289
77.8	0.0113112
78	0.0113334
78.2	0.0113556
78.4	0.0113777
78.6	0.0113999
78.8	0.011422
79	0.011444
79.2	0.011466
79.4	0.011488
79.6	0.01151
79.8	0.011532
80	0.0115539
80.2	0.0115757
80.4	0.0115976
80.6	0.0116194
80.8	0.0116412
81	0.011663
81.2	0.0116847
81.4	0.0117064
81.6	0.0117281
81.8	0.0117498
82	0.0117714
82.2	0.011793
82.4	0.0118145
82.6	0.0118361
82.8	0.0118576
83	0.011879
83.2	0.0119005
83.4	0.0119219
83.6	0.0119433
83.8	0.0119647
84	0.011986
84.2	0.0120073
84.4	0.0120286
84.6	0.0120498
84.8	0.0120711
85	0.0120922
85.2	0.0121134
85.4	0.0121345
85.6	0.0121557
85.8	0.0121767
86	0.0121978
86.2	0.0122188
86.4	0.0122398
86.6	0.0122608
86.8	0.0122817
87	0.0123026
87.2	0.0123235
87.4	0.0123444
87.6	0.0123652
87.8	0.012386
88	0.0124067
88.2	0.0124275
88.4	0.0124482
88.6	0.0124689
88.8	0.0124896
89	0.0125102
89.2	0.0125308
89.4	0.0125514
89.6	0.0125719
89.8	0.0125924
90	0.0126129
90.2	0.0126334
90.4	0.0126538
90.6	0.0126743
90.8	0.0126946
91	0.012715
91.2	0.0127353
91.4	0.0127556
91.6	0.0127759
91.8	0.0127962
92	0.0128164
92.2	0.0128366
92.4	0.0128567
92.6	0.0128769
92.8	0.012897
93	0.0129171
93.2	0.0129371
93.4	0.0129572
93.6	0.0129772
93.8	0.0129972
94	0.0130171
94.2	0.013037
94.4	0.0130569
94.6	0.0130768
94.8	0.0130967
95	0.0131165
95.2	0.0131363
95.4	0.0131561
95.6	0.0131758
95.8	0.0131955
96	0.0132152
96.2	0.0132349
96.4	0.0132545
96.6	0.0132741
96.8	0.0132937
97	0.0133132
97.2	0.0133328
97.4	0.0133523
97.6	0.0133718
97.8	0.0133912
98	0.0134106
98.2	0.01343
98.4	0.0134494
98.6	0.0134688
98.8	0.0134881
99	0.0135074
99.2	0.0135266
99.4	0.0135459
99.6	0.0135651
99.8	0.0135843
100	0.0136035
100.2	0.0136226
100.4	0.0136417
100.6	0.0136608
100.8	0.0136799
101	0.0136989
101.2	0.0137179
101.4	0.0137369
101.6	0.0137559
101.8	0.0137748
102	0.0137937
102.2	0.0138126
102.4	0.0138315
102.6	0.0138503
102.8	0.0138691
103	0.0138879
103.2	0.0139067
103.4	0.0139254
103.6	0.0139441
103.8	0.0139628
104	0.0139815
104.2	0.0140001
104.4	0.0140187
104.6	0.0140373
104.8	0.0140559
105	0.0140744
105.2	0.0140929
105.4	0.0141114
105.6	0.0141298
105.8	0.0141483
106	0.0141667
106.2	0.0141851
106.4	0.0142034
106.6	0.0142218
106.8	0.0142401
107	0.0142584
107.2	0.0142766
107.4	0.0142949
107.6	0.0143131
107.8	0.0143313
108	0.0143495
108.2	0.0143676
108.4	0.0143857
108.6	0.0144038
108.8	0.0144219
109	0.0144399
109.2	0.0144579
109.4	0.0144759
109.6	0.0144939
109.8	0.0145119
110	0.0145298
110.2	0.0145477
110.4	0.0145656
110.6	0.0145834
110.8	0.0146012
111	0.014619
111.2	0.0146368
111.4	0.0146546
111.6	0.0146723
111.8	0.01469
112	0.0147077
112.2	0.0147254
112.4	0.014743
112.6	0.0147606
112.8	0.0147782
113	0.0147958
113.2	0.0148133
113.4	0.0148308
113.6	0.0148483
113.8	0.0148658
114	0.0148833
114.2	0.0149007
114.4	0.0149181
114.6	0.0149355
114.8	0.0149528
115	0.0149701
115.2	0.0149875
115.4	0.0150047
115.6	0.015022
115.8	0.0150392
116	0.0150565
116.2	0.0150736
116.4	0.0150908
116.6	0.015108
116.8	0.0151251
117	0.0151422
117.2	0.0151593
117.4	0.0151763
117.6	0.0151934
117.8	0.0152104
118	0.0152274
118.2	0.0152443
118.4	0.0152613
118.6	0.0152782
118.8	0.0152951
119	0.0153119
119.2	0.0153288
119.4	0.0153456
119.6	0.0153624
119.8	0.0153792
120	0.015396
120.2	0.0154127
120.4	0.0154294
120.6	0.0154461
120.8	0.0154628
121	0.0154794
121.2	0.015496
121.4	0.0155127
121.6	0.0155292
121.8	0.0155458
122	0.0155623
122.2	0.0155788
122.4	0.0155953
122.6	0.0156118
122.8	0.0156282
123	0.0156447
123.2	0.0156611
123.4	0.0156775
123.6	0.0156938
123.8	0.0157102
124	0.0157265
124.2	0.0157428
124.4	0.015759
124.6	0.0157753
124.8	0.0157915
125	0.0158077
125.2	0.0158239
125.4	0.0158401
125.6	0.0158562
125.8	0.0158723
126	0.0158884
126.2	0.0159045
126.4	0.0159205
126.6	0.0159366
126.8	0.0159526
127	0.0159686
127.2	0.0159845
127.4	0.0160005
127.6	0.0160164
127.8	0.0160323
128	0.0160482
128.2	0.0160641
128.4	0.0160799
128.6	0.0160957
128.8	0.0161115
129	0.0161273
129.2	0.016143
129.4	0.0161588
129.6	0.0161745
129.8	0.0161902
130	0.0162058
130.2	0.0162215
130.4	0.0162371
130.6	0.0162527
130.8	0.0162683
131	0.0162839
131.2	0.0162994
131.4	0.0163149
131.6	0.0163304
131.8	0.0163459
132	0.0163614
132.2	0.0163768
132.4	0.0163922
132.6	0.0164076
132.8	0.016423
133	0.0164384
133.2	0.0164537
133.4	0.016469
133.6	0.0164843
133.8	0.0164996
134	0.0165148
134.2	0.0165301
134.4	0.0165453
134.6	0.0165605
134.8	0.0165756
135	0.0165908
135.2	0.0166059
135.4	0.016621
135.6	0.0166361
135.8	0.0166512
136	0.0166662
136.2	0.0166813
136.4	0.0166963
136.6	0.0167113
136.8	0.0167262
137	0.0167412
137.2	0.0167561
137.4	0.016771
137.6	0.0167859
137.8	0.0168008
138	0.0168156
138.2	0.0168304
138.4	0.0168453
138.6	0.01686
138.8	0.0168748
139	0.0168896
139.2	0.0169043
139.4	0.016919
139.6	0.0169337
139.8	0.0169483
140	0.016963
140.2	0.0169776
140.4	0.0169922
140.6	0.0170068
140.8	0.0170214
141	0.0170359
141.2	0.0170505
141.4	0.017065
141.6	0.0170795
141.8	0.0170939
142	0.0171084
142.2	0.0171228
142.4	0.0171372
142.6	0.0171516
142.8	0.017166
143	0.0171804
143.2	0.0171947
143.4	0.017209
143.6	0.0172233
143.8	0.0172376
144	0.0172519
144.2	0.0172661
144.4	0.0172803
144.6	0.0172945
144.8	0.0173087
145	0.0173229
145.2	0.017337
145.4	0.0173511
145.6	0.0173652
145.8	0.0173793
146	0.0173934
146.2	0.0174074
146.4	0.0174215
146.6	0.0174355
146.8	0.0174495
147	0.0174635
147.2	0.0174774
147.4	0.0174913
147.6	0.0175053
147.8	0.0175192
148	0.017533
148.2	0.0175469
148.4	0.0175607
148.6	0.0175746
148.8	0.0175884
149	0.0176022
149.2	0.0176159
149.4	0.0176297
149.6	0.0176434
149.8	0.0176571
150	0.0176708
150.2	0.0176845
150.4	0.0176981
150.6	0.0177118
150.8	0.0177254
151	0.017739
151.2	0.0177526
151.4	0.0177662
151.6	0.0177797
151.8	0.0177932
152	0.0178067
152.2	0.0178202
152.4	0.0178337
152.6	0.0178472
152.8	0.0178606
153	0.017874
153.2	0.0178874
153.4	0.0179008
153.6	0.0179142
153.8	0.0179275
154	0.0179408
154.2	0.0179542
154.4	0.0179674
154.6	0.0179807
154.8	0.017994
155	0.0180072
155.2	0.0180204
155.4	0.0180336
155.6	0.0180468
155.8	0.01806
156	0.0180731
156.2	0.0180863
156.4	0.0180994
156.6	0.0181125
156.8	0.0181256
157	0.0181386
157.2	0.0181517
157.4	0.0181647
157.6	0.0181777
157.8	0.0181907
158	0.0182037
158.2	0.0182166
158.4	0.0182296
158.6	0.0182425
158.8	0.0182554
159	0.0182683
159.2	0.0182811
159.4	0.018294
159.6	0.0183068
159.8	0.0183196
160	0.0183324
160.2	0.0183452
160.4	0.018358
160.6	0.0183707
160.8	0.0183835
161	0.0183962
161.2	0.0184089
161.4	0.0184216
161.6	0.0184342
161.8	0.0184469
162	0.0184595
162.2	0.0184721
162.4	0.0184847
162.6	0.0184973
162.8	0.0185098
163	0.0185224
163.2	0.0185349
163.4	0.0185474
163.6	0.0185599
163.8	0.0185724
164	0.0185848
164.2	0.0185973
164.4	0.0186097
164.6	0.0186221
164.8	0.0186345
165	0.0186469
165.2	0.0186592
165.4	0.0186716
165.6	0.0186839
165.8	0.0186962
166	0.0187085
166.2	0.0187208
166.4	0.018733
166.6	0.0187453
166.8	0.0187575
167	0.0187697
167.2	0.0187819
167.4	0.0187941
167.6	0.0188062
167.8	0.0188184
168	0.0188305
168.2	0.0188426
168.4	0.0188547
168.6	0.0188668
168.8	0.0188789
169	0.0188909
169.2	0.0189029
169.4	0.0189149
169.6	0.0189269
169.8	0.0189389
170	0.0189509
170.2	0.0189628
170.4	0.0189748
170.6	0.0189867
170.8	0.0189986
171	0.0190104
171.2	0.0190223
171.4	0.0190342
171.6	0.019046
171.8	0.0190578
172	0.0190696
172.2	0.0190814
172.4	0.0190932
172.6	0.0191049
172.8	0.0191167
173	0.0191284
173.2	0.0191401
173.4	0.0191518
173.6	0.0191635
173.8	0.0191751
174	0.0191868
174.2	0.0191984
174.4	0.01921
174.6	0.0192216
174.8	0.0192332
175	0.0192448
175.2	0.0192563
175.4	0.0192678
175.6	0.0192794
175.8	0.0192909
176	0.0193024
176.2	0.0193138
176.4	0.0193253
176.6	0.0193367
176.8	0.0193481
177	0.0193596
177.2	0.019371
177.4	0.0193823
177.6	0.0193937
177.8	0.019405
178	0.0194164
178.2	0.0194277
178.4	0.019439
178.6	0.0194503
178.8	0.0194616
179	0.0194728
179.2	0.0194841
179.4	0.0194953
179.6	0.0195065
179.8	0.0195177
180	0.0195289
180.2	0.01954
180.4	0.0195512
180.6	0.0195623
180.8	0.0195734
181	0.0195845
181.2	0.0195956
181.4	0.0196067
181.6	0.0196178
181.8	0.0196288
182	0.0196398
182.2	0.0196509
182.4	0.0196619
182.6	0.0196729
182.8	0.0196838
183	0.0196948
183.2	0.0197057
183.4	0.0197166
183.6	0.0197276
183.8	0.0197385
184	0.0197493
184.2	0.0197602
184.4	0.0197711
184.6	0.0197819
184.8	0.0197927
185	0.0198035
185.2	0.0198143
185.4	0.0198251
185.6	0.0198359
185.8	0.0198466
186	0.0198574
186.2	0.0198681
186.4	0.0198788
186.6	0.0198895
186.8	0.0199002
187	0.0199108
187.2	0.0199215
187.4	0.0199321
187.6	0.0199427
187.8	0.0199533
188	0.0199639
188.2	0.0199745
188.4	0.0199851
188.6	0.0199956
188.8	0.0200061
189	0.0200167
189.2	0.0200272
189.4	0.0200377
189.6	0.0200481
189.8	0.0200586
190	0.020069
190.2	0.0200795
190.4	0.0200899
190.6	0.0201003
190.8	0.0201107
191	0.0201211
191.2	0.0201314
191.4	0.0201418
191.6	0.0201521
191.8	0.0201625
192	0.0201728
192.2	0.0201831
192.4	0.0201933
192.6	0.0202036
192.8	0.0202139
193	0.0202241
193.2	0.0202343
193.4	0.0202445
193.6	0.0202547
193.8	0.0202649
194	0.0202751
194.2	0.0202852
194.4	0.0202954
194.6	0.0203055
194.8	0.0203156
195	0.0203257
195.2	0.0203358
195.4	0.0203459
195.6	0.0203559
195.8	0.020366
196	0.020376
196.2	0.020386
196.4	0.020396
196.6	0.020406
196.8	0.020416
197	0.020426
197.2	0.0204359
197.4	0.0204459
197.6	0.0204558
197.8	0.0204657
198	0.0204756
198.2	0.0204855
198.4	0.0204954
198.6	0.0205052
198.8	0.0205151
199	0.0205249
199.2	0.0205347
199.4	0.0205445
199.6	0.0205543
199.8	0.0205641
200	0.0205738
200.2	0.0205836
200.4	0.0205933
200.6	0.0206031
200.8	0.0206128
201	0.0206225
201.2	0.0206322
201.4	0.0206418
201.6	0.0206515
201.8	0.0206611
202	0.0206708
202.2	0.0206804
202.4	0.02069
202.6	0.0206996
202.8	0.0207092
203	0.0207187
203.2	0.0207283
203.4	0.0207378
203.6	0.0207474
203.8	0.0207569
204	0.0207664
204.2	0.0207759
204.4	0.0207854
204.6	0.0207948
204.8	0.0208043
205	0.0208137
205.2	0.0208231
205.4	0.0208325
205.6	0.0208419
205.8	0.0208513
206	0.0208607
206.2	0.0208701
206.4	0.0208794
206.6	0.0208888
206.8	0.0208981
207	0.0209074
207.2	0.0209167
207.4	0.020926
207.6	0.0209353
207.8	0.0209445
208	0.0209538
208.2	0.020963
208.4	0.0209722
208.6	0.0209814
208.8	0.0209906
209	0.0209998
209.2	0.021009
209.4	0.0210182
209.6	0.0210273
209.8	0.0210364
210	0.0210456
210.2	0.0210547
210.4	0.0210638
210.6	0.0210729
210.8	0.0210819
211	0.021091
211.2	0.0211001
211.4	0.0211091
211.6	0.0211181
211.8	0.0211271
212	0.0211361
212.2	0.0211451
212.4	0.0211541
212.6	0.0211631
212.8	0.021172
213	0.021181
213.2	0.0211899
213.4	0.0211988
213.6	0.0212077
213.8	0.0212166
214	0.0212255
214.2	0.0212343
214.4	0.0212432
214.6	0.021252
214.8	0.0212609
215	0.0212697
215.2	0.0212785
215.4	0.0212873
215.6	0.0212961
215.8	0.0213049
216	0.0213136
216.2	0.0213224
216.4	0.0213311
216.6	0.0213398
216.8	0.0213485
217	0.0213572
217.2	0.0213659
217.4	0.0213746
217.6	0.0213833
217.8	0.0213919
218	0.0214006
218.2	0.0214092
218.4	0.0214178
218.6	0.0214264
218.8	0.021435
219	0.0214436
219.2	0.0214522
219.4	0.0214607
219.6	0.0214693
219.8	0.0214778
220	0.0214863
220.2	0.0214949
220.4	0.0215034
220.6	0.0215118
220.8	0.0215203
221	0.0215288
221.2	0.0215373
221.4	0.0215457
221.6	0.0215541
221.8	0.0215626
222	0.021571
222.2	0.0215794
222.4	0.0215878
222.6	0.0215961
222.8	0.0216045
223	0.0216128
223.2	0.0216212
223.4	0.0216295
223.6	0.0216378
223.8	0.0216461
224	0.0216544
224.2	0.0216627
224.4	0.021671
224.6	0.0216793
224.8	0.0216875
225	0.0216958
225.2	0.021704
225.4	0.0217122
225.6	0.0217204
225.8	0.0217286
226	0.0217368
226.2	0.021745
226.4	0.0217531
226.6	0.0217613
226.8	0.0217694
227	0.0217776
227.2	0.0217857
227.4	0.0217938
227.6	0.0218019
227.8	0.02181
228	0.021818
228.2	0.0218261
228.4	0.0218342
228.6	0.0218422
228.8	0.0218502
229	0.0218583
229.2	0.0218663
229.4	0.0218743
229.6	0.0218822
229.8	0.0218902
230	0.0218982
230.2	0.0219061
230.4	0.0219141
230.6	0.021922
230.8	0.0219299
231	0.0219379
231.2	0.0219458
231.4	0.0219537
231.6	0.0219615
231.8	0.0219694
232	0.0219773
232.2	0.0219851
232.4	0.0219929
232.6	0.0220008
232.8	0.0220086
233	0.0220164
233.2	0.0220242
233.4	0.022032
233.6	0.0220397
233.8	0.0220475
234	0.0220553
234.2	0.022063
234.4	0.0220707
234.6	0.0220785
234.8	0.0220862
235	0.0220939
235.2	0.0221016
235.4	0.0221092
235.6	0.0221169
235.8	0.0221246
236	0.0221322
236.2	0.0221398
236.4	0.0221475
236.6	0.0221551
236.8	0.0221627
237	0.0221703
237.2	0.0221779
237.4	0.0221854
237.6	0.022193
237.8	0.0222006
238	0.0222081
238.2	0.0222156
238.4	0.0222232
238.6	0.0222307
238.8	0.0222382
239	0.0222457
239.2	0.0222532
239.4	0.0222606
239.6	0.0222681
239.8	0.0222756
240	0.022283
240.2	0.0222904
240.4	0.0222978
240.6	0.0223053
240.8	0.0223127
241	0.0223201
241.2	0.0223274
241.4	0.0223348
241.6	0.0223422
241.8	0.0223495
242	0.0223569
242.2	0.0223642
242.4	0.0223715
242.6	0.0223788
242.8	0.0223861
243	0.0223934
243.2	0.0224007
243.4	0.022408
243.6	0.0224152
243.8	0.0224225
244	0.0224297
244.2	0.022437
244.4	0.0224442
244.6	0.0224514
244.8	0.0224586
245	0.0224658
245.2	0.022473
245.4	0.0224802
245.6	0.0224873
245.8	0.0224945
246	0.0225016
246.2	0.0225088
246.4	0.0225159
246.6	0.022523
246.8	0.0225301
247	0.0225372
247.2	0.0225443
247.4	0.0225514
247.6	0.0225584
247.8	0.0225655
248	0.0225725
248.2	0.0225796
248.4	0.0225866
248.6	0.0225936
248.8	0.0226006
249	0.0226076
249.2	0.0226146
249.4	0.0226216
249.6	0.0226286
249.8	0.0226356
250	0.0226425
250.2	0.0226495
250.4	0.0226564
250.6	0.0226633
250.8	0.0226702
251	0.0226771
251.2	0.022684
251.4	0.0226909
251.6	0.0226978
251.8	0.0227047
252	0.0227115
252.2	0.0227184
252.4	0.0227252
252.6	0.022732
252.8	0.0227389
253	0.0227457
253.2	0.0227525
253.4	0.0227593
253.6	0.0227661
253.8	0.0227728
254	0.0227796
254.2	0.0227864
254.4	0.0227931
254.6	0.0227999
254.8	0.0228066
255	0.0228133
255.2	0.02282
255.4	0.0228267
255.6	0.0228334
255.8	0.0228401
256	0.0228468
256.2	0.0228534
256.4	0.0228601
256.6	0.0228667
256.8	0.0228734
257	0.02288
257.2	0.0228866
257.4	0.0228932
257.6	0.0228998
257.8	0.0229064
258	0.022913
258.2	0.0229196
258.4	0.0229262
258.6	0.0229327
258.8	0.0229393
259	0.0229458
259.2	0.0229523
259.4	0.0229589
259.6	0.0229654
259.8	0.0229719
260	0.0229784
260.2	0.0229849
260.4	0.0229913
260.6	0.0229978
260.8	0.0230043
261	0.0230107
261.2	0.0230172
261.4	0.0230236
261.6	0.02303
261.8	0.0230365
262	0.0230429
262.2	0.0230493
262.4	0.0230556
262.6	0.023062
262.8	0.0230684
263	0.0230748
263.2	0.0230811
263.4	0.0230875
263.6	0.0230938
263.8	0.0231001
264	0.0231065
264.2	0.0231128
264.4	0.0231191
264.6	0.0231254
264.8	0.0231317
265	0.0231379
265.2	0.0231442
265.4	0.0231505
265.6	0.0231567
265.8	0.023163
266	0.0231692
266.2	0.0231754
266.4	0.0231817
266.6	0.0231879
266.8	0.0231941
267	0.0232003
267.2	0.0232064
267.4	0.0232126
267.6	0.0232188
267.8	0.0232249
268	0.0232311
268.2	0.0232372
268.4	0.0232434
268.6	0.0232495
268.8	0.0232556
269	0.0232617
269.2	0.0232678
269.4	0.0232739
269.6	0.02328
269.8	0.0232861
270	0.0232922
270.2	0.0232982
270.4	0.0233043
270.6	0.0233103
270.8	0.0233164
271	0.0233224
271.2	0.0233284
271.4	0.0233344
271.6	0.0233404
271.8	0.0233464
272	0.0233524
272.2	0.0233584
272.4	0.0233643
272.6	0.0233703
272.8	0.0233763
273	0.0233822
273.2	0.0233881
273.4	0.0233941
273.6	0.0234
273.8	0.0234059
274	0.0234118
274.2	0.0234177
274.4	0.0234236
274.6	0.0234295
274.8	0.0234354
275	0.0234412
275.2	0.0234471
275.4	0.0234529
275.6	0.0234588
275.8	0.0234646
276	0.0234704
276.2	0.0234762
276.4	0.0234821
276.6	0.0234879
276.8	0.0234936
277	0.0234994
277.2	0.0235052
277.4	0.023511
277.6	0.0235167
277.8	0.0235225
278	0.0235282
278.2	0.023534
278.4	0.0235397
278.6	0.0235454
278.8	0.0235512
279	0.0235569
279.2	0.0235626
279.4	0.0235683
279.6	0.0235739
279.8	0.0235796
280	0.0235853
280.2	0.0235909
280.4	0.0235966
280.6	0.0236022
280.8	0.0236079
281	0.0236135
281.2	0.0236191
281.4	0.0236248
281.6	0.0236304
281.8	0.023636
282	0.0236416
282.2	0.0236471
282.4	0.0236527
282.6	0.0236583
282.8	0.0236638
283	0.0236694
283.2	0.0236749
283.4	0.0236805
283.6	0.023686
283.8	0.0236915
284	0.0236971
284.2	0.0237026
284.4	0.0237081
284.6	0.0237136
284.8	0.023719
285	0.0237245
285.2	0.02373
285.4	0.0237355
285.6	0.0237409
285.8	0.0237464
286	0.0237518
286.2	0.0237572
286.4	0.0237627
286.6	0.0237681
286.8	0.0237735
287	0.0237789
287.2	0.0237843
287.4	0.0237897
287.6	0.0237951
287.8	0.0238005
288	0.0238058
288.2	0.0238112
288.4	0.0238165
288.6	0.0238219
288.8	0.0238272
289	0.0238326
289.2	0.0238379
289.4	0.0238432
289.6	0.0238485
289.8	0.0238538
290	0.0238591
290.2	0.0238644
290.4	0.0238697
290.6	0.023875
290.8	0.0238802
291	0.0238855
291.2	0.0238907
291.4	0.023896
291.6	0.0239012
291.8	0.0239064
292	0.0239117
292.2	0.0239169
292.4	0.0239221
292.6	0.0239273
292.8	0.0239325
293	0.0239377
293.2	0.0239429
293.4	0.023948
293.6	0.0239532
293.8	0.0239584
294	0.0239635
294.2	0.0239687
294.4	0.0239738
294.6	0.0239789
294.8	0.0239841
295	0.0239892
295.2	0.0239943
295.4	0.0239994
295.6	0.0240045
295.8	0.0240096
296	0.0240147
296.2	0.0240197
296.4	0.0240248
296.6	0.0240299
296.8	0.0240349
297	0.02404
297.2	0.024045
297.4	0.0240501
297.6	0.0240551
297.8	0.0240601
298	0.0240651
298.2	0.0240701
298.4	0.0240751
298.6	0.0240801
298.8	0.0240851
299	0.0240901
299.2	0.0240951
299.4	0.0241
299.6	0.024105
299.8	0.0241099
300	0.0241149
300.2	0.0241211
300.4	0.024129
300.6	0.0241385
300.8	0.0241497
301	0.0241625
301.2	0.0241768
301.4	0.0241928
301.6	0.0242104
301.8	0.0242295
302	0.0242502
302.2	0.0242724
302.4	0.0242961
302.6	0.0243214
302.8	0.0243482
303	0.0243765
303.2	0.0244063
303.4	0.0244377
303.6	0.0244705
303.8	0.0245048
304	0.0245406
304.2	0.0245778
304.4	0.0246166
304.6	0.0246568
304.8	0.0246985
305	0.0247416
305.2	0.0247862
305.4	0.0248322
305.6	0.0248797
305.8	0.0249286
306	0.024979
306.2	0.0250307
306.4	0.0250839
306.6	0.0251386
306.8	0.0251946
307	0.0252521
307.2	0.0253109
307.4	0.0253712
307.6	0.0254328
307.8	0.0254959
308	0.0255603
308.2	0.0256261
308.4	0.0256933
308.6	0.0257618
308.8	0.0258317
309	0.0259029
309.2	0.0259755
309.4	0.0260494
309.6	0.0261247
309.8	0.0262013
310	0.0262792
310.2	0.0263584
310.4	0.0264389
310.6	0.0265208
310.8	0.0266039
311	0.0266884
311.2	0.0267741
311.4	0.0268611
311.6	0.0269494
311.8	0.027039
312	0.0271299
312.2	0.0272221
312.4	0.0273155
312.6	0.0274103
312.8	0.0275063
313	0.0276036
313.2	0.0277022
313.4	0.027802
313.6	0.0279032
313.8	0.0280057
314	0.0281096
314.2	0.0282147
314.4	0.0283212
314.6	0.0284291
314.8	0.0285383
315	0.028649
315.2	0.0287611
315.4	0.0288746
315.6	0.0289897
315.8	0.0291063
316	0.0292245
316.2	0.0293443
316.4	0.0294658
316.6	0.0295891
316.8	0.0297142
317	0.0298413
317.2	0.0299704
317.4	0.0301017
317.6	0.0302354
317.8	0.0303716
318	0.0305105
318.2	0.0306525
318.4	0.0307978
318.6	0.030947
318.8	0.0311007
319	0.0312596
319.2	0.0314249
319.4	0.0315983
319.6	0.0317826
319.8	0.0319828
320	0.0322098
320.2	0.0324962
320.4	0.0330609
320.6	0.042243
320.8	0.07295
321	0.0944492
321.2	0.10219
321.4	0.104317
321.6	0.104872
321.8	0.10498
322	0.104972
322.2	0.104924
322.4	0.10486
322.6	0.104788
322.8	0.104714
323	0.104641
323.2	0.104569
323.4	0.104499
323.6	0.104432
323.8	0.104367
324	0.104305
324.2	0.104246
324.4	0.104189
324.6	0.104135
324.8	0.104083
325	0.104033
325.2	0.103985
325.4	0.10394
325.6	0.103897
325.8	0.103856
326	0.103818
326.2	0.103781
326.4	0.103746
326.6	0.103714
326.8	0.103683
327	0.103654
327.2	0.103627
327.4	0.103602
327.6	0.103579
327.8	0.103557
328	0.103538
328.2	0.10352
328.4	0.103503
328.6	0.103489
328.8	0.103476
329	0.103464
329.2	0.103454
329.4	0.103446
329.6	0.103439
329.8	0.103434
330	0.10343
330.2	0.103428
330.4	0.103427
330.6	0.103427
330.8	0.103429
331	0.103432
331.2	0.103437
331.4	0.103443
331.6	0.10345
331.8	0.103459
332	0.103468
332.2	0.10348
332.4	0.103492
332.6	0.103505
332.8	0.10352
333	0.103536
333.2	0.103553
333.4	0.103572
333.6	0.103591
333.8	0.103612
334	0.103634
334.2	0.103656
334.4	0.10368
334.6	0.103705
334.8	0.103731
335	0.103758
335.2	0.103787
335.4	0.103816
335.6	0.103846
335.8	0.103877
336	0.10391
336.2	0.103943
336.4	0.103977
336.6	0.104012
336.8	0.104049
337	0.104086
337.2	0.104124
337.4	0.104163
337.6	0.104203
337.8	0.104244
338	0.104286
338.2	0.104329
338.4	0.104373
338.6	0.104418
338.8	0.104463
339	0.10451
339.2	0.104558
339.4	0.104606
339.6	0.104656
339.8	0.104706
340	0.104757
340.2	0.10481
340.4	0.104863
340.6	0.104917
340.8	0.104973
341	0.105029
341.2	0.105086
341.4	0.105145
341.6	0.105204
341.8	0.105264
342	0.105326
342.2	0.105389
342.4	0.105453
342.6	0.105518
342.8	0.105584
343	0.105651
343.2	0.10572
343.4	0.10579
343.6	0.105862
343.8	0.105935
344	0.10601
344.2	0.106086
344.4	0.106164
344.6	0.106244
344.8	0.106326
345	0.106411
345.2	0.106498
345.4	0.106587
345.6	0.10668
345.8	0.106776
346	0.106876
346.2	0.10698
346.4	0.107091
346.6	0.107208
346.8	0.107336
347	0.107476
347.2	0.107639
347.4	0.107846
347.6	0.108205
347.8	0.111851
348	0.137984
348.2	0.161894
348.4	0.171842
348.6	0.174691
348.8	0.175427
349	0.175555
349.2	0.175509
349.4	0.175402
349.6	0.175265
349.8	0.175114
350	0.174959
350.2	0.174804
350.4	0.17465
350.6	0.174499
350.8	0.174352
351	0.174208
351.2	0.174068
351.4	0.17393
351.6	0.173797
351.8	0.173666
352	0.173539
352.2	0.173415
352.4	0.173293
352.6	0.173175
352.8	0.173059
353	0.172946
353.2	0.172836
353.4	0.172729
353.6	0.172624
353.8	0.172521
354	0.172421
354.2	0.172323
354.4	0.172227
354.6	0.172134
354.8	0.172043
355	0.171953
355.2	0.171866
355.4	0.171781
355.6	0.171698
355.8	0.171617
356	0.171538
356.2	0.17146
356.4	0.171384
356.6	0.171311
356.8	0.171238
357	0.171168
357.2	0.171099
357.4	0.171032
357.6	0.170966
357.8	0.170902
358	0.170839
358.2	0.170778
358.4	0.170718
358.6	0.17066
358.8	0.170603
359	0.170547
359.2	0.170493
359.4	0.17044
359.6	0.170388
359.8	0.170338
360	0.170289
360.2	0.170241
360.4	0.170194
360.6	0.170149
360.8	0.170104
361	0.170061
361.2	0.170019
361.4	0.169978
361.6	0.169938
361.8	0.169899
362	0.169861
362.2	0.169824
362.4	0.169788
362.6	0.169753
362.8	0.169719
363	0.169686
363.2	0.169654
363.4	0.169622
363.6	0.169592
363.8	0.169563
364	0.169534
364.2	0.169506
364.4	0.16948
364.6	0.169454
364.8	0.169428
365	0.169404
365.2	0.16938
365.4	0.169357
365.6	0.169335
365.8	0.169314
366	0.169294
366.2	0.169274
366.4	0.169255
366.6	0.169236
366.8	0.169219
367	0.169202
367.2	0.169186
367.4	0.16917
367.6	0.169155
367.8	0.169141
368	0.169127
368.2	0.169115
368.4	0.169102
368.6	0.169091
368.8	0.16908
369	0.169069
369.2	0.16906
369.4	0.169051
369.6	0.169042
369.8	0.169034
370	0.169027
370.2	0.16902
370.4	0.169014
370.6	0.169009
370.8	0.169004
371	0.169
371.2	0.168996
371.4	0.168993
371.6	0.16899
371.8	0.168988
372	0.168987
372.2	0.168986
372.4	0.168986
372.6	0.168986
372.8	0.168987
373	0.168988
373.2	0.16899
373.4	0.168993
373.6	0.168996
373.8	0.169
374	0.169004
374.2	0.169009
374.4	0.169014
374.6	0.16902
374.8	0.169027
375	0.169034
375.2	0.169042
375.4	0.16905
375.6	0.169059
375.8	0.169068
376	0.169079
376.2	0.169089
376.4	0.169101
376.6	0.169113
376.8	0.169125
377	0.169139
377.2	0.169153
377.4	0.169167
377.6	0.169183
377.8	0.169199
378	0.169215
378.2	0.169233
378.4	0.169251
378.6	0.16927
378.8	0.16929
379	0.16931
379.2	0.169332
379.4	0.169354
379.6	0.169377
379.8	0.169401
380	0.169426
380.2	0.169452
380.4	0.169479
380.6	0.169508
380.8	0.169537
381	0.169568
381.2	0.1696
381.4	0.169633
381.6	0.169668
381.8	0.169704
382	0.169742
382.2	0.169782
382.4	0.169824
382.6	0.169869
382.8	0.169916
383	0.169965
383.2	0.170019
383.4	0.170076
383.6	0.170137
383.8	0.170205
384	0.170279
384.2	0.170364
384.4	0.170463
384.6	0.170585
384.8	0.170758
385	0.171143
385.2	0.177509
385.4	0.203317
385.6	0.222623
385.8	0.229812
386	0.231785
386.2	0.232258
386.4	0.232285
386.6	0.232175
386.8	0.232004
387	0.231803
387.2	0.231588
387.4	0.231368
387.6	0.231149
387.8	0.230931
388	0.230718
388.2	0.230508
388.4	0.230302
388.6	0.2301
388.8	0.229903
389	0.229709
389.2	0.229518
389.4	0.229332
389.6	0.229149
389.8	0.228969
390	0.228793
390.2	0.22862
390.4	0.22845
390.6	0.228283
390.8	0.228118
391	0.227957
391.2	0.227799
391.4	0.227643
391.6	0.22749
391.8	0.227339
392	0.227191
392.2	0.227045
392.4	0.226901
392.6	0.22676
392.8	0.226621
393	0.226484
393.2	0.226349
393.4	0.226217
393.6	0.226086
393.8	0.225957
394	0.22583
394.2	0.225705
394.4	0.225582
394.6	0.22546
394.8	0.22534
395	0.225222
395.2	0.225105
395.4	0.224991
395.6	0.224877
395.8	0.224765
396	0.224655
396.2	0.224546
396.4	0.224439
396.6	0.224332
396.8	0.224228
397	0.224124
397.2	0.224022
397.4	0.223921
397.6	0.223822
397.8	0.223723
398	0.223626
398.2	0.22353
398.4	0.223435
398.6	0.223342
398.8	0.223249
399	0.223157
399.2	0.223067
399.4	0.222977
399.6	0.222889
399.8	0.222801
400	0.222715
400.2	0.222629
400.4	0.222545
400.6	0.222461
400.8	0.222378
401	0.222296
401.2	0.222215
401.4	0.222135
401.6	0.222056
401.8	0.221977
402	0.221899
402.2	0.221822
402.4	0.221746
402.6	0.221671
402.8	0.221596
403	0.221522
403.2	0.221449
403.4	0.221376
403.6	0.221305
403.8	0.221233
404	0.221163
404.2	0.221093
404.4	0.221024
404.6	0.220955
404.8	0.220887
405	0.22082
405.2	0.220753
405.4	0.220687
405.6	0.220622
405.8	0.220557
406	0.220493
406.2	0.220429
406.4	0.220365
406.6	0.220303
406.8	0.220241
407	0.220179
407.2	0.220118
407.4	0.220057
407.6	0.219997
407.8	0.219937
408	0.219878
408.2	0.21982
408.4	0.219761
408.6	0.219704
408.8	0.219646
409	0.21959
409.2	0.219533
409.4	0.219477
409.6	0.219422
409.8	0.219367
410	0.219312
410.2	0.219258
410.4	0.219204
410.6	0.219151
410.8	0.219098
411	0.219045
411.2	0.218993
411.4	0.218941
411.6	0.21889
411.8	0.218839
412	0.218788
412.2	0.218738
412.4	0.218688
412.6	0.218639
412.8	0.21859
413	0.218541
413.2	0.218492
413.4	0.218444
413.6	0.218397
413.8	0.218349
414	0.218302
414.2	0.218255
414.4	0.218209
414.6	0.218163
414.8	0.218117
415	0.218072
415.2	0.218027
415.4	0.217982
415.6	0.217937
415.8	0.217893
416	0.217849
416.2	0.217806
416.4	0.217763
416.6	0.21772
416.8	0.217677
417	0.217635
417.2	0.217593
417.4	0.217551
417.6	0.21751
417.8	0.217469
418	0.217428
418.2	0.217387
418.4	0.217347
418.6	0.217307
418.8	0.217267
419	0.217228
419.2	0.217189
419.4	0.21715
419.6	0.217111
419.8	0.217073
420	0.217035
420.2	0.216997
420.4	0.21696
420.6	0.216923
420.8	0.216886
421	0.216849
421.2	0.216813
421.4	0.216777
421.6	0.216741
421.8	0.216705
422	0.21667
422.2	0.216635
422.4	0.2166
422.6	0.216565
422.8	0.216531
423	0.216497
423.2	0.216463
423.4	0.21643
423.6	0.216396
423.8	0.216364
424	0.216331
424.2	0.216298
424.4	0.216266
424.6	0.216234
424.8	0.216203
425	0.216171
425.2	0.21614
425.4	0.216109
425.6	0.216078
425.8	0.216048
426	0.216018
426.2	0.215988
426.4	0.215959
426.6	0.215929
426.8	0.2159
427	0.215871
427.2	0.215843
427.4	0.215815
427.6	0.215787
427.8	0.215759
428	0.215731
428.2	0.215704
428.4	0.215677
428.6	0.215651
428.8	0.215624
429	0.215598
429.2	0.215572
429.4	0.215547
429.6	0.215522
429.8	0.215497
430	0.215472
430.2	0.215448
430.4	0.215423
430.6	0.2154
430.8	0.215376
431	0.215353
431.2	0.21533
431.4	0.215307
431.6	0.215285
431.8	0.215263
432	0.215241
432.2	0.21522
432.4	0.215199
432.6	0.215178
432.8	0.215158
433	0.215138
433.2	0.215118
433.4	0.215099
433.6	0.21508
433.8	0.215061
434	0.215043
434.2	0.215025
434.4	0.215007
434.6	0.21499
434.8	0.214973
435	0.214957
435.2	0.214941
435.4	0.214925
435.6	0.21491
435.8	0.214895
436	0.214881
436.2	0.214867
436.4	0.214854
436.6	0.214841
436.8	0.214829
437	0.214817
437.2	0.214805
437.4	0.214795
437.6	0.214784
437.8	0.214774
438	0.214765
438.2	0.214757
438.4	0.214749
438.6	0.214742
438.8	0.214735
439	0.214729
439.2	0.214724
439.4	0.21472
439.6	0.214716
439.8	0.214714
440	0.214712
440.2	0.214711
440.4	0.214712
440.6	0.214713
440.8	0.214716
441	0.21472
441.2	0.214725
441.4	0.214732
441.6	0.21474
441.8	0.21475
442	0.214762
442.2	0.214776
442.4	0.214793
442.6	0.214812
442.8	0.214835
443	0.214861
443.2	0.214892
443.4	0.214929
443.6	0.214973
443.8	0.215027
444	0.215096
444.2	0.215189
444.4	0.215338
444.6	0.215755
444.8	0.224041
445	0.248879
445.2	0.265464
445.4	0.271282
445.6	0.272841
445.8	0.273182
446	0.273152
446.2	0.272997
446.4	0.27278
446.6	0.272531
446.8	0.272269
447	0.272002
447.2	0.271735
447.4	0.271472
447.6	0.271212
447.8	0.270956
448	0.270705
448.2	0.270458
448.4	0.270215
448.6	0.269977
448.8	0.269743
449	0.269512
449.2	0.269286
449.4	0.269063
449.6	0.268844
449.8	0.268628
450	0.268416
450.2	0.268206
450.4	0.268
450.6	0.267797
450.8	0.267597
451	0.2674
451.2	0.267206
451.4	0.267014
451.6	0.266825
451.8	0.266639
452	0.266455
452.2	0.266273
452.4	0.266094
452.6	0.265917
452.8	0.265743
453	0.26557
453.2	0.2654
453.4	0.265231
453.6	0.265065
453.8	0.2649
454	0.264738
454.2	0.264577
454.4	0.264418
454.6	0.264261
454.8	0.264105
455	0.263952
455.2	0.263799
455.4	0.263649
455.6	0.2635
455.8	0.263352
456	0.263206
456.2	0.263062
456.4	0.262919
456.6	0.262777
456.8	0.262636
457	0.262497
457.2	0.262359
457.4	0.262223
457.6	0.262087
457.8	0.261953
458	0.26182
458.2	0.261688
458.4	0.261557
458.6	0.261428
458.8	0.261299
459	0.261172
459.2	0.261045
459.4	0.26092
459.6	0.260795
459.8	0.260672
460	0.260549
460.2	0.260428
460.4	0.260307
460.6	0.260187
460.8	0.260068
461	0.25995
461.2	0.259833
461.4	0.259717
461.6	0.259601
461.8	0.259486
462	0.259372
462.2	0.259259
462.4	0.259146
462.6	0.259034
462.8	0.258923
463	0.258813
463.2	0.258703
463.4	0.258594
463.6	0.258486
463.8	0.258378
464	0.258271
464.2	0.258165
464.4	0.258059
464.6	0.257954
464.8	0.257849
465	0.257745
465.2	0.257642
465.4	0.257539
465.6	0.257436
465.8	0.257335
466	0.257233
466.2	0.257133
466.4	0.257033
466.6	0.256933
466.8	0.256834
467	0.256735
467.2	0.256637
467.4	0.256539
467.6	0.256442
467.8	0.256345
468	0.256249
468.2	0.256153
468.4	0.256058
468.6	0.255963
468.8	0.255868
469	0.255774
469.2	0.25568
469.4	0.255587
469.6	0.255494
469.8	0.255402
470	0.25531
470.2	0.255218
470.4	0.255127
470.6	0.255036
470.8	0.254945
471	0.254855
471.2	0.254765
471.4	0.254676
471.6	0.254586
471.8	0.254498
472	0.254409
472.2	0.254321
472.4	0.254233
472.6	0.254146
472.8	0.254059
473	0.253972
473.2	0.253885
473.4	0.253799
473.6	0.253713
473.8	0.253628
474	0.253543
474.2	0.253458
474.4	0.253373
474.6	0.253288
474.8	0.253204
475	0.253121
475.2	0.253037
475.4	0.252954
475.6	0.252871
475.8	0.252788
476	0.252706
476.2	0.252623
476.4	0.252542
476.6	0.25246
476.8	0.252378
477	0.252297
477.2	0.252216
477.4	0.252136
477.6	0.252055
477.8	0.251975
478	0.251895
478.2	0.251815
478.4	0.251736
478.6	0.251657
478.8	0.251578
479	0.251499
479.2	0.25142
479.4	0.251342
479.6	0.251264
479.8	0.251186
480	0.251109
480.2	0.251031
480.4	0.250954
480.6	0.250877
480.8	0.2508
481	0.250723
481.2	0.250647
481.4	0.250571
481.6	0.250495
481.8	0.250419
482	0.250344
482.2	0.250268
482.4	0.250193
482.6	0.250118
482.8	0.250043
483	0.249969
483.2	0.249894
483.4	0.24982
483.6	0.249746
483.8	0.249672
484	0.249598
484.2	0.249525
484.4	0.249452
484.6	0.249378
484.8	0.249305
485	0.249233
485.2	0.24916
485.4	0.249088
485.6	0.249015
485.8	0.248943
486	0.248871
486.2	0.2488
486.4	0.248728
486.6	0.248657
486.8	0.248586
487	0.248515
487.2	0.248444
487.4	0.248373
487.6	0.248302
487.8	0.248232
488	0.248162
488.2	0.248092
488.4	0.248022
488.6	0.247952
488.8	0.247882
489	0.247813
489.2	0.247744
489.4	0.247674
489.6	0.247605
489.8	0.247537
490	0.247468
490.2	0.247399
490.4	0.247331
490.6	0.247263
490.8	0.247195
491	0.247127
491.2	0.247059
491.4	0.246991
491.6	0.246924
491.8	0.246856
492	0.246789
492.2	0.246722
492.4	0.246655
492.6	0.246588
492.8	0.246522
493	0.246455
493.2	0.246389
493.4	0.246323
493.6	0.246257
493.8	0.246191
494	0.246125
494.2	0.246059
494.4	0.245994
494.6	0.245928
494.8	0.245863
495	0.245798
495.2	0.245733
495.4	0.245668
495.6	0.245604
495.8	0.245539
496	0.245474
496.2	0.24541
496.4	0.245346
496.6	0.245282
496.8	0.245218
497	0.245154
497.2	0.245091
497.4	0.245027
497.6	0.244964
497.8	0.2449
498	0.244837
498.2	0.244774
498.4	0.244711
498.6	0.244649
498.8	0.244586
499	0.244523
499.2	0.244461
499.4	0.244399
499.6	0.244337
499.8	0.244275
500	0.244213
500.2	0.244151
500.4	0.244089
500.6	0.244028
500.8	0.243966
501	0.243905
501.2	0.243844
501.4	0.243783
501.6	0.243722
501.8	0.243661
502	0.243601
502.2	0.24354
502.4	0.24348
502.6	0.243419
502.8	0.243359
503	0.243299
503.2	0.243239
503.4	0.243179
503.6	0.24312
503.8	0.24306
504	0.243001
504.2	0.242941
504.4	0.242882
504.6	0.242823
504.8	0.242764
505	0.242705
505.2	0.242646
505.4	0.242588
505.6	0.242529
505.8	0.242471
506	0.242412
506.2	0.242354
506.4	0.242296
506.6	0.242238
506.8	0.24218
507	0.242123
507.2	0.242065
507.4	0.242008
507.6	0.24195
507.8	0.241893
508	0.241836
508.2	0.241779
508.4	0.241722
508.6	0.241665
508.8	0.241608
509	0.241552
509.2	0.241495
509.4	0.241439
509.6	0.241383
509.8	0.241327
510	0.241271
510.2	0.241215
510.4	0.241159
510.6	0.241103
510.8	0.241048
511	0.240992
511.2	0.240937
511.4	0.240882
511.6	0.240827
511.8	0.240772
512	0.240717
512.2	0.240662
512.4	0.240607
512.6	0.240553
512.8	0.240498
513	0.240444
513.2	0.24039
513.4	0.240336
513.6	0.240282
513.8	0.240228
514	0.240174
514.2	0.24012
514.4	0.240067
514.6	0.240014
514.8	0.23996
515	0.239907
515.2	0.239854
515.4	0.239801
515.6	0.239748
515.8	0.239695
516	0.239643
516.2	0.23959
516.4	0.239538
516.6	0.239485
516.8	0.239433
517	0.239381
517.2	0.239329
517.4	0.239277
517.6	0.239225
517.8	0.239174
518	0.239122
518.2	0.239071
518.4	0.239019
518.6	0.238968
518.8	0.238917
519	0.238866
519.2	0.238815
519.4	0.238765
519.6	0.238714
519.8	0.238663
520	0.238613
520.2	0.238563
520.4	0.238512
520.6	0.238462
520.8	0.238412
521	0.238363
521.2	0.238313
521.4	0.238263
521.6	0.238214
521.8	0.238164
522	0.238115
522.2	0.238066
522.4	0.238017
522.6	0.237968
522.8	0.237919
523	0.23787
523.2	0.237822
523.4	0.237773
523.6	0.237725
523.8	0.237676
524	0.237628
524.2	0.23758
524.4	0.237532
524.6	0.237484
524.8	0.237437
525	0.237389
525.2	0.237342
525.4	0.237294
525.6	0.237247
525.8	0.2372
526	0.237153
526.2	0.237106
526.4	0.237059
526.6	0.237013
526.8	0.236966
527	0.23692
527.2	0.236873
527.4	0.236827
527.6	0.236781
527.8	0.236735
528	0.236689
528.2	0.236644
528.4	0.236598
528.6	0.236552
528.8	0.236507
529	0.236462
529.2	0.236417
529.4	0.236372
529.6	0.236327
529.8	0.236282
530	0.236238
530.2	0.236193
530.4	0.236149
530.6	0.236104
530.8	0.23606
531	0.236016
531.2	0.235972
531.4	0.235929
531.6	0.235885
531.8	0.235841
532	0.235798
532.2	0.235755
532.4	0.235712
532.6	0.235669
532.8	0.235626
533	0.235583
533.2	0.23554
533.4	0.235498
533.6	0.235456
533.8	0.235413
534	0.235371
534.2	0.235329
534.4	0.235288
534.6	0.235246
534.8	0.235204
535	0.235163
535.2	0.235122
535.4	0.23508
535.6	0.235039
535.8	0.234999
536	0.234958
536.2	0.234917
536.4	0.234877
536.6	0.234836
536.8	0.234796
537	0.234756
537.2	0.234716
537.4	0.234677
537.6	0.234637
537.8	0.234598
538	0.234558
538.2	0.234519
538.4	0.23448
538.6	0.234441
538.8	0.234402
539	0.234364
539.2	0.234326
539.4	0.234287
539.6	0.234249
539.8	0.234211
540	0.234173
540.2	0.234136
540.4	0.234098
540.6	0.234061
540.8	0.234024
541	0.233987
541.2	0.23395
541.4	0.233914
541.6	0.233877
541.8	0.233841
542	0.233805
542.2	0.233769
542.4	0.233733
542.6	0.233697
542.8	0.233662
543	0.233627
543.2	0.233592
543.4	0.233557
543.6	0.233522
543.8	0.233488
544	0.233453
544.2	0.233419
544.4	0.233385
544.6	0.233352
544.8	0.233318
545	0.233285
545.2	0.233252
545.4	0.233219
545.6	0.233186
545.8	0.233154
546	0.233121
546.2	0.233089
546.4	0.233058
546.6	0.233026
546.8	0.232995
547	0.232964
547.2	0.232933
547.4	0.232902
547.6	0.232872
547.8	0.232842
548	0.232812
548.2	0.232782
548.4	0.232753
548.6	0.232724
548.8	0.232695
549	0.232667
549.2	0.232638
549.4	0.23261
549.6	0.232583
549.8	0.232556
550	0.232529
550.2	0.232502
550.4	0.232476
550.6	0.23245
550.8	0.232424
551	0.232399
551.2	0.232374
551.4	0.232349
551.6	0.232325
551.8	0.232301
552	0.232278
552.2	0.232255
552.4	0.232233
552.6	0.232211
552.8	0.232189
553	0.232168
553.2	0.232147
553.4	0.232127
553.6	0.232108
553.8	0.232089
554	0.232071
554.2	0.232053
554.4	0.232036
554.6	0.232019
554.8	0.232004
555	0.231989
555.2	0.231975
555.4	0.231961
555.6	0.231949
555.8	0.231938
556	0.231927
556.2	0.231918
556.4	0.231909
556.6	0.231902
556.8	0.231897
557	0.231893
557.2	0.23189
557.4	0.231889
557.6	0.23189
557.8	0.231894
558	0.2319
558.2	0.231909
558.4	0.231921
558.6	0.231937
558.8	0.231958
559	0.231985
559.2	0.23202
559.4	0.232066
559.6	0.23213
559.8	0.232224
560	0.232403
560.2	0.233353
560.4	0.249254
560.6	0.272565
560.8	0.284358
561	0.287979
561.2	0.288903
561.4	0.289048
561.6	0.288948
561.8	0.288752
562	0.288504
562.2	0.288231
562.4	0.287947
562.6	0.287661
562.8	0.287376
563	0.287095
563.2	0.286818
563.4	0.286545
563.6	0.286277
563.8	0.286014
564	0.285755
564.2	0.2855
564.4	0.285249
564.6	0.285002
564.8	0.28476
565	0.284521
565.2	0.284286
565.4	0.284054
565.6	0.283825
565.8	0.2836
566	0.283379
566.2	0.28316
566.4	0.282944
566.6	0.282732
566.8	0.282522
567	0.282314
567.2	0.28211
567.4	0.281908
567.6	0.281709
567.8	0.281512
568	0.281317
568.2	0.281125
568.4	0.280935
568.6	0.280747
568.8	0.280562
569	0.280378
569.2	0.280197
569.4	0.280017
569.6	0.27984
569.8	0.279664
570	0.27949
570.2	0.279318
570.4	0.279147
570.6	0.278979
570.8	0.278812
571	0.278646
571.2	0.278482
571.4	0.27832
571.6	0.278159
571.8	0.277999
572	0.277841
572.2	0.277685
572.4	0.27753
572.6	0.277376
572.8	0.277223
573	0.277072
573.2	0.276921
573.4	0.276773
573.6	0.276625
573.8	0.276478
574	0.276333
574.2	0.276188
574.4	0.276045
574.6	0.275903
574.8	0.275762
575	0.275622
575.2	0.275483
575.4	0.275344
575.6	0.275207
575.8	0.275071
576	0.274935
576.2	0.274801
576.4	0.274667
576.6	0.274535
576.8	0.274403
577	0.274272
577.2	0.274141
577.4	0.274012
577.6	0.273883
577.8	0.273755
578	0.273628
578.2	0.273502
578.4	0.273376
578.6	0.273251
578.8	0.273127
579	0.273003
579.2	0.27288
579.4	0.272758
579.6	0.272636
579.8	0.272515
580	0.272395
580.2	0.272275
580.4	0.272155
580.6	0.272037
580.8	0.271919
581	0.271801
581.2	0.271684
581.4	0.271568
581.6	0.271452
581.8	0.271337
582	0.271222
582.2	0.271108
582.4	0.270994
582.6	0.270881
582.8	0.270768
583	0.270655
583.2	0.270544
583.4	0.270432
583.6	0.270321
583.8	0.270211
584	0.270101
584.2	0.269991
584.4	0.269882
584.6	0.269773
584.8	0.269665
585	0.269557
585.2	0.269449
585.4	0.269342
585.6	0.269235
585.8	0.269129
586	0.269023
586.2	0.268918
586.4	0.268812
586.6	0.268707
586.8	0.268603
587	0.268499
587.2	0.268395
587.4	0.268291
587.6	0.268188
587.8	0.268086
588	0.267983
588.2	0.267881
588.4	0.267779
588.6	0.267678
588.8	0.267577
589	0.267476
589.2	0.267375
589.4	0.267275
589.6	0.267175
589.8	0.267075
590	0.266976
590.2	0.266877
590.4	0.266778
590.6	0.266679
590.8	0.266581
591	0.266483
591.2	0.266385
591.4	0.266288
591.6	0.266191
591.8	0.266094
592	0.265997
592.2	0.265901
592.4	0.265805
592.6	0.265709
592.8	0.265613
593	0.265518
593.2	0.265423
593.4	0.265328
593.6	0.265233
593.8	0.265139
594	0.265044
594.2	0.264951
594.4	0.264857
594.6	0.264763
594.8	0.26467
595	0.264577
595.2	0.264484
595.4	0.264391
595.6	0.264299
595.8	0.264207
596	0.264115
596.2	0.264023
596.4	0.263931
596.6	0.26384
596.8	0.263749
597	0.263658
597.2	0.263567
597.4	0.263477
597.6	0.263386
597.8	0.263296
598	0.263206
598.2	0.263116
598.4	0.263027
598.6	0.262937
598.8	0.262848
599	0.262759
599.2	0.26267
599.4	0.262581
599.6	0.262493
599.8	0.262405
600	0.262317
600.2	0.262229
600.4	0.262141
600.6	0.262053
600.8	0.261966
601	0.261879
601.2	0.261791
601.4	0.261705
601.6	0.261618
601.8	0.261531
602	0.261445
602.2	0.261359
602.4	0.261273
602.6	0.261187
602.8	0.261101
603	0.261015
603.2	0.26093
603.4	0.260845
603.6	0.26076
603.8	0.260675
604	0.26059
604.2	0.260505
604.4	0.260421
604.6	0.260336
604.8	0.260252
605	0.260168
605.2	0.260084
605.4	0.260001
605.6	0.259917
605.8	0.259834
606	0.25975
606.2	0.259667
606.4	0.259584
606.6	0.259502
606.8	0.259419
607	0.259336
607.2	0.259254
607.4	0.259172
607.6	0.25909
607.8	0.259008
608	0.258926
608.2	0.258844
608.4	0.258763
608.6	0.258681
608.8	0.2586
609	0.258519
609.2	0.258438
609.4	0.258357
609.6	0.258276
609.8	0.258196
610	0.258115
610.2	0.258035
610.4	0.257955
610.6	0.257875
610.8	0.257795
611	0.257715
611.2	0.257635
611.4	0.257556
611.6	0.257476
611.8	0.257397
612	0.257318
612.2	0.257239
612.4	0.25716
612.6	0.257081
612.8	0.257003
613	0.256924
613.2	0.256846
613.4	0.256767
613.6	0.256689
613.8	0.256611
614	0.256534
614.2	0.256456
614.4	0.256378
614.6	0.256301
614.8	0.256223
615	0.256146
615.2	0.256069
615.4	0.255992
615.6	0.255915
615.8	0.255838
616	0.255762
616.2	0.255685
616.4	0.255609
616.6	0.255532
616.8	0.255456
617	0.25538
617.2	0.255304
617.4	0.255228
617.6	0.255153
617.8	0.255077
618	0.255002
618.2	0.254926
618.4	0.254851
618.6	0.254776
618.8	0.254701
619	0.254626
619.2	0.254551
619.4	0.254477
619.6	0.254402
619.8	0.254328
620	0.254254
620.2	0.254179
620.4	0.254105
620.6	0.254031
620.8	0.253957
621	0.253884
621.2	0.25381
621.4	0.253737
621.6	0.253663
621.8	0.25359
622	0.253517
622.2	0.253444
622.4	0.253371
622.6	0.253298
622.8	0.253225
623	0.253153
623.2	0.25308
623.4	0.253008
623.6	0.252935
623.8	0.252863
624	0.252791
624.2	0.252719
624.4	0.252647
624.6	0.252576
624.8	0.252504
625	0.252432
625.2	0.252361
625.4	0.25229
625.6	0.252218
625.8	0.252147
626	0.252076
626.2	0.252006
626.4	0.251935
626.6	0.251864
626.8	0.251794
627	0.251723
627.2	0.251653
627.4	0.251583
627.6	0.251512
627.8	0.251442
628	0.251372
628.2	0.251303
628.4	0.251233
628.6	0.251163
628.8	0.251094
629	0.251024
629.2	0.250955
629.4	0.250886
629.6	0.250817
629.8	0.250748
630	0.250679
630.2	0.25061
630.4	0.250542
630.6	0.250473
630.8	0.250405
631	0.250336
631.2	0.250268
631.4	0.2502
631.6	0.250132
631.8	0.250064
632	0.249996
632.2	0.249928
632.4	0.249861
632.6	0.249793
632.8	0.249726
633	0.249658
633.2	0.249591
633.4	0.249524
633.6	0.249457
633.8	0.24939
634	0.249323
634.2	0.249256
634.4	0.24919
634.6	0.249123
634.8	0.249057
635	0.248991
635.2	0.248924
635.4	0.248858
635.6	0.248792
635.8	0.248726
636	0.248661
636.2	0.248595
636.4	0.248529
636.6	0.248464
636.8	0.248398
637	0.248333
637.2	0.248268
637.4	0.248203
637.6	0.248138
637.8	0.248073
638	0.248008
638.2	0.247943
638.4	0.247879
638.6	0.247814
638.8	0.24775
639	0.247685
639.2	0.247621
639.4	0.247557
639.6	0.247493
639.8	0.247429
640	0.247365
640.2	0.247302
640.4	0.247238
640.6	0.247175
640.8	0.247111
641	0.247048
641.2	0.246985
641.4	0.246921
641.6	0.246858
641.8	0.246796
642	0.246733
642.2	0.24667
642.4	0.246607
642.6	0.246545
642.8	0.246482
643	0.24642
643.2	0.246358
643.4	0.246296
643.6	0.246234
643.8	0.246172
644	0.24611
644.2	0.246048
644.4	0.245986
644.6	0.245925
644.8	0.245863
645	0.245802
645.2	0.245741
645.4	0.24568
645.6	0.245619
645.8	0.245558
646	0.245497
646.2	0.245436
646.4	0.245375
646.6	0.245315
646.8	0.245254
647	0.245194
647.2	0.245134
647.4	0.245073
647.6	0.245013
647.8	0.244953
648	0.244893
648.2	0.244834
648.4	0.244774
648.6	0.244714
648.8	0.244655
649	0.244595
649.2	0.244536
649.4	0.244477
649.6	0.244418
649.8	0.244359
650	0.2443
650.2	0.244241
650.4	0.244182
650.6	0.244124
650.8	0.244065
651	0.244007
651.2	0.243948
651.4	0.24389
651.6	0.243832
651.8	0.243774
652	0.243716
652.2	0.243658
652.4	0.2436
652.6	0.243543
652.8	0.243485
653	0.243428
653.2	0.24337
653.4	0.243313
653.6	0.243256
653.8	0.243199
654	0.243142
654.2	0.243085
654.4	0.243028
654.6	0.242972
654.8	0.242915
655	0.242858
655.2	0.242802
655.4	0.242746
655.6	0.24269
655.8	0.242634
656	0.242578
656.2	0.242522
656.4	0.242466
656.6	0.24241
656.8	0.242355
657	0.242299
657.2	0.242244
657.4	0.242188
657.6	0.242133
657.8	0.242078
658	0.242023
658.2	0.241968
658.4	0.241913
658.6	0.241858
658.8	0.241804
659	0.241749
659.2	0.241695
659.4	0.241641
659.6	0.241586
659.8	0.241532
660	0.241478
660.2	0.241424
660.4	0.24137
660.6	0.241317
660.8	0.241263
661	0.241209
661.2	0.241156
661.4	0.241103
661.6	0.241049
661.8	0.240996
662	0.240943
662.2	0.24089
662.4	0.240837
662.6	0.240785
662.8	0.240732
663	0.24068
663.2	0.240627
663.4	0.240575
663.6	0.240522
663.8	0.24047
664	0.240418
664.2	0.240366
664.4	0.240315
664.6	0.240263
664.8	0.240211
665	0.24016
665.2	0.240108
665.4	0.240057
665.6	0.240006
665.8	0.239954
666	0.239903
666.2	0.239853
666.4	0.239802
666.6	0.239751
666.8	0.2397
667	0.23965
667.2	0.239599
667.4	0.239549
667.6	0.239499
667.8	0.239449
668	0.239399
668.2	0.239349
668.4	0.239299
668.6	0.239249
668.8	0.2392
669	0.23915
669.2	0.239101
669.4	0.239052
669.6	0.239002
669.8	0.238953
670	0.238904
670.2	0.238856
670.4	0.238807
670.6	0.238758
670.8	0.23871
671	0.238661
671.2	0.238613
671.4	0.238565
671.6	0.238517
671.8	0.238469
672	0.238421
672.2	0.238373
672.4	0.238325
672.6	0.238278
672.8	0.23823
673	0.238183
673.2	0.238136
673.4	0.238088
673.6	0.238041
673.8	0.237994
674	0.237948
674.2	0.237901
674.4	0.237854
674.6	0.237808
674.8	0.237761
675	0.237715
675.2	0.237669
675.4	0.237623
675.6	0.237577
675.8	0.237531
676	0.237486
676.2	0.23744
676.4	0.237395
676.6	0.237349
676.8	0.237304
677	0.237259
677.2	0.237214
677.4	0.237169
677.6	0.237124
677.8	0.23708
678	0.237035
678.2	0.236991
678.4	0.236946
678.6	0.236902
678.8	0.236858
679	0.236814
679.2	0.23677
679.4	0.236727
679.6	0.236683
679.8	0.23664
680	0.236596
680.2	0.236553
680.4	0.23651
680.6	0.236467
680.8	0.236424
681	0.236381
681.2	0.236339
681.4	0.236296
681.6	0.236254
681.8	0.236212
682	0.23617
682.2	0.236128
682.4	0.236086
682.6	0.236044
682.8	0.236003
683	0.235961
683.2	0.23592
683.4	0.235879
683.6	0.235838
683.8	0.235797
684	0.235756
684.2	0.235715
684.4	0.235675
684.6	0.235635
684.8	0.235594
685	0.235554
685.2	0.235514
685.4	0.235474
685.6	0.235435
685.8	0.235395
686	0.235356
686.2	0.235317
686.4	0.235278
686.6	0.235239
686.8	0.2352
687	0.235161
687.2	0.235123
687.4	0.235085
687.6	0.235046
687.8	0.235008
688	0.23497
688.2	0.234933
688.4	0.234895
688.6	0.234858
688.8	0.234821
689	0.234784
689.2	0.234747
689.4	0.23471
689.6	0.234673
689.8	0.234637
690	0.234601
690.2	0.234565
690.4	0.234529
690.6	0.234493
690.8	0.234458
691	0.234422
691.2	0.234387
691.4	0.234352
691.6	0.234317
691.8	0.234283
692	0.234249
692.2	0.234214
692.4	0.23418
692.6	0.234147
692.8	0.234113
693	0.23408
693.2	0.234046
693.4	0.234013
693.6	0.233981
693.8	0.233948
694	0.233916
694.2	0.233884
694.4	0.233852
694.6	0.23382
694.8	0.233789
695	0.233758
695.2	0.233727
695.4	0.233696
695.6	0.233666
695.8	0.233635
696	0.233605
696.2	0.233576
696.4	0.233546
696.6	0.233517
696.8	0.233489
697	0.23346
697.2	0.233432
697.4	0.233404
697.6	0.233376
697.8	0.233349
698	0.233322
698.2	0.233295
698.4	0.233269
698.6	0.233243
698.8	0.233218
699	0.233192
699.2	0.233167
699.4	0.233143
699.6	0.233119
699.8	0.233095
700	0.233072
700.2	0.233045
700.4	0.233012
700.6	0.232974
700.8	0.23293
701	0.23288
701.2	0.232826
701.4	0.232766
701.6	0.232701
701.8	0.232631
702	0.232557
702.2	0.232478
702.4	0.232394
702.6	0.232306
702.8	0.232213
703	0.232117
703.2	0.232016
703.4	0.231912
703.6	0.231803
703.8	0.231691
704	0.231575
704.2	0.231455
704.4	0.231332
704.6	0.231206
704.8	0.231076
705	0.230942
705.2	0.230806
705.4	0.230666
705.6	0.230523
705.8	0.230377
706	0.230228
706.2	0.230076
706.4	0.229922
706.6	0.229764
706.8	0.229604
707	0.22944
707.2	0.229275
707.4	0.229106
707.6	0.228935
707.8	0.228762
708	0.228585
708.2	0.228407
708.4	0.228226
708.6	0.228043
708.8	0.227857
709	0.22767
709.2	0.22748
709.4	0.227288
709.6	0.227093
709.8	0.226897
710	0.226699
710.2	0.226498
710.4	0.226296
710.6	0.226092
710.8	0.225886
711	0.225678
711.2	0.225469
711.4	0.225257
711.6	0.225044
711.8	0.22483
712	0.224613
712.2	0.224395
712.4	0.224176
712.6	0.223955
712.8	0.223733
713	0.223509
713.2	0.223283
713.4	0.223057
713.6	0.222829
713.8	0.2226
714	0.222369
714.2	0.222137
714.4	0.221904
714.6	0.22167
714.8	0.221435
715	0.221199
715.2	0.220961
715.4	0.220723
715.6	0.220483
715.8	0.220243
716	0.220002
716.2	0.219759
716.4	0.219516
716.6	0.219272
716.8	0.219027
717	0.218781
717.2	0.218535
717.4	0.218288
717.6	0.21804
717.8	0.217791
718	0.217541
718.2	0.217291
718.4	0.217041
718.6	0.216789
718.8	0.216538
719	0.216285
719.2	0.216032
719.4	0.215778
719.6	0.215524
719.8	0.21527
720	0.215015
720.2	0.214759
720.4	0.214504
720.6	0.214247
720.8	0.213991
721	0.213734
721.2	0.213476
721.4	0.213219
721.6	0.212961
721.8	0.212702
722	0.212444
722.2	0.212185
722.4	0.211926
722.6	0.211666
722.8	0.211407
723	0.211147
723.2	0.210887
723.4	0.210627
723.6	0.210367
723.8	0.210106
724	0.209846
724.2	0.209585
724.4	0.209324
724.6	0.209063
724.8	0.208802
725	0.208541
725.2	0.20828
725.4	0.208019
725.6	0.207758
725.8	0.207497
726	0.207236
726.2	0.206974
726.4	0.206713
726.6	0.206452
726.8	0.206191
727	0.20593
727.2	0.205669
727.4	0.205408
727.6	0.205147
727.8	0.204886
728	0.204625
728.2	0.204364
728.4	0.204104
728.6	0.203843
728.8	0.203583
729	0.203322
729.2	0.203062
729.4	0.202802
729.6	0.202542
729.8	0.202283
730	0.202023
730.2	0.201763
730.4	0.201504
730.6	0.201245
730.8	0.200986
731	0.200728
731.2	0.200469
731.4	0.200211
731.6	0.199953
731.8	0.199695
732	0.199437
732.2	0.199179
732.4	0.198922
732.6	0.198665
732.8	0.198408
733	0.198152
733.2	0.197895
733.4	0.197639
733.6	0.197383
733.8	0.197128
734	0.196872
734.2	0.196617
734.4	0.196362
734.6	0.196108
734.8	0.195854
735	0.1956
735.2	0.195346
735.4	0.195092
735.6	0.194839
735.8	0.194586
736	0.194334
736.2	0.194081
736.4	0.193829
736.6	0.193578
736.8	0.193326
737	0.193075
737.2	0.192824
737.4	0.192574
737.6	0.192323
737.8	0.192074
738	0.191824
738.2	0.191575
738.4	0.191326
738.6	0.191077
738.8	0.190829
739	0.190581
739.2	0.190333
739.4	0.190086
739.6	0.189839
739.8	0.189592
740	0.189346
740.2	0.1891
740.4	0.188854
740.6	0.188609
740.8	0.188364
741	0.188119
741.2	0.187875
741.4	0.187631
741.6	0.187387
741.8	0.187144
742	0.186901
742.2	0.186658
742.4	0.186416
742.6	0.186174
742.8	0.185932
743	0.185691
743.2	0.18545
743.4	0.18521
743.6	0.18497
743.8	0.18473
744	0.18449
744.2	0.184251
744.4	0.184012
744.6	0.183774
744.8	0.183536
745	0.183298
745.2	0.183061
745.4	0.182824
745.6	0.182587
745.8	0.182351
746	0.182115
746.2	0.181879
746.4	0.181644
746.6	0.181409
746.8	0.181175
747	0.180941
747.2	0.180707
747.4	0.180473
747.6	0.18024
747.8	0.180008
748	0.179775
748.2	0.179543
748.4	0.179312
748.6	0.17908
748.8	0.17885
749	0.178619
749.2	0.178389
749.4	0.178159
749.6	0.177929
749.8	0.1777
750	0.177472
750.2	0.177243
750.4	0.177015
750.6	0.176787
750.8	0.17656
751	0.176333
751.2	0.176107
751.4	0.17588
751.6	0.175654
751.8	0.175429
752	0.175204
752.2	0.174979
752.4	0.174755
752.6	0.17453
752.8	0.174307
753	0.174083
753.2	0.17386
753.4	0.173638
753.6	0.173415
753.8	0.173193
754	0.172972
754.2	0.172751
754.4	0.17253
754.6	0.172309
754.8	0.172089
755	0.171869
755.2	0.17165
755.4	0.17143
755.6	0.171212
755.8	0.170993
756	0.170775
756.2	0.170558
756.4	0.17034
756.6	0.170123
756.8	0.169907
757	0.16969
757.2	0.169474
757.4	0.169259
757.6	0.169044
757.8	0.168829
758	0.168614
758.2	0.1684
758.4	0.168186
758.6	0.167973
758.8	0.167759
759	0.167547
759.2	0.167334
759.4	0.167122
759.6	0.16691
759.8	0.166699
760	0.166488
760.2	0.166277
760.4	0.166067
760.6	0.165856
760.8	0.165647
761	0.165437
761.2	0.165228
761.4	0.16502
761.6	0.164811
761.8	0.164603
762	0.164396
762.2	0.164188
762.4	0.163981
762.6	0.163775
762.8	0.163568
763	0.163362
763.2	0.163157
763.4	0.162952
763.6	0.162747
763.8	0.162542
764	0.162338
764.2	0.162134
764.4	0.16193
764.6	0.161727
764.8	0.161524
765	0.161321
765.2	0.161119
765.4	0.160917
765.6	0.160715
765.8	0.160514
766	0.160313
766.2	0.160112
766.4	0.159912
766.6	0.159712
766.8	0.159512
767	0.159313
767.2	0.159114
767.4	0.158915
767.6	0.158717
767.8	0.158519
768	0.158321
768.2	0.158124
768.4	0.157927
768.6	0.15773
768.8	0.157534
769	0.157337
769.2	0.157142
769.4	0.156946
769.6	0.156751
769.8	0.156556
770	0.156362
770.2	0.156168
770.4	0.155974
770.6	0.15578
770.8	0.155587
771	0.155394
771.2	0.155201
771.4	0.155009
771.6	0.154817
771.8	0.154625
772	0.154434
772.2	0.154243
772.4	0.154052
772.6	0.153862
772.8	0.153672
773	0.153482
773.2	0.153293
773.4	0.153103
773.6	0.152915
773.8	0.152726
774	0.152538
774.2	0.15235
774.4	0.152162
774.6	0.151975
774.8	0.151788
775	0.151601
775.2	0.151415
775.4	0.151229
775.6	0.151043
775.8	0.150857
776	0.150672
776.2	0.150487
776.4	0.150303
776.6	0.150118
776.8	0.149934
777	0.149751
777.2	0.149567
777.4	0.149384
777.6	0.149201
777.8	0.149019
778	0.148837
778.2	0.148655
778.4	0.148473
778.6	0.148292
778.8	0.148111
779	0.14793
779.2	0.14775
779.4	0.14757
779.6	0.14739
779.8	0.14721
780	0.147031
780.2	0.146852
780.4	0.146673
780.6	0.146495
780.8	0.146317
781	0.146139
781.2	0.145961
781.4	0.145784
781.6	0.145607
781.8	0.145431
782	0.145254
782.2	0.145078
782.4	0.144902
782.6	0.144727
782.8	0.144552
783	0.144377
783.2	0.144202
783.4	0.144028
783.6	0.143853
783.8	0.14368
784	0.143506
784.2	0.143333
784.4	0.14316
784.6	0.142987
784.8	0.142815
785	0.142643
785.2	0.142471
785.4	0.142299
785.6	0.142128
785.8	0.141957
786	0.141786
786.2	0.141616
786.4	0.141445
786.6	0.141276
786.8	0.141106
787	0.140937
787.2	0.140767
787.4	0.140599
787.6	0.14043
787.8	0.140262
788	0.140094
788.2	0.139926
788.4	0.139759
788.6	0.139591
788.8	0.139424
789	0.139258
789.2	0.139091
789.4	0.138925
789.6	0.138759
789.8	0.138594
790	0.138428
790.2	0.138263
790.4	0.138099
790.6	0.137934
790.8	0.13777
791	0.137606
791.2	0.137442
791.4	0.137279
791.6	0.137115
791.8	0.136952
792	0.13679
792.2	0.136627
792.4	0.136465
792.6	0.136303
792.8	0.136142
793	0.13598
793.2	0.135819
793.4	0.135658
793.6	0.135498
793.8	0.135337
794	0.135177
794.2	0.135017
794.4	0.134858
794.6	0.134698
794.8	0.134539
795	0.134381
795.2	0.134222
795.4	0.134064
795.6	0.133906
795.8	0.133748
796	0.13359
796.2	0.133433
796.4	0.133276
796.6	0.133119
796.8	0.132963
797	0.132806
797.2	0.13265
797.4	0.132494
797.6	0.132339
797.8	0.132184
798	0.132029
798.2	0.131874
798.4	0.131719
798.6	0.131565
798.8	0.131411
799	0.131257
799.2	0.131103
799.4	0.13095
799.6	0.130797
799.8	0.130644
800	0.130492
800.2	0.130339
800.4	0.130187
800.6	0.130035
800.8	0.129884
801	0.129732
801.2	0.129581
801.4	0.12943
801.6	0.12928
801.8	0.129129
802	0.128979
802.2	0.128829
802.4	0.128679
802.6	0.12853
802.8	0.128381
803	0.128232
803.2	0.128083
803.4	0.127934
803.6	0.127786
803.8	0.127638
804	0.12749
804.2	0.127343
804.4	0.127195
804.6	0.127048
804.8	0.126901
805	0.126755
805.2	0.126608
805.4	0.126462
805.6	0.126316
805.8	0.126171
806	0.126025
806.2	0.12588
806.4	0.125735
806.6	0.12559
806.8	0.125445
807	0.125301
807.2	0.125157
807.4	0.125013
807.6	0.124869
807.8	0.124726
808	0.124583
808.2	0.12444
808.4	0.124297
808.6	0.124155
808.8	0.124012
809	0.12387
809.2	0.123728
809.4	0.123587
809.6	0.123445
809.8	0.123304
810	0.123163
810.2	0.123022
810.4	0.122882
810.6	0.122742
810.8	0.122602
811	0.122462
811.2	0.122322
811.4	0.122183
811.6	0.122044
811.8	0.121905
812	0.121766
812.2	0.121627
812.4	0.121489
812.6	0.121351
812.8	0.121213
813	0.121075
813.2	0.120938
813.4	0.120801
813.6	0.120664
813.8	0.120527
814	0.12039
814.2	0.120254
814.4	0.120118
814.6	0.119982
814.8	0.119846
815	0.119711
815.2	0.119575
815.4	0.11944
815.6	0.119305
815.8	0.119171
816	0.119036
816.2	0.118902
816.4	0.118768
816.6	0.118634
816.8	0.118501
817	0.118367
817.2	0.118234
817.4	0.118101
817.6	0.117968
817.8	0.117836
818	0.117703
818.2	0.117571
818.4	0.117439
818.6	0.117308
818.8	0.117176
819	0.117045
819.2	0.116914
819.4	0.116783
819.6	0.116652
819.8	0.116522
820	0.116391
820.2	0.116261
820.4	0.116131
820.6	0.116002
820.8	0.115872
821	0.115743
821.2	0.115614
821.4	0.115485
821.6	0.115356
821.8	0.115228
822	0.115099
822.2	0.114971
822.4	0.114843
822.6	0.114716
822.8	0.114588
823	0.114461
823.2	0.114334
823.4	0.114207
823.6	0.11408
823.8	0.113954
824	0.113828
824.2	0.113702
824.4	0.113576
824.6	0.11345
824.8	0.113324
825	0.113199
825.2	0.113074
825.4	0.112949
825.6	0.112824
825.8	0.1127
826	0.112576
826.2	0.112451
826.4	0.112327
826.6	0.112204
826.8	0.11208
827	0.111957
827.2	0.111834
827.4	0.111711
827.6	0.111588
827.8	0.111465
828	0.111343
828.2	0.111221
828.4	0.111099
828.6	0.110977
828.8	0.110855
829	0.110734
829.2	0.110612
829.4	0.110491
829.6	0.11037
829.8	0.11025
830	0.110129
830.2	0.110009
830.4	0.109889
830.6	0.109769
830.8	0.109649
831	0.109529
831.2	0.10941
831.4	0.109291
831.6	0.109171
831.8	0.109053
832	0.108934
832.2	0.108815
832.4	0.108697
832.6	0.108579
832.8	0.108461
833	0.108343
833.2	0.108226
833.4	0.108108
833.6	0.107991
833.8	0.107874
834	0.107757
834.2	0.107641
834.4	0.107524
834.6	0.107408
834.8	0.107292
835	0.107176
835.2	0.10706
835.4	0.106944
835.6	0.106829
835.8	0.106714
836	0.106599
836.2	0.106484
836.4	0.106369
836.6	0.106254
836.8	0.10614
837	0.106026
837.2	0.105912
837.4	0.105798
837.6	0.105684
837.8	0.105571
838	0.105458
838.2	0.105345
838.4	0.105232
838.6	0.105119
838.8	0.105006
839	0.104894
839.2	0.104782
839.4	0.104669
839.6	0.104558
839.8	0.104446
840	0.104334
840.2	0.104223
840.4	0.104112
840.6	0.104001
840.8	0.10389
841	0.103779
841.2	0.103668
841.4	0.103558
841.6	0.103448
841.8	0.103338
842	0.103228
842.2	0.103118
842.4	0.103009
842.6	0.102899
842.8	0.10279
843	0.102681
843.2	0.102572
843.4	0.102464
843.6	0.102355
843.8	0.102247
844	0.102138
844.2	0.10203
844.4	0.101923
844.6	0.101815
844.8	0.101707
845	0.1016
845.2	0.101493
845.4	0.101386
845.6	0.101279
845.8	0.101172
846	0.101066
846.2	0.100959
846.4	0.100853
846.6	0.100747
846.8	0.100641
847	0.100535
847.2	0.10043
847.4	0.100324
847.6	0.100219
847.8	0.100114
848	0.100009
848.2	0.0999043
848.4	0.0997997
848.6	0.0996952
848.8	0.099591
849	0.0994868
849.2	0.0993829
849.4	0.099279
849.6	0.0991754
849.8	0.0990719
850	0.0989686
850.2	0.0988654
850.4	0.0987624
850.6	0.0986595
850.8	0.0985568
851	0.0984542
851.2	0.0983518
851.4	0.0982496
851.6	0.0981475
851.8	0.0980456
852	0.0979438
852.2	0.0978422
852.4	0.0977407
852.6	0.0976394
852.8	0.0975383
853	0.0974373
853.2	0.0973364
853.4	0.0972358
853.6	0.0971352
853.8	0.0970348
854	0.0969346
854.2	0.0968345
854.4	0.0967346
854.6	0.0966348
854.8	0.0965352
855	0.0964357
855.2	0.0963364
855.4	0.0962372
855.6	0.0961382
855.8	0.0960393
856	0.0959406
856.2	0.0958421
856.4	0.0957436
856.6	0.0956454
856.8	0.0955473
857	0.0954493
857.2	0.0953515
857.4	0.0952538
857.6	0.0951563
857.8	0.0950589
858	0.0949617
858.2	0.0948646
858.4	0.0947676
858.6	0.0946708
858.8	0.0945742
859	0.0944777
859.2	0.0943814
859.4	0.0942852
859.6	0.0941891
859.8	0.0940932
860	0.0939974
860.2	0.0939018
860.4	0.0938063
860.6	0.093711
860.8	0.0936158
861	0.0935208
861.2	0.0934259
861.4	0.0933311
861.6	0.0932365
861.8	0.093142
862	0.0930477
862.2	0.0929535
862.4	0.0928595
862.6	0.0927656
862.8	0.0926718
863	0.0925782
863.2	0.0924847
863.4	0.0923914
863.6	0.0922982
863.8	0.0922052
864	0.0921123
864.2	0.0920195
864.4	0.0919269
864.6	0.0918344
864.8	0.091742
865	0.0916498
865.2	0.0915578
865.4	0.0914658
865.6	0.091374
865.8	0.0912824
866	0.0911909
866.2	0.0910995
866.4	0.0910083
866.6	0.0909172
866.8	0.0908262
867	0.0907354
867.2	0.0906447
867.4	0.0905541
867.6	0.0904637
867.8	0.0903734
868	0.0902833
868.2	0.0901933
868.4	0.0901034
868.6	0.0900137
868.8	0.0899241
869	0.0898346
869.2	0.0897453
869.4	0.0896561
869.6	0.089567
869.8	0.0894781
870	0.0893893
870.2	0.0893006
870.4	0.0892121
870.6	0.0891237
870.8	0.0890354
871	0.0889473
871.2	0.0888593
871.4	0.0887715
871.6	0.0886837
871.8	0.0885961
872	0.0885087
872.2	0.0884213
872.4	0.0883341
872.6	0.088247
872.8	0.0881601
873	0.0880733
873.2	0.0879866
873.4	0.0879
873.6	0.0878136
873.8	0.0877273
874	0.0876412
874.2	0.0875551
874.4	0.0874692
874.6	0.0873835
874.8	0.0872978
875	0.0872123
875.2	0.0871269
875.4	0.0870416
875.6	0.0869565
875.8	0.0868715
876	0.0867866
876.2	0.0867019
876.4	0.0866173
876.6	0.0865328
876.8	0.0864484
877	0.0863641
877.2	0.08628
877.4	0.086196
877.6	0.0861122
877.8	0.0860284
878	0.0859448
878.2	0.0858613
878.4	0.085778
878.6	0.0856947
878.8	0.0856116
879	0.0855286
879.2	0.0854457
879.4	0.085363
879.6	0.0852804
879.8	0.0851979
880	0.0851155
880.2	0.0850333
880.4	0.0849511
880.6	0.0848691
880.8	0.0847873
881	0.0847055
881.2	0.0846239
881.4	0.0845423
881.6	0.084461
881.8	0.0843797
882	0.0842985
882.2	0.0842175
882.4	0.0841366
882.6	0.0840558
882.8	0.0839752
883	0.0838946
883.2	0.0838142
883.4	0.0837339
883.6	0.0836537
883.8	0.0835736
884	0.0834937
884.2	0.0834139
884.4	0.0833342
884.6	0.0832546
884.8	0.0831751
885	0.0830958
885.2	0.0830165
885.4	0.0829374
885.6	0.0828584
885.8	0.0827795
886	0.0827008
886.2	0.0826221
886.4	0.0825436
886.6	0.0824652
886.8	0.0823869
887	0.0823087
887.2	0.0822307
887.4	0.0821527
887.6	0.0820749
887.8	0.0819972
888	0.0819196
888.2	0.0818421
888.4	0.0817648
888.6	0.0816875
888.8	0.0816104
889	0.0815334
889.2	0.0814565
889.4	0.0813797
889.6	0.081303
889.8	0.0812264
890	0.08115
890.2	0.0810736
890.4	0.0809974
890.6	0.0809213
890.8	0.0808453
891	0.0807694
891.2	0.0806937
891.4	0.080618
891.6	0.0805425
891.8	0.080467
892	0.0803917
892.2	0.0803165
892.4	0.0802414
892.6	0.0801664
892.8	0.0800916
893	0.0800168
893.2	0.0799422
893.4	0.0798676
893.6	0.0797932
893.8	0.0797189
894	0.0796447
894.2	0.0795706
894.4	0.0794966
894.6	0.0794227
894.8	0.0793489
895	0.0792753
895.2	0.0792017
895.4	0.0791283
895.6	0.079055
895.8	0.0789817
896	0.0789086
896.2	0.0788356
896.4	0.0787627
896.6	0.0786899
896.8	0.0786172
897	0.0785447
897.2	0.0784722
897.4	0.0783998
897.6	0.0783276
897.8	0.0782554
898	0.0781834
898.2	0.0781115
898.4	0.0780396
898.6	0.0779679
898.8	0.0778963
899	0.0778248
899.2	0.0777534
899.4	0.0776821
899.6	0.0776109
899.8	0.0775398
900	0.0774689
900.2	0.077398
900.4	0.0773272
900.6	0.0772566
900.8	0.077186
901	0.0771155
901.2	0.0770452
901.4	0.0769749
901.6	0.0769048
901.8	0.0768348
902	0.0767648
902.2	0.076695
902.4	0.0766253
902.6	0.0765556
902.8	0.0764861
903	0.0764167
903.2	0.0763474
903.4	0.0762782
903.6	0.076209
903.8	0.07614
904	0.0760711
904.2	0.0760023
904.4	0.0759336
904.6	0.075865
904.8	0.0757965
905	0.0757281
905.2	0.0756598
905.4	0.0755916
905.6	0.0755235
905.8	0.0754555
906	0.0753876
906.2	0.0753198
906.4	0.0752521
906.6	0.0751845
906.8	0.075117
907	0.0750496
907.2	0.0749823
907.4	0.0749151
907.6	0.074848
907.8	0.074781
908	0.0747141
908.2	0.0746473
908.4	0.0745806
908.6	0.0745139
908.8	0.0744474
909	0.074381
909.2	0.0743147
909.4	0.0742485
909.6	0.0741824
909.8	0.0741163
910	0.0740504
910.2	0.0739846
910.4	0.0739188
910.6	0.0738532
910.8	0.0737877
911	0.0737222
911.2	0.0736569
911.4	0.0735916
911.6	0.0735265
911.8	0.0734614
912	0.0733964
912.2	0.0733316
912.4	0.0732668
912.6	0.0732021
912.8	0.0731375
913	0.0730731
913.2	0.0730087
913.4	0.0729444
913.6	0.0728802
913.8	0.0728161
914	0.072752
914.2	0.0726881
914.4	0.0726243
914.6	0.0725606
914.8	0.0724969
915	0.0724334
915.2	0.0723699
915.4	0.0723066
915.6	0.0722433
915.8	0.0721801
916	0.072117
916.2	0.0720541
916.4	0.0719912
916.6	0.0719284
916.8	0.0718656
917	0.071803
917.2	0.0717405
917.4	0.0716781
917.6	0.0716157
917.8	0.0715535
918	0.0714913
918.2	0.0714292
918.4	0.0713672
918.6	0.0713054
918.8	0.0712436
919	0.0711818
919.2	0.0711202
919.4	0.0710587
919.6	0.0709973
919.8	0.0709359
920	0.0708747
920.2	0.0708135
920.4	0.0707524
920.6	0.0706914
920.8	0.0706305
921	0.0705697
921.2	0.070509
921.4	0.0704484
921.6	0.0703878
921.8	0.0703274
922	0.070267
922.2	0.0702067
922.4	0.0701465
922.6	0.0700864
922.8	0.0700264
923	0.0699665
923.2	0.0699067
923.4	0.0698469
923.6	0.0697873
923.8	0.0697277
924	0.0696682
924.2	0.0696088
924.4	0.0695495
924.6	0.0694902
924.8	0.0694311
925	0.0693721
925.2	0.0693131
925.4	0.0692542
925.6	0.0691954
925.8	0.0691367
926	0.0690781
926.2	0.0690195
926.4	0.0689611
926.6	0.0689027
926.8	0.0688444
927	0.0687862
927.2	0.0687281
927.4	0.0686701
927.6	0.0686121
927.8	0.0685543
928	0.0684965
928.2	0.0684388
928.4	0.0683812
928.6	0.0683237
928.8	0.0682663
929	0.0682089
929.2	0.0681516
929.4	0.0680944
929.6	0.0680373
929.8	0.0679803
930	0.0679234
930.2	0.0678665
930.4	0.0678098
930.6	0.0677531
930.8	0.0676965
931	0.0676399
931.2	0.0675835
931.4	0.0675272
931.6	0.0674709
931.8	0.0674147
932	0.0673586
932.2	0.0673025
932.4	0.0672466
932.6	0.0671907
932.8	0.0671349
933	0.0670792
933.2	0.0670236
933.4	0.0669681
933.6	0.0669126
933.8	0.0668572
934	0.0668019
934.2	0.0667467
934.4	0.0666916
934.6	0.0666365
934.8	0.0665815
935	0.0665266
935.2	0.0664718
935.4	0.0664171
935.6	0.0663624
935.8	0.0663078
936	0.0662533
936.2	0.0661989
936.4	0.0661446
936.6	0.0660903
936.8	0.0660361
937	0.065982
937.2	0.065928
937.4	0.0658741
937.6	0.0658202
937.8	0.0657664
938	0.0657127
938.2	0.065659
938.4	0.0656055
938.6	0.065552
938.8	0.0654986
939	0.0654453
939.2	0.065392
939.4	0.0653389
939.6	0.0652858
939.8	0.0652328
940	0.0651798
940.2	0.065127
940.4	0.0650742
940.6	0.0650215
940.8	0.0649688
941	0.0649163
941.2	0.0648638
941.4	0.0648114
941.6	0.0647591
941.8	0.0647068
942	0.0646547
942.2	0.0646026
942.4	0.0645505
942.6	0.0644986
942.8	0.0644467
943	0.0643949
943.2	0.0643432
943.4	0.0642916
943.6	0.06424
943.8	0.0641885
944	0.0641371
944.2	0.0640857
944.4	0.0640345
944.6	0.0639833
944.8	0.0639321
945	0.0638811
945.2	0.0638301
945.4	0.0637792
945.6	0.0637284
945.8	0.0636776
946	0.0636269
946.2	0.0635763
946.4	0.0635258
946.6	0.0634753
946.8	0.063425
947	0.0633746
947.2	0.0633244
947.4	0.0632742
947.6	0.0632241
947.8	0.0631741
948	0.0631242
948.2	0.0630743
948.4	0.0630245
948.6	0.0629747
948.8	0.0629251
949	0.0628755
949.2	0.062826
949.4	0.0627765
949.6	0.0627271
949.8	0.0626778
950	0.0626286
950.2	0.0625794
950.4	0.0625303
950.6	0.0624813
950.8	0.0624324
951	0.0623835
951.2	0.0623347
951.4	0.062286
951.6	0.0622373
951.8	0.0621887
952	0.0621402
952.2	0.0620917
952.4	0.0620433
952.6	0.061995
952.8	0.0619468
953	0.0618986
953.2	0.0618505
953.4	0.0618024
953.6	0.0617545
953.8	0.0617066
954	0.0616588
954.2	0.061611
954.4	0.0615633
954.6	0.0615157
954.8	0.0614681
955	0.0614206
955.2	0.0613732
955.4	0.0613259
955.6	0.0612786
955.8	0.0612314
956	0.0611842
956.2	0.0611372
956.4	0.0610902
956.6	0.0610432
956.8	0.0609964
957	0.0609496
957.2	0.0609028
957.4	0.0608561
957.6	0.0608095
957.8	0.060763
958	0.0607165
958.2	0.0606701
958.4	0.0606238
958.6	0.0605775
958.8	0.0605314
959	0.0604852
959.2	0.0604392
959.4	0.0603932
959.6	0.0603472
959.8	0.0603014
960	0.0602556
960.2	0.0602098
960.4	0.0601641
960.6	0.0601185
960.8	0.060073
961	0.0600275
961.2	0.0599821
961.4	0.0599368
961.6	0.0598915
961.8	0.0598463
962	0.0598012
962.2	0.0597561
962.4	0.0597111
962.6	0.0596661
962.8	0.0596212
963	0.0595764
963.2	0.0595317
963.4	0.059487
963.6	0.0594423
963.8	0.0593978
964	0.0593533
964.2	0.0593088
964.4	0.0592645
964.6	0.0592202
964.8	0.0591759
965	0.0591317
965.2	0.0590876
965.4	0.0590436
965.6	0.0589996
965.8	0.0589557
966	0.0589118
966.2	0.058868
966.4	0.0588243
966.6	0.0587806
966.8	0.058737
967	0.0586934
967.2	0.0586499
967.4	0.0586065
967.6	0.0585632
967.8	0.0585199
968	0.0584766
968.2	0.0584335
968.4	0.0583903
968.6	0.0583473
968.8	0.0583043
969	0.0582614
969.2	0.0582185
969.4	0.0581757
969.6	0.058133
969.8	0.0580903
970	0.0580477
970.2	0.0580051
970.4	0.0579626
970.6	0.0579202
970.8	0.0578778
971	0.0578355
971.2	0.0577932
971.4	0.0577511
971.6	0.0577089
971.8	0.0576668
972	0.0576248
972.2	0.0575829
972.4	0.057541
972.6	0.0574992
972.8	0.0574574
973	0.0574157
973.2	0.057374
973.4	0.0573325
973.6	0.0572909
973.8	0.0572495
974	0.057208
974.2	0.0571667
974.4	0.0571254
974.6	0.0570842
974.8	0.057043
975	0.0570019
975.2	0.0569608
975.4	0.0569198
975.6	0.0568789
975.8	0.056838
976	0.0567972
976.2	0.0567564
976.4	0.0567157
976.6	0.0566751
976.8	0.0566345
977	0.056594
977.2	0.0565535
977.4	0.0565131
977.6	0.0564727
977.8	0.0564324
978	0.0563922
978.2	0.056352
978.4	0.0563119
978.6	0.0562718
978.8	0.0562318
979	0.0561919
979.2	0.056152
979.4	0.0561121
979.6	0.0560724
979.8	0.0560326
980	0.055993
980.2	0.0559534
980.4	0.0559138
980.6	0.0558743
980.8	0.0558349
981	0.0557955
981.2	0.0557562
981.4	0.0557169
981.6	0.0556777
981.8	0.0556385
982	0.0555994
982.2	0.0555604
982.4	0.0555214
982.6	0.0554824
982.8	0.0554436
983	0.0554047
983.2	0.055366
983.4	0.0553273
983.6	0.0552886
983.8	0.05525
984	0.0552115
984.2	0.055173
984.4	0.0551345
984.6	0.0550962
984.8	0.0550578
985	0.0550196
985.2	0.0549813
985.4	0.0549432
985.6	0.0549051
985.8	0.054867
986	0.054829
986.2	0.0547911
986.4	0.0547532
986.6	0.0547154
986.8	0.0546776
987	0.0546398
987.2	0.0546022
987.4	0.0545646
987.6	0.054527
987.8	0.0544895
988	0.054452
988.2	0.0544146
988.4	0.0543773
988.6	0.05434
988.8	0.0543027
989	0.0542655
989.2	0.0542284
989.4	0.0541913
989.6	0.0541543
989.8	0.0541173
990	0.0540804
990.2	0.0540435
990.4	0.0540067
990.6	0.0539699
990.8	0.0539332
991	0.0538965
991.2	0.0538599
991.4	0.0538234
991.6	0.0537868
991.8	0.0537504
992	0.053714
992.2	0.0536776
992.4	0.0536413
992.6	0.0536051
992.8	0.0535689
993	0.0535328
993.2	0.0534967
993.4	0.0534606
993.6	0.0534246
993.8	0.0533887
994	0.0533528
994.2	0.053317
994.4	0.0532812
994.6	0.0532455
994.8	0.0532098
995	0.0531741
995.2	0.0531386
995.4	0.053103
995.6	0.0530676
995.8	0.0530321
996	0.0529967
996.2	0.0529614
996.4	0.0529261
996.6	0.0528909
996.8	0.0528557
997	0.0528206
997.2	0.0527855
997.4	0.0527505
997.6	0.0527155
997.8	0.0526806
998	0.0526457
998.2	0.0526109
998.4	0.0525761
998.6	0.0525414
998.8	0.0525067
999	0.0524721
999.2	0.0524375
999.4	0.052403
999.6	0.0523685
999.8	0.0523341
1000	0.0522997
