label:
5001
0	-70
0.2	-70
0.4	-70
0.6	-70.0001
0.8	-70.0001
1	-70.0002
1.2	-70.0002
1.4	-70.0003
1.6	-70.0004
1.8	-70.0006
2	-70.0007
2.2	-70.0008
2.4	-70.001
2.6	-70.0012
2.8	-70.0013
3	-70.0015
3.2	-70.0017
3.4	-70.0019
3.6	-70.0022
3.8	-70.0024
4	-70.0026
4.2	-70.0029
4.4	-70.0032
4.6	-70.0034
4.8	-70.0037
5	-70.004
5.2	-70.0043
5.4	-70.0046
5.6	-70.0049
5.8	-70.0053
6	-70.0056
6.2	-70.006
6.4	-70.0063
6.6	-70.0067
6.8	-70.007
7	-70.0074
7.2	-70.0078
7.4	-70.0082
7.6	-70.0086
7.8	-70.009
8	-70.0094
8.2	-70.0098
8.4	-70.0102
8.6	-70.0107
8.8	-70.0111
9	-70.0115
9.2	-70.012
9.4	-70.0124
9.6	-70.0129
9.8	-70.0134
10	-70.0138
10.2	-70.0143
10.4	-70.0148
10.6	-70.0153
10.8	-70.0158
11	-70.0163
11.2	-70.0167
11.4	-70.0173
11.6	-70.0178
11.8	-70.0183
12	-70.0188
12.2	-70.0193
12.4	-70.0198
12.6	-70.0204
12.8	-70.0209
13	-70.0214
13.2	-70.022
13.4	-70.0225
13.6	-70.023
13.8	-70.0236
14	-70.0241
14.2	-70.0247
14.4	-70.0253
14.6	-70.0258
14.8	-70.0264
15	-70.0269
15.2	-70.0275
15.4	-70.0281
15.6	-70.0287
15.8	-70.0292
16	-70.0298
16.2	-70.0304
16.4	-70.031
16.6	-70.0316
16.8	-70.0322
17	-70.0327
17.2	-70.0333
17.4	-70.0339
17.6	-70.0345
17.8	-70.0351
18	-70.0357
18.2	-70.0363
18.4	-70.0369
18.6	-70.0375
18.8	-70.0381
19	-70.0388
19.2	-70.0394
19.4	-70.04
19.6	-70.0406
19.8	-70.0412
20	-70.0418
20.2	-70.0424
20.4	-70.0431
20.6	-70.0437
20.8	-70.0443
21	-70.0449
21.2	-70.0455
21.4	-70.0462
21.6	-70.0468
21.8	-70.0474
22	-70.048
22.2	-70.0487
22.4	-70.0493
22.6	-70.0499
22.8	-70.0506
23	-70.0512
23.2	-70.0518
23.4	-70.0525
23.6	-70.0531
23.8	-70.0537
24	-70.0544
24.2	-70.055
24.4	-70.0556
24.6	-70.0563
24.8	-70.0569
25	-70.0576
25.2	-70.0582
25.4	-70.0588
25.6	-70.0595
25.8	-70.0601
26	-70.0607
26.2	-70.0614
26.4	-70.062
26.6	-70.0627
26.8	-70.0633
27	-70.0639
27.2	-70.0646
27.4	-70.0652
27.6	-70.0659
27.8	-70.0665
28	-70.0672
28.2	-70.0678
28.4	-70.0684
28.6	-70.0691
28.8	-70.0697
29	-70.0704
29.2	-70.071
29.4	-70.0716
29.6	-70.0723
29.8	-70.0729
30	-70.0736
30.2	-70.0742
30.4	-70.0749
30.6	-70.0755
30.8	-70.0761
31	-70.0768
31.2	-70.0774
31.4	-70.0781
31.6	-70.0787
31.8	-70.0793
32	-70.08
32.2	-70.0806
32.4	-70.0813
32.6	-70.0819
32.8	-70.0825
33	-70.0832
33.2	-70.0838
33.4	-70.0844
33.6	-70.0851
33.8	-70.0857
34	-70.0864
34.2	-70.087
34.4	-70.0876
34.6	-70.0883
34.8	-70.0889
35	-70.0895
35.2	-70.0902
35.4	-70.0908
35.6	-70.0914
35.8	-70.0921
36	-70.0927
36.2	-70.0933
36.4	-70.094
36.6	-70.0946
36.8	-70.0952
37	-70.0959
37.2	-70.0965
37.4	-70.0971
37.6	-70.0978
37.8	-70.0984
38	-70.099
38.2	-70.0997
38.4	-70.1003
38.6	-70.1009
38.8	-70.1015
39	-70.1022
39.2	-70.1028
39.4	-70.1034
39.6	-70.104
39.8	-70.1047
40	-70.1053
40.2	-70.1059
40.4	-70.1065
40.6	-70.1072
40.8	-70.1078
41	-70.1084
41.2	-70.109
41.4	-70.1096
41.6	-70.1103
41.8	-70.1109
42	-70.1115
42.2	-70.1121
42.4	-70.1127
42.6	-70.1133
42.8	-70.114
43	-70.1146
43.2	-70.1152
43.4	-70.1158
43.6	-70.1164
43.8	-70.117
44	-70.1176
44.2	-70.1182
44.4	-70.1189
44.6	-70.1195
44.8	-70.1201
45	-70.1207
45.2	-70.1213
45.4	-70.1219
45.6	-70.1225
45.8	-70.1231
46	-70.1237
46.2	-70.1243
46.4	-70.1249
46.6	-70.1255
46.8	-70.1261
47	-70.1267
47.2	-70.1273
47.4	-70.1279
47.6	-70.1285
47.8	-70.1291
48	-70.1297
48.2	-70.1303
48.4	-70.1309
48.6	-70.1315
48.8	-70.1321
49	-70.1327
49.2	-70.1333
49.4	-70.1339
49.6	-70.1345
49.8	-70.1351
50	-70.1357
50.2	-70.1363
50.4	-70.1369
50.6	-70.1374
50.8	-70.138
51	-70.1386
51.2	-70.1392
51.4	-70.1398
51.6	-70.1404
51.8	-70.141
52	-70.1415
52.2	-70.1421
52.4	-70.1427
52.6	-70.1433
52.8	-70.1439
53	-70.1445
53.2	-70.145
53.4	-70.1456
53.6	-70.1462
53.8	-70.1468
54	-70.1474
54.2	-70.1479
54.4	-70.1485
54.6	-70.1491
54.8	-70.1497
55	-70.1502
55.2	-70.1508
55.4	-70.1514
55.6	-70.1519
55.8	-70.1525
56	-70.1531
56.2	-70.1537
56.4	-70.1542
56.6	-70.1548
56.8	-70.1554
57	-70.1559
57.2	-70.1565
57.4	-70.1571
57.6	-70.1576
57.8	-70.1582
58	-70.1587
58.2	-70.1593
58.4	-70.1599
58.6	-70.1604
58.8	-70.161
59	-70.1616
59.2	-70.1621
59.4	-70.1627
59.6	-70.1632
59.8	-70.1638
60	-70.1643
60.2	-70.1649
60.4	-70.1654
60.6	-70.166
60.8	-70.1665
61	-70.1671
61.2	-70.1677
61.4	-70.1682
61.6	-70.1688
61.8	-70.1693
62	-70.1699
62.2	-70.1704
62.4	-70.1709
62.6	-70.1715
62.8	-70.172
63	-70.1726
63.2	-70.1731
63.4	-70.1737
63.6	-70.1742
63.8	-70.1748
64	-70.1753
64.2	-70.1758
64.4	-70.1764
64.6	-70.1769
64.8	-70.1775
65	-70.178
65.2	-70.1785
65.4	-70.1791
65.6	-70.1796
65.8	-70.1801
66	-70.1807
66.2	-70.1812
66.4	-70.1817
66.6	-70.1823
66.8	-70.1828
67	-70.1833
67.2	-70.1839
67.4	-70.1844
67.6	-70.1849
67.8	-70.1854
68	-70.186
68.2	-70.1865
68.4	-70.187
68.6	-70.1876
68.8	-70.1881
69	-70.1886
69.2	-70.1891
69.4	-70.1896
69.6	-70.1902
69.8	-70.1907
70	-70.1912
70.2	-70.1917
70.4	-70.1922
70.6	-70.1928
70.8	-70.1933
71	-70.1938
71.2	-70.1943
71.4	-70.1948
71.6	-70.1953
71.8	-70.1959
72	-70.1964
72.2	-70.1969
72.4	-70.1974
72.6	-70.1979
72.8	-70.1984
73	-70.1989
73.2	-70.1994
73.4	-70.1999
73.6	-70.2005
73.8	-70.201
74	-70.2015
74.2	-70.202
74.4	-70.2025
74.6	-70.203
74.8	-70.2035
75	-70.204
75.2	-70.2045
75.4	-70.205
75.6	-70.2055
75.8	-70.206
76	-70.2065
76.2	-70.207
76.4	-70.2075
76.6	-70.208
76.8	-70.2085
77	-70.209
77.2	-70.2095
77.4	-70.21
77.6	-70.2105
77.8	-70.211
78	-70.2114
78.2	-70.2119
78.4	-70.2124
78.6	-70.2129
78.8	-70.2134
79	-70.2139
79.2	-70.2144
79.4	-70.2149
79.6	-70.2154
79.8	-70.2159
80	-70.2163
80.2	-70.2168
80.4	-70.2173
80.6	-70.2178
80.8	-70.2183
81	-70.2188
81.2	-70.2192
81.4	-70.2197
81.6	-70.2202
81.8	-70.2207
82	-70.2212
82.2	-70.2216
82.4	-70.2221
82.6	-70.2226
82.8	-70.2231
83	-70.2236
83.2	-70.224
83.4	-70.2245
83.6	-70.225
83.8	-70.2255
84	-70.2259
84.2	-70.2264
84.4	-70.2269
84.6	-70.2273
84.8	-70.2278
85	-70.2283
85.2	-70.2288
85.4	-70.2292
85.6	-70.2297
85.8	-70.2302
86	-70.2306
86.2	-70.2311
86.4	-70.2316
86.6	-70.232
86.8	-70.2325
87	-70.2329
87.2	-70.2334
87.4	-70.2339
87.6	-70.2343
87.8	-70.2348
88	-70.2353
88.2	-70.2357
88.4	-70.2362
88.6	-70.2366
88.8	-70.2371
89	-70.2375
89.2	-70.238
89.4	-70.2385
89.6	-70.2389
89.8	-70.2394
90	-70.2398
90.2	-70.2403
90.4	-70.2407
90.6	-70.2412
90.8	-70.2416
91	-70.2421
91.2	-70.2425
91.4	-70.243
91.6	-70.2434
91.8	-70.2439
92	-70.2443
92.2	-70.2448
92.4	-70.2452
92.6	-70.2457
92.8	-70.2461
93	-70.2466
93.2	-70.247
93.4	-70.2475
93.6	-70.2479
93.8	-70.2483
94	-70.2488
94.2	-70.2492
94.4	-70.2497
94.6	-70.2501
94.8	-70.2505
95	-70.251
95.2	-70.2514
95.4	-70.2519
95.6	-70.2523
95.8	-70.2527
96	-70.2532
96.2	-70.2536
96.4	-70.254
96.6	-70.2545
96.8	-70.2549
97	-70.2553
97.2	-70.2558
97.4	-70.2562
97.6	-70.2566
97.8	-70.2571
98	-70.2575
98.2	-70.2579
98.4	-70.2584
98.6	-70.2588
98.8	-70.2592
99	-70.2596
99.2	-70.2601
99.4	-70.2605
99.6	-70.2609
99.8	-70.2613
100	-70.2618
100.2	-70.2622
100.4	-70.2626
100.6	-70.263
100.8	-70.2635
101	-70.2639
101.2	-70.2643
101.4	-70.2647
101.6	-70.2651
101.8	-70.2656
102	-70.266
102.2	-70.2664
102.4	-70.2668
102.6	-70.2672
102.8	-70.2676
103	-70.2681
103.2	-70.2685
103.4	-70.2689
103.6	-70.2693
103.8	-70.2697
104	-70.2701
104.2	-70.2705
104.4	-70.271
104.6	-70.2714
104.8	-70.2718
105	-70.2722
105.2	-70.2726
105.4	-70.273
105.6	-70.2734
105.8	-70.2738
106	-70.2742
106.2	-70.2746
106.4	-70.275
106.6	-70.2754
106.8	-70.2759
107	-70.2763
107.2	-70.2767
107.4	-70.2771
107.6	-70.2775
107.8	-70.2779
108	-70.2783
108.2	-70.2787
108.4	-70.2791
108.6	-70.2795
108.8	-70.2799
109	-70.2803
109.2	-70.2807
109.4	-70.2811
109.6	-70.2815
109.8	-70.2819
110	-70.2823
110.2	-70.2827
110.4	-70.2831
110.6	-70.2834
110.8	-70.2838
111	-70.2842
111.2	-70.2846
111.4	-70.285
111.6	-70.2854
111.8	-70.2858
112	-70.2862
112.2	-70.2866
112.4	-70.287
112.6	-70.2874
112.8	-70.2878
113	-70.2881
113.2	-70.2885
113.4	-70.2889
113.6	-70.2893
113.8	-70.2897
114	-70.2901
114.2	-70.2905
114.4	-70.2908
114.6	-70.2912
114.8	-70.2916
115	-70.292
115.2	-70.2924
115.4	-70.2928
115.6	-70.2931
115.8	-70.2935
116	-70.2939
116.2	-70.2943
116.4	-70.2947
116.6	-70.295
116.8	-70.2954
117	-70.2958
117.2	-70.2962
117.4	-70.2965
117.6	-70.2969
117.8	-70.2973
118	-70.2977
118.2	-70.298
118.4	-70.2984
118.6	-70.2988
118.8	-70.2992
119	-70.2995
119.2	-70.2999
119.4	-70.3003
119.6	-70.3007
119.8	-70.301
120	-70.3014
120.2	-70.3018
120.4	-70.3021
120.6	-70.3025
120.8	-70.3029
121	-70.3032
121.2	-70.3036
121.4	-70.304
121.6	-70.3043
121.8	-70.3047
122	-70.3051
122.2	-70.3054
122.4	-70.3058
122.6	-70.3062
122.8	-70.3065
123	-70.3069
123.2	-70.3072
123.4	-70.3076
123.6	-70.308
123.8	-70.3083
124	-70.3087
124.2	-70.309
124.4	-70.3094
124.6	-70.3098
124.8	-70.3101
125	-70.3105
125.2	-70.3108
125.4	-70.3112
125.6	-70.3115
125.8	-70.3119
126	-70.3123
126.2	-70.3126
126.4	-70.313
126.6	-70.3133
126.8	-70.3137
127	-70.314
127.2	-70.3144
127.4	-70.3147
127.6	-70.3151
127.8	-70.3154
128	-70.3158
128.2	-70.3161
128.4	-70.3165
128.6	-70.3168
128.8	-70.3172
129	-70.3175
129.2	-70.3179
129.4	-70.3182
129.6	-70.3186
129.8	-70.3189
130	-70.3193
130.2	-70.3196
130.4	-70.32
130.6	-70.3203
130.8	-70.3206
131	-70.321
131.2	-70.3213
131.4	-70.3217
131.6	-70.322
131.8	-70.3223
132	-70.3227
132.2	-70.323
132.4	-70.3234
132.6	-70.3237
132.8	-70.3241
133	-70.3244
133.2	-70.3247
133.4	-70.3251
133.6	-70.3254
133.8	-70.3257
134	-70.3261
134.2	-70.3264
134.4	-70.3267
134.6	-70.3271
134.8	-70.3274
135	-70.3277
135.2	-70.3281
135.4	-70.3284
135.6	-70.3287
135.8	-70.3291
136	-70.3294
136.2	-70.3297
136.4	-70.3301
136.6	-70.3304
136.8	-70.3307
137	-70.3311
137.2	-70.3314
137.4	-70.3317
137.6	-70.332
137.8	-70.3324
138	-70.3327
138.2	-70.333
138.4	-70.3334
138.6	-70.3337
138.8	-70.334
139	-70.3343
139.2	-70.3347
139.4	-70.335
139.6	-70.3353
139.8	-70.3356
140	-70.3359
140.2	-70.3363
140.4	-70.3366
140.6	-70.3369
140.8	-70.3372
141	-70.3376
141.2	-70.3379
141.4	-70.3382
141.6	-70.3385
141.8	-70.3388
142	-70.3391
142.2	-70.3395
142.4	-70.3398
142.6	-70.3401
142.8	-70.3404
143	-70.3407
143.2	-70.341
143.4	-70.3414
143.6	-70.3417
143.8	-70.342
144	-70.3423
144.2	-70.3426
144.4	-70.3429
144.6	-70.3432
144.8	-70.3436
145	-70.3439
145.2	-70.3442
145.4	-70.3445
145.6	-70.3448
145.8	-70.3451
146	-70.3454
146.2	-70.3457
146.4	-70.346
146.6	-70.3464
146.8	-70.3467
147	-70.347
147.2	-70.3473
147.4	-70.3476
147.6	-70.3479
147.8	-70.3482
148	-70.3485
148.2	-70.3488
148.4	-70.3491
148.6	-70.3494
148.8	-70.3497
149	-70.35
149.2	-70.3503
149.4	-70.3506
149.6	-70.3509
149.8	-70.3512
150	-70.3515
150.2	-70.3518
150.4	-70.3521
150.6	-70.3524
150.8	-70.3527
151	-70.353
151.2	-70.3533
151.4	-70.3536
151.6	-70.3539
151.8	-70.3542
152	-70.3545
152.2	-70.3548
152.4	-70.3551
152.6	-70.3554
152.8	-70.3557
153	-70.356
153.2	-70.3563
153.4	-70.3566
153.6	-70.3569
153.8	-70.3572
154	-70.3575
154.2	-70.3578
154.4	-70.3581
154.6	-70.3583
154.8	-70.3586
155	-70.3589
155.2	-70.3592
155.4	-70.3595
155.6	-70.3598
155.8	-70.3601
156	-70.3604
156.2	-70.3607
156.4	-70.361
156.6	-70.3612
156.8	-70.3615
157	-70.3618
157.2	-70.3621
157.4	-70.3624
157.6	-70.3627
157.8	-70.363
158	-70.3633
158.2	-70.3635
158.4	-70.3638
158.6	-70.3641
158.8	-70.3644
159	-70.3647
159.2	-70.365
159.4	-70.3652
159.6	-70.3655
159.8	-70.3658
160	-70.3661
160.2	-70.3664
160.4	-70.3666
160.6	-70.3669
160.8	-70.3672
161	-70.3675
161.2	-70.3678
161.4	-70.368
161.6	-70.3683
161.8	-70.3686
162	-70.3689
162.2	-70.3691
162.4	-70.3694
162.6	-70.3697
162.8	-70.37
163	-70.3703
163.2	-70.3705
163.4	-70.3708
163.6	-70.3711
163.8	-70.3714
164	-70.3716
164.2	-70.3719
164.4	-70.3722
164.6	-70.3724
164.8	-70.3727
165	-70.373
165.2	-70.3733
165.4	-70.3735
165.6	-70.3738
165.8	-70.3741
166	-70.3743
166.2	-70.3746
166.4	-70.3749
166.6	-70.3752
166.8	-70.3754
167	-70.3757
167.2	-70.376
167.4	-70.3762
167.6	-70.3765
167.8	-70.3768
168	-70.377
168.2	-70.3773
168.4	-70.3776
168.6	-70.3778
168.8	-70.3781
169	-70.3783
169.2	-70.3786
169.4	-70.3789
169.6	-70.3791
169.8	-70.3794
170	-70.3797
170.2	-70.3799
170.4	-70.3802
170.6	-70.3805
170.8	-70.3807
171	-70.381
171.2	-70.3812
171.4	-70.3815
171.6	-70.3818
171.8	-70.382
172	-70.3823
172.2	-70.3825
172.4	-70.3828
172.6	-70.383
172.8	-70.3833
173	-70.3836
173.2	-70.3838
173.4	-70.3841
173.6	-70.3843
173.8	-70.3846
174	-70.3848
174.2	-70.3851
174.4	-70.3854
174.6	-70.3856
174.8	-70.3859
175	-70.3861
175.2	-70.3864
175.4	-70.3866
175.6	-70.3869
175.8	-70.3871
176	-70.3874
176.2	-70.3876
176.4	-70.3879
176.6	-70.3881
176.8	-70.3884
177	-70.3886
177.2	-70.3889
177.4	-70.3891
177.6	-70.3894
177.8	-70.3896
178	-70.3899
178.2	-70.3901
178.4	-70.3904
178.6	-70.3906
178.8	-70.3909
179	-70.3911
179.2	-70.3914
179.4	-70.3916
179.6	-70.3919
179.8	-70.3921
180	-70.3924
180.2	-70.3926
180.4	-70.3928
180.6	-70.3931
180.8	-70.3933
181	-70.3936
181.2	-70.3938
181.4	-70.3941
181.6	-70.3943
181.8	-70.3945
182	-70.3948
182.2	-70.395
182.4	-70.3953
182.6	-70.3955
182.8	-70.3958
183	-70.396
183.2	-70.3962
183.4	-70.3965
183.6	-70.3967
183.8	-70.397
184	-70.3972
184.2	-70.3974
184.4	-70.3977
184.6	-70.3979
184.8	-70.3981
185	-70.3984
185.2	-70.3986
185.4	-70.3989
185.6	-70.3991
185.8	-70.3993
186	-70.3996
186.2	-70.3998
186.4	-70.4
186.6	-70.4003
186.8	-70.4005
187	-70.4007
187.2	-70.401
187.4	-70.4012
187.6	-70.4014
187.8	-70.4017
188	-70.4019
188.2	-70.4021
188.4	-70.4024
188.6	-70.4026
188.8	-70.4028
189	-70.4031
189.2	-70.4033
189.4	-70.4035
189.6	-70.4037
189.8	-70.404
190	-70.4042
190.2	-70.4044
190.4	-70.4047
190.6	-70.4049
190.8	-70.4051
191	-70.4053
191.2	-70.4056
191.4	-70.4058
191.6	-70.406
191.8	-70.4062
192	-70.4065
192.2	-70.4067
192.4	-70.4069
192.6	-70.4072
192.8	-70.4074
193	-70.4076
193.2	-70.4078
193.4	-70.4081
193.6	-70.4083
193.8	-70.4085
194	-70.4087
194.2	-70.4089
194.4	-70.4092
194.6	-70.4094
194.8	-70.4096
195	-70.4098
195.2	-70.4101
195.4	-70.4103
195.6	-70.4105
195.8	-70.4107
196	-70.4109
196.2	-70.4112
196.4	-70.4114
196.6	-70.4116
196.8	-70.4118
197	-70.412
197.2	-70.4122
197.4	-70.4125
197.6	-70.4127
197.8	-70.4129
198	-70.4131
198.2	-70.4133
198.4	-70.4136
198.6	-70.4138
198.8	-70.414
199	-70.4142
199.2	-70.4144
199.4	-70.4146
199.6	-70.4148
199.8	-70.4151
200	-70.4153
200.2	-70.4155
200.4	-70.4157
200.6	-70.4159
200.8	-70.4161
201	-70.4163
201.2	-70.4165
201.4	-70.4168
201.6	-70.417
201.8	-70.4172
202	-70.4174
202.2	-70.4176
202.4	-70.4178
202.6	-70.418
202.8	-70.4182
203	-70.4184
203.2	-70.4187
203.4	-70.4189
203.6	-70.4191
203.8	-70.4193
204	-70.4195
204.2	-70.4197
204.4	-70.4199
204.6	-70.4201
204.8	-70.4203
205	-70.4205
205.2	-70.4207
205.4	-70.4209
205.6	-70.4211
205.8	-70.4213
206	-70.4216
206.2	-70.4218
206.4	-70.422
206.6	-70.4222
206.8	-70.4224
207	-70.4226
207.2	-70.4228
207.4	-70.423
207.6	-70.4232
207.8	-70.4234
208	-70.4236
208.2	-70.4238
208.4	-70.424
208.6	-70.4242
208.8	-70.4244
209	-70.4246
209.2	-70.4248
209.4	-70.425
209.6	-70.4252
209.8	-70.4254
210	-70.4256
210.2	-70.4258
210.4	-70.426
210.6	-70.4262
210.8	-70.4264
211	-70.4266
211.2	-70.4268
211.4	-70.427
211.6	-70.4272
211.8	-70.4274
212	-70.4276
212.2	-70.4278
212.4	-70.428
212.6	-70.4282
212.8	-70.4284
213	-70.4286
213.2	-70.4288
213.4	-70.429
213.6	-70.4292
213.8	-70.4293
214	-70.4295
214.2	-70.4297
214.4	-70.4299
214.6	-70.4301
214.8	-70.4303
215	-70.4305
215.2	-70.4307
215.4	-70.4309
215.6	-70.4311
215.8	-70.4313
216	-70.4315
216.2	-70.4317
216.4	-70.4319
216.6	-70.432
216.8	-70.4322
217	-70.4324
217.2	-70.4326
217.4	-70.4328
217.6	-70.433
217.8	-70.4332
218	-70.4334
218.2	-70.4336
218.4	-70.4337
218.6	-70.4339
218.8	-70.4341
219	-70.4343
219.2	-70.4345
219.4	-70.4347
219.6	-70.4349
219.8	-70.4351
220	-70.4352
220.2	-70.4354
220.4	-70.4356
220.6	-70.4358
220.8	-70.436
221	-70.4362
221.2	-70.4364
221.4	-70.4365
221.6	-70.4367
221.8	-70.4369
222	-70.4371
222.2	-70.4373
222.4	-70.4375
222.6	-70.4377
222.8	-70.4378
223	-70.438
223.2	-70.4382
223.4	-70.4384
223.6	-70.4386
223.8	-70.4387
224	-70.4389
224.2	-70.4391
224.4	-70.4393
224.6	-70.4395
224.8	-70.4397
225	-70.4398
225.2	-70.44
225.4	-70.4402
225.6	-70.4404
225.8	-70.4406
226	-70.4407
226.2	-70.4409
226.4	-70.4411
226.6	-70.4413
226.8	-70.4414
227	-70.4416
227.2	-70.4418
227.4	-70.442
227.6	-70.4422
227.8	-70.4423
228	-70.4425
228.2	-70.4427
228.4	-70.4429
228.6	-70.443
228.8	-70.4432
229	-70.4434
229.2	-70.4436
229.4	-70.4437
229.6	-70.4439
229.8	-70.4441
230	-70.4443
230.2	-70.4444
230.4	-70.4446
230.6	-70.4448
230.8	-70.445
231	-70.4451
231.2	-70.4453
231.4	-70.4455
231.6	-70.4456
231.8	-70.4458
232	-70.446
232.2	-70.4462
232.4	-70.4463
232.6	-70.4465
232.8	-70.4467
233	-70.4468
233.2	-70.447
233.4	-70.4472
233.6	-70.4473
233.8	-70.4475
234	-70.4477
234.2	-70.4479
234.4	-70.448
234.6	-70.4482
234.8	-70.4484
235	-70.4485
235.2	-70.4487
235.4	-70.4489
235.6	-70.449
235.8	-70.4492
236	-70.4494
236.2	-70.4495
236.4	-70.4497
236.6	-70.4499
236.8	-70.45
237	-70.4502
237.2	-70.4504
237.4	-70.4505
237.6	-70.4507
237.8	-70.4509
238	-70.451
238.2	-70.4512
238.4	-70.4514
238.6	-70.4515
238.8	-70.4517
239	-70.4519
239.2	-70.452
239.4	-70.4522
239.6	-70.4523
239.8	-70.4525
240	-70.4527
240.2	-70.4528
240.4	-70.453
240.6	-70.4532
240.8	-70.4533
241	-70.4535
241.2	-70.4536
241.4	-70.4538
241.6	-70.454
241.8	-70.4541
242	-70.4543
242.2	-70.4544
242.4	-70.4546
242.6	-70.4548
242.8	-70.4549
243	-70.4551
243.2	-70.4552
243.4	-70.4554
243.6	-70.4556
243.8	-70.4557
244	-70.4559
244.2	-70.456
244.4	-70.4562
244.6	-70.4564
244.8	-70.4565
245	-70.4567
245.2	-70.4568
245.4	-70.457
245.6	-70.4571
245.8	-70.4573
246	-70.4574
246.2	-70.4576
246.4	-70.4578
246.6	-70.4579
246.8	-70.4581
247	-70.4582
247.2	-70.4584
247.4	-70.4585
247.6	-70.4587
247.8	-70.4588
248	-70.459
248.2	-70.4592
248.4	-70.4593
248.6	-70.4595
248.8	-70.4596
249	-70.4598
249.2	-70.4599
249.4	-70.4601
249.6	-70.4602
249.8	-70.4604
250	-70.4605
250.2	-70.4607
250.4	-70.4608
250.6	-70.461
250.8	-70.4611
251	-70.4613
251.2	-70.4614
251.4	-70.4616
251.6	-70.4617
251.8	-70.4619
252	-70.462
252.2	-70.4622
252.4	-70.4623
252.6	-70.4625
252.8	-70.4626
253	-70.4628
253.2	-70.4629
253.4	-70.4631
253.6	-70.4632
253.8	-70.4634
254	-70.4635
254.2	-70.4637
254.4	-70.4638
254.6	-70.464
254.8	-70.4641
255	-70.4643
255.2	-70.4644
255.4	-70.4645
255.6	-70.4647
255.8	-70.4648
256	-70.465
256.2	-70.4651
256.4	-70.4653
256.6	-70.4654
256.8	-70.4656
257	-70.4657
257.2	-70.4659
257.4	-70.466
257.6	-70.4661
257.8	-70.4663
258	-70.4664
258.2	-70.4666
258.4	-70.4667
258.6	-70.4669
258.8	-70.467
259	-70.4671
259.2	-70.4673
259.4	-70.4674
259.6	-70.4676
259.8	-70.4677
260	-70.4679
260.2	-70.468
260.4	-70.4681
260.6	-70.4683
260.8	-70.4684
261	-70.4686
261.2	-70.4687
261.4	-70.4688
261.6	-70.469
261.8	-70.4691
262	-70.4693
262.2	-70.4694
262.4	-70.4695
262.6	-70.4697
262.8	-70.4698
263	-70.47
263.2	-70.4701
263.4	-70.4702
263.6	-70.4704
263.8	-70.4705
264	-70.4707
264.2	-70.4708
264.4	-70.4709
264.6	-70.4711
264.8	-70.4712
265	-70.4713
265.2	-70.4715
265.4	-70.4716
265.6	-70.4717
265.8	-70.4719
266	-70.472
266.2	-70.4722
266.4	-70.4723
266.6	-70.4724
266.8	-70.4726
267	-70.4727
267.2	-70.4728
267.4	-70.473
267.6	-70.4731
267.8	-70.4732
268	-70.4734
268.2	-70.4735
268.4	-70.4736
268.6	-70.4738
268.8	-70.4739
269	-70.474
269.2	-70.4742
269.4	-70.4743
269.6	-70.4744
269.8	-70.4746
270	-70.4747
270.2	-70.4748
270.4	-70.475
270.6	-70.4751
270.8	-70.4752
271	-70.4754
271.2	-70.4755
271.4	-70.4756
271.6	-70.4758
271.8	-70.4759
272	-70.476
272.2	-70.4762
272.4	-70.4763
272.6	-70.4764
272.8	-70.4765
273	-70.4767
273.2	-70.4768
273.4	-70.4769
273.6	-70.4771
273.8	-70.4772
274	-70.4773
274.2	-70.4774
274.4	-70.4776
274.6	-70.4777
274.8	-70.4778
275	-70.478
275.2	-70.4781
275.4	-70.4782
275.6	-70.4783
275.8	-70.4785
276	-70.4786
276.2	-70.4787
276.4	-70.4789
276.6	-70.479
276.8	-70.4791
277	-70.4792
277.2	-70.4794
277.4	-70.4795
277.6	-70.4796
277.8	-70.4797
278	-70.4799
278.2	-70.48
278.4	-70.4801
278.6	-70.4802
278.8	-70.4804
279	-70.4805
279.2	-70.4806
279.4	-70.4807
279.6	-70.4809
279.8	-70.481
280	-70.4811
280.2	-70.4812
280.4	-70.4813
280.6	-70.4815
280.8	-70.4816
281	-70.4817
281.2	-70.4818
281.4	-70.482
281.6	-70.4821
281.8	-70.4822
282	-70.4823
282.2	-70.4825
282.4	-70.4826
282.6	-70.4827
282.8	-70.4828
283	-70.4829
283.2	-70.4831
283.4	-70.4832
283.6	-70.4833
283.8	-70.4834
284	-70.4835
284.2	-70.4837
284.4	-70.4838
284.6	-70.4839
284.8	-70.484
285	-70.4841
285.2	-70.4843
285.4	-70.4844
285.6	-70.4845
285.8	-70.4846
286	-70.4847
286.2	-70.4849
286.4	-70.485
286.6	-70.4851
286.8	-70.4852
287	-70.4853
287.2	-70.4854
287.4	-70.4856
287.6	-70.4857
287.8	-70.4858
288	-70.4859
288.2	-70.486
288.4	-70.4861
288.6	-70.4863
288.8	-70.4864
289	-70.4865
289.2	-70.4866
289.4	-70.4867
289.6	-70.4868
289.8	-70.487
290	-70.4871
290.2	-70.4872
290.4	-70.4873
290.6	-70.4874
290.8	-70.4875
291	-70.4876
291.2	-70.4878
291.4	-70.4879
291.6	-70.488
291.8	-70.4881
292	-70.4882
292.2	-70.4883
292.4	-70.4884
292.6	-70.4886
292.8	-70.4887
293	-70.4888
293.2	-70.4889
293.4	-70.489
293.6	-70.4891
293.8	-70.4892
294	-70.4893
294.2	-70.4895
294.4	-70.4896
294.6	-70.4897
294.8	-70.4898
295	-70.4899
295.2	-70.49
295.4	-70.4901
295.6	-70.4902
295.8	-70.4904
296	-70.4905
296.2	-70.4906
296.4	-70.4907
296.6	-70.4908
296.8	-70.4909
297	-70.491
297.2	-70.4911
297.4	-70.4912
297.6	-70.4913
297.8	-70.4915
298	-70.4916
298.2	-70.4917
298.4	-70.4918
298.6	-70.4919
298.8	-70.492
299	-70.4921
299.2	-70.4922
299.4	-70.4923
299.6	-70.4924
299.8	-70.4925
300	-70.4927
300.2	-70.4247
300.4	-70.3582
300.6	-70.2929
300.8	-70.229
301	-70.1664
301.2	-70.105
301.4	-70.0448
301.6	-69.9859
301.8	-69.9281
302	-69.8715
302.2	-69.8161
302.4	-69.7617
302.6	-69.7085
302.8	-69.6563
303	-69.6051
303.2	-69.555
303.4	-69.5059
303.6	-69.4578
303.8	-69.4106
304	-69.3644
304.2	-69.3192
304.4	-69.2748
304.6	-69.2313
304.8	-69.1888
305	-69.147
305.2	-69.1061
305.4	-69.066
305.6	-69.0268
305.8	-68.9883
306	-68.9506
306.2	-68.9137
306.4	-68.8775
306.6	-68.842
306.8	-68.8072
307	-68.7732
307.2	-68.7398
307.4	-68.7071
307.6	-68.6751
307.8	-68.6437
308	-68.613
308.2	-68.5828
308.4	-68.5533
308.6	-68.5244
308.8	-68.496
309	-68.4683
309.2	-68.4411
309.4	-68.4144
309.6	-68.3883
309.8	-68.3627
310	-68.3376
310.2	-68.313
310.4	-68.289
310.6	-68.2654
310.8	-68.2423
311	-68.2197
311.2	-68.1975
311.4	-68.1758
311.6	-68.1545
311.8	-68.1336
312	-68.1132
312.2	-68.0932
312.4	-68.0736
312.6	-68.0543
312.8	-68.0355
313	-68.0171
313.2	-67.999
313.4	-67.9813
313.6	-67.964
313.8	-67.947
314	-67.9304
314.2	-67.9141
314.4	-67.8981
314.6	-67.8825
314.8	-67.8672
315	-67.8521
315.2	-67.8375
315.4	-67.8231
315.6	-67.8089
315.8	-67.7951
316	-67.7816
316.2	-67.7683
316.4	-67.7554
316.6	-67.7426
316.8	-67.7302
317	-67.718
317.2	-67.706
317.4	-67.6943
317.6	-67.6828
317.8	-67.6716
318	-67.6606
318.2	-67.6498
318.4	-67.6393
318.6	-67.629
318.8	-67.6188
319	-67.6089
319.2	-67.5992
319.4	-67.5897
319.6	-67.5804
319.8	-67.5713
320	-67.5624
320.2	-67.5536
320.4	-67.5451
320.6	-67.5367
320.8	-67.5285
321	-67.5204
321.2	-67.5126
321.4	-67.5048
321.6	-67.4973
321.8	-67.4899
322	-67.4827
322.2	-67.4756
322.4	-67.4687
322.6	-67.4619
322.8	-67.4552
323	-67.4487
323.2	-67.4423
323.4	-67.4361
323.6	-67.43
323.8	-67.424
324	-67.4182
324.2	-67.4124
324.4	-67.4068
324.6	-67.4013
324.8	-67.396
325	-67.3907
325.2	-67.3856
325.4	-67.3805
325.6	-67.3756
325.8	-67.3708
326	-67.3661
326.2	-67.3614
326.4	-67.3569
326.6	-67.3525
326.8	-67.3482
327	-67.3439
327.2	-67.3398
327.4	-67.3357
327.6	-67.3317
327.8	-67.3279
328	-67.3241
328.2	-67.3203
328.4	-67.3167
328.6	-67.3131
328.8	-67.3097
329	-67.3063
329.2	-67.3029
329.4	-67.2997
329.6	-67.2965
329.8	-67.2934
330	-67.2903
330.2	-67.2874
330.4	-67.2845
330.6	-67.2816
330.8	-67.2788
331	-67.2761
331.2	-67.2734
331.4	-67.2708
331.6	-67.2683
331.8	-67.2658
332	-67.2634
332.2	-67.261
332.4	-67.2587
332.6	-67.2564
332.8	-67.2542
333	-67.252
333.2	-67.2499
333.4	-67.2479
333.6	-67.2458
333.8	-67.2439
334	-67.2419
334.2	-67.2401
334.4	-67.2382
334.6	-67.2364
334.8	-67.2347
335	-67.233
335.2	-67.2313
335.4	-67.2297
335.6	-67.2281
335.8	-67.2265
336	-67.225
336.2	-67.2235
336.4	-67.2221
336.6	-67.2206
336.8	-67.2193
337	-67.2179
337.2	-67.2166
337.4	-67.2154
337.6	-67.2141
337.8	-67.2129
338	-67.2117
338.2	-67.2106
338.4	-67.2094
338.6	-67.2083
338.8	-67.2073
339	-67.2062
339.2	-67.2052
339.4	-67.2042
339.6	-67.2033
339.8	-67.2023
340	-67.2014
340.2	-67.2005
340.4	-67.1997
340.6	-67.1988
340.8	-67.198
341	-67.1972
341.2	-67.1965
341.4	-67.1957
341.6	-67.195
341.8	-67.1943
342	-67.1936
342.2	-67.1929
342.4	-67.1923
342.6	-67.1916
342.8	-67.191
343	-67.1904
343.2	-67.1899
343.4	-67.1893
343.6	-67.1888
343.8	-67.1882
344	-67.1877
344.2	-67.1872
344.4	-67.1868
344.6	-67.1863
344.8	-67.1859
345	-67.1854
345.2	-67.185
345.4	-67.1846
345.6	-67.1842
345.8	-67.1839
346	-67.1835
346.2	-67.1832
346.4	-67.1828
346.6	-67.1825
346.8	-67.1822
347	-67.1819
347.2	-67.1816
347.4	-67.1813
347.6	-67.1811
347.8	-67.1808
348	-67.1806
348.2	-67.1804
348.4	-67.1801
348.6	-67.1799
348.8	-67.1797
349	-67.1795
349.2	-67.1794
349.4	-67.1792
349.6	-67.179
349.8	-67.1789
350	-67.1787
350.2	-67.1786
350.4	-67.1785
350.6	-67.1784
350.8	-67.1782
351	-67.1781
351.2	-67.178
351.4	-67.178
351.6	-67.1779
351.8	-67.1778
352	-67.1777
352.2	-67.1777
352.4	-67.1776
352.6	-67.1776
352.8	-67.1776
353	-67.1775
353.2	-67.1775
353.4	-67.1775
353.6	-67.1775
353.8	-67.1775
354	-67.1775
354.2	-67.1775
354.4	-67.1775
354.6	-67.1775
354.8	-67.1775
355	-67.1775
355.2	-67.1776
355.4	-67.1776
355.6	-67.1777
355.8	-67.1777
356	-67.1777
356.2	-67.1778
356.4	-67.1779
356.6	-67.1779
356.8	-67.178
357	-67.1781
357.2	-67.1781
357.4	-67.1782
357.6	-67.1783
357.8	-67.1784
358	-67.1785
358.2	-67.1786
358.4	-67.1787
358.6	-67.1788
358.8	-67.1789
359	-67.179
359.2	-67.1791
359.4	-67.1792
359.6	-67.1794
359.8	-67.1795
360	-67.1796
360.2	-67.1797
360.4	-67.1799
360.6	-67.18
360.8	-67.1801
361	-67.1803
361.2	-67.1804
361.4	-67.1806
361.6	-67.1807
361.8	-67.1809
362	-67.181
362.2	-67.1812
362.4	-67.1813
362.6	-67.1815
362.8	-67.1816
363	-67.1818
363.2	-67.182
363.4	-67.1821
363.6	-67.1823
363.8	-67.1825
364	-67.1826
364.2	-67.1828
364.4	-67.183
364.6	-67.1832
364.8	-67.1834
365	-67.1835
365.2	-67.1837
365.4	-67.1839
365.6	-67.1841
365.8	-67.1843
366	-67.1845
366.2	-67.1847
366.4	-67.1849
366.6	-67.1851
366.8	-67.1852
367	-67.1854
367.2	-67.1856
367.4	-67.1858
367.6	-67.186
367.8	-67.1862
368	-67.1864
368.2	-67.1866
368.4	-67.1869
368.6	-67.1871
368.8	-67.1873
369	-67.1875
369.2	-67.1877
369.4	-67.1879
369.6	-67.1881
369.8	-67.1883
370	-67.1885
370.2	-67.1887
370.4	-67.189
370.6	-67.1892
370.8	-67.1894
371	-67.1896
371.2	-67.1898
371.4	-67.19
371.6	-67.1903
371.8	-67.1905
372	-67.1907
372.2	-67.1909
372.4	-67.1911
372.6	-67.1914
372.8	-67.1916
373	-67.1918
373.2	-67.192
373.4	-67.1923
373.6	-67.1925
373.8	-67.1927
374	-67.1929
374.2	-67.1932
374.4	-67.1934
374.6	-67.1936
374.8	-67.1938
375	-67.1941
375.2	-67.1943
375.4	-67.1945
375.6	-67.1948
375.8	-67.195
376	-67.1952
376.2	-67.1954
376.4	-67.1957
376.6	-67.1959
376.8	-67.1961
377	-67.1964
377.2	-67.1966
377.4	-67.1968
377.6	-67.1971
377.8	-67.1973
378	-67.1975
378.2	-67.1978
378.4	-67.198
378.6	-67.1982
378.8	-67.1985
379	-67.1987
379.2	-67.1989
379.4	-67.1992
379.6	-67.1994
379.8	-67.1996
380	-67.1999
380.2	-67.2001
380.4	-67.2003
380.6	-67.2006
380.8	-67.2008
381	-67.201
381.2	-67.2013
381.4	-67.2015
381.6	-67.2017
381.8	-67.202
382	-67.2022
382.2	-67.2025
382.4	-67.2027
382.6	-67.2029
382.8	-67.2032
383	-67.2034
383.2	-67.2036
383.4	-67.2039
383.6	-67.2041
383.8	-67.2043
384	-67.2046
384.2	-67.2048
384.4	-67.205
384.6	-67.2053
384.8	-67.2055
385	-67.2057
385.2	-67.206
385.4	-67.2062
385.6	-67.2065
385.8	-67.2067
386	-67.2069
386.2	-67.2072
386.4	-67.2074
386.6	-67.2076
386.8	-67.2079
387	-67.2081
387.2	-67.2083
387.4	-67.2086
387.6	-67.2088
387.8	-67.209
388	-67.2093
388.2	-67.2095
388.4	-67.2097
388.6	-67.21
388.8	-67.2102
389	-67.2104
389.2	-67.2107
389.4	-67.2109
389.6	-67.2111
389.8	-67.2114
390	-67.2116
390.2	-67.2118
390.4	-67.2121
390.6	-67.2123
390.8	-67.2125
391	-67.2128
391.2	-67.213
391.4	-67.2132
391.6	-67.2135
391.8	-67.2137
392	-67.2139
392.2	-67.2142
392.4	-67.2144
392.6	-67.2146
392.8	-67.2149
393	-67.2151
393.2	-67.2153
393.4	-67.2155
393.6	-67.2158
393.8	-67.216
394	-67.2162
394.2	-67.2165
394.4	-67.2167
394.6	-67.2169
394.8	-67.2171
395	-67.2174
395.2	-67.2176
395.4	-67.2178
395.6	-67.2181
395.8	-67.2183
396	-67.2185
396.2	-67.2187
396.4	-67.219
396.6	-67.2192
396.8	-67.2194
397	-67.2197
397.2	-67.2199
397.4	-67.2201
397.6	-67.2203
397.8	-67.2206
398	-67.2208
398.2	-67.221
398.4	-67.2212
398.6	-67.2215
398.8	-67.2217
399	-67.2219
399.2	-67.2221
399.4	-67.2224
399.6	-67.2226
399.8	-67.2228
400	-67.223
400.2	-67.2233
400.4	-67.2235
400.6	-67.2237
400.8	-67.2239
401	-67.2241
401.2	-67.2244
401.4	-67.2246
401.6	-67.2248
401.8	-67.225
402	-67.2253
402.2	-67.2255
402.4	-67.2257
402.6	-67.2259
402.8	-67.2261
403	-67.2263
403.2	-67.2266
403.4	-67.2268
403.6	-67.227
403.8	-67.2272
404	-67.2274
404.2	-67.2277
404.4	-67.2279
404.6	-67.2281
404.8	-67.2283
405	-67.2285
405.2	-67.2288
405.4	-67.229
405.6	-67.2292
405.8	-67.2294
406	-67.2296
406.2	-67.2298
406.4	-67.2301
406.6	-67.2303
406.8	-67.2305
407	-67.2307
407.2	-67.2309
407.4	-67.2311
407.6	-67.2313
407.8	-67.2316
408	-67.2318
408.2	-67.232
408.4	-67.2322
408.6	-67.2324
408.8	-67.2326
409	-67.2328
409.2	-67.2331
409.4	-67.2333
409.6	-67.2335
409.8	-67.2337
410	-67.2339
410.2	-67.2341
410.4	-67.2343
410.6	-67.2345
410.8	-67.2347
411	-67.235
411.2	-67.2352
411.4	-67.2354
411.6	-67.2356
411.8	-67.2358
412	-67.236
412.2	-67.2362
412.4	-67.2364
412.6	-67.2366
412.8	-67.2368
413	-67.2371
413.2	-67.2373
413.4	-67.2375
413.6	-67.2377
413.8	-67.2379
414	-67.2381
414.2	-67.2383
414.4	-67.2385
414.6	-67.2387
414.8	-67.2389
415	-67.2391
415.2	-67.2393
415.4	-67.2395
415.6	-67.2397
415.8	-67.2399
416	-67.2401
416.2	-67.2403
416.4	-67.2406
416.6	-67.2408
416.8	-67.241
417	-67.2412
417.2	-67.2414
417.4	-67.2416
417.6	-67.2418
417.8	-67.242
418	-67.2422
418.2	-67.2424
418.4	-67.2426
418.6	-67.2428
418.8	-67.243
419	-67.2432
419.2	-67.2434
419.4	-67.2436
419.6	-67.2438
419.8	-67.244
420	-67.2442
420.2	-67.2444
420.4	-67.2446
420.6	-67.2448
420.8	-67.245
421	-67.2452
421.2	-67.2454
421.4	-67.2456
421.6	-67.2458
421.8	-67.246
422	-67.2462
422.2	-67.2464
422.4	-67.2466
422.6	-67.2468
422.8	-67.247
423	-67.2471
423.2	-67.2473
423.4	-67.2475
423.6	-67.2477
423.8	-67.2479
424	-67.2481
424.2	-67.2483
424.4	-67.2485
424.6	-67.2487
424.8	-67.2489
425	-67.2491
425.2	-67.2493
425.4	-67.2495
425.6	-67.2497
425.8	-67.2499
426	-67.2501
426.2	-67.2503
426.4	-67.2504
426.6	-67.2506
426.8	-67.2508
427	-67.251
427.2	-67.2512
427.4	-67.2514
427.6	-67.2516
427.8	-67.2518
428	-67.252
428.2	-67.2522
428.4	-67.2523
428.6	-67.2525
428.8	-67.2527
429	-67.2529
429.2	-67.2531
429.4	-67.2533
429.6	-67.2535
429.8	-67.2537
430	-67.2539
430.2	-67.2541
430.4	-67.2542
430.6	-67.2544
430.8	-67.2546
431	-67.2548
431.2	-67.255
431.4	-67.2552
431.6	-67.2554
431.8	-67.2555
432	-67.2557
432.2	-67.2559
432.4	-67.2561
432.6	-67.2563
432.8	-67.2565
433	-67.2567
433.2	-67.2568
433.4	-67.257
433.6	-67.2572
433.8	-67.2574
434	-67.2576
434.2	-67.2578
434.4	-67.2579
434.6	-67.2581
434.8	-67.2583
435	-67.2585
435.2	-67.2587
435.4	-67.2589
435.6	-67.259
435.8	-67.2592
436	-67.2594
436.2	-67.2596
436.4	-67.2598
436.6	-67.2599
436.8	-67.2601
437	-67.2603
437.2	-67.2605
437.4	-67.2607
437.6	-67.2608
437.8	-67.261
438	-67.2612
438.2	-67.2614
438.4	-67.2616
438.6	-67.2617
438.8	-67.2619
439	-67.2621
439.2	-67.2623
439.4	-67.2624
439.6	-67.2626
439.8	-67.2628
440	-67.263
440.2	-67.2631
440.4	-67.2633
440.6	-67.2635
440.8	-67.2637
441	-67.2638
441.2	-67.264
441.4	-67.2642
441.6	-67.2644
441.8	-67.2645
442	-67.2647
442.2	-67.2649
442.4	-67.2651
442.6	-67.2652
442.8	-67.2654
443	-67.2656
443.2	-67.2658
443.4	-67.2659
443.6	-67.2661
443.8	-67.2663
444	-67.2665
444.2	-67.2666
444.4	-67.2668
444.6	-67.267
444.8	-67.2671
445	-67.2673
445.2	-67.2675
445.4	-67.2677
445.6	-67.2678
445.8	-67.268
446	-67.2682
446.2	-67.2683
446.4	-67.2685
446.6	-67.2687
446.8	-67.2688
447	-67.269
447.2	-67.2692
447.4	-67.2694
447.6	-67.2695
447.8	-67.2697
448	-67.2699
448.2	-67.27
448.4	-67.2702
448.6	-67.2704
448.8	-67.2705
449	-67.2707
449.2	-67.2709
449.4	-67.271
449.6	-67.2712
449.8	-67.2714
450	-67.2715
450.2	-67.2717
450.4	-67.2719
450.6	-67.272
450.8	-67.2722
451	-67.2724
451.2	-67.2725
451.4	-67.2727
451.6	-67.2729
451.8	-67.273
452	-67.2732
452.2	-67.2733
452.4	-67.2735
452.6	-67.2737
452.8	-67.2738
453	-67.274
453.2	-67.2742
453.4	-67.2743
453.6	-67.2745
453.8	-67.2746
454	-67.2748
454.2	-67.275
454.4	-67.2751
454.6	-67.2753
454.8	-67.2755
455	-67.2756
455.2	-67.2758
455.4	-67.2759
455.6	-67.2761
455.8	-67.2763
456	-67.2764
456.2	-67.2766
456.4	-67.2767
456.6	-67.2769
456.8	-67.2771
457	-67.2772
457.2	-67.2774
457.4	-67.2775
457.6	-67.2777
457.8	-67.2778
458	-67.278
458.2	-67.2782
458.4	-67.2783
458.6	-67.2785
458.8	-67.2786
459	-67.2788
459.2	-67.279
459.4	-67.2791
459.6	-67.2793
459.8	-67.2794
460	-67.2796
460.2	-67.2797
460.4	-67.2799
460.6	-67.28
460.8	-67.2802
461	-67.2804
461.2	-67.2805
461.4	-67.2807
461.6	-67.2808
461.8	-67.281
462	-67.2811
462.2	-67.2813
462.4	-67.2814
462.6	-67.2816
462.8	-67.2817
463	-67.2819
463.2	-67.2821
463.4	-67.2822
463.6	-67.2824
463.8	-67.2825
464	-67.2827
464.2	-67.2828
464.4	-67.283
464.6	-67.2831
464.8	-67.2833
465	-67.2834
465.2	-67.2836
465.4	-67.2837
465.6	-67.2839
465.8	-67.284
466	-67.2842
466.2	-67.2843
466.4	-67.2845
466.6	-67.2846
466.8	-67.2848
467	-67.2849
467.2	-67.2851
467.4	-67.2852
467.6	-67.2854
467.8	-67.2855
468	-67.2857
468.2	-67.2858
468.4	-67.286
468.6	-67.2861
468.8	-67.2863
469	-67.2864
469.2	-67.2866
469.4	-67.2867
469.6	-67.2868
469.8	-67.287
470	-67.2871
470.2	-67.2873
470.4	-67.2874
470.6	-67.2876
470.8	-67.2877
471	-67.2879
471.2	-67.288
471.4	-67.2882
471.6	-67.2883
471.8	-67.2885
472	-67.2886
472.2	-67.2887
472.4	-67.2889
472.6	-67.289
472.8	-67.2892
473	-67.2893
473.2	-67.2895
473.4	-67.2896
473.6	-67.2897
473.8	-67.2899
474	-67.29
474.2	-67.2902
474.4	-67.2903
474.6	-67.2905
474.8	-67.2906
475	-67.2907
475.2	-67.2909
475.4	-67.291
475.6	-67.2912
475.8	-67.2913
476	-67.2915
476.2	-67.2916
476.4	-67.2917
476.6	-67.2919
476.8	-67.292
477	-67.2922
477.2	-67.2923
477.4	-67.2924
477.6	-67.2926
477.8	-67.2927
478	-67.2929
478.2	-67.293
478.4	-67.2931
478.6	-67.2933
478.8	-67.2934
479	-67.2936
479.2	-67.2937
479.4	-67.2938
479.6	-67.294
479.8	-67.2941
480	-67.2943
480.2	-67.2944
480.4	-67.2945
480.6	-67.2947
480.8	-67.2948
481	-67.2949
481.2	-67.2951
481.4	-67.2952
481.6	-67.2953
481.8	-67.2955
482	-67.2956
482.2	-67.2958
482.4	-67.2959
482.6	-67.296
482.8	-67.2962
483	-67.2963
483.2	-67.2964
483.4	-67.2966
483.6	-67.2967
483.8	-67.2968
484	-67.297
484.2	-67.2971
484.4	-67.2972
484.6	-67.2974
484.8	-67.2975
485	-67.2976
485.2	-67.2978
485.4	-67.2979
485.6	-67.298
485.8	-67.2982
486	-67.2983
486.2	-67.2984
486.4	-67.2986
486.6	-67.2987
486.8	-67.2988
487	-67.299
487.2	-67.2991
487.4	-67.2992
487.6	-67.2994
487.8	-67.2995
488	-67.2996
488.2	-67.2998
488.4	-67.2999
488.6	-67.3
488.8	-67.3002
489	-67.3003
489.2	-67.3004
489.4	-67.3005
489.6	-67.3007
489.8	-67.3008
490	-67.3009
490.2	-67.3011
490.4	-67.3012
490.6	-67.3013
490.8	-67.3015
491	-67.3016
491.2	-67.3017
491.4	-67.3018
491.6	-67.302
491.8	-67.3021
492	-67.3022
492.2	-67.3024
492.4	-67.3025
492.6	-67.3026
492.8	-67.3027
493	-67.3029
493.2	-67.303
493.4	-67.3031
493.6	-67.3032
493.8	-67.3034
494	-67.3035
494.2	-67.3036
494.4	-67.3037
494.6	-67.3039
494.8	-67.304
495	-67.3041
495.2	-67.3043
495.4	-67.3044
495.6	-67.3045
495.8	-67.3046
496	-67.3047
496.2	-67.3049
496.4	-67.305
496.6	-67.3051
496.8	-67.3053
497	-67.3054
497.2	-67.3055
497.4	-67.3056
497.6	-67.3057
497.8	-67.3059
498	-67.306
498.2	-67.3061
498.4	-67.3062
498.6	-67.3064
498.8	-67.3065
499	-67.3066
499.2	-67.3067
499.4	-67.3069
499.6	-67.307
499.8	-67.3071
500	-67.3072
500.2	-67.3073
500.4	-67.3075
500.6	-67.3076
500.8	-67.3077
501	-67.3078
501.2	-67.3079
501.4	-67.3081
501.6	-67.3082
501.8	-67.3083
502	-67.3084
502.2	-67.3085
502.4	-67.3087
502.6	-67.3088
502.8	-67.3089
503	-67.309
503.2	-67.3092
503.4	-67.3093
503.6	-67.3094
503.8	-67.3095
504	-67.3096
504.2	-67.3097
504.4	-67.3099
504.6	-67.31
504.8	-67.3101
505	-67.3102
505.2	-67.3103
505.4	-67.3105
505.6	-67.3106
505.8	-67.3107
506	-67.3108
506.2	-67.3109
506.4	-67.311
506.6	-67.3112
506.8	-67.3113
507	-67.3114
507.2	-67.3115
507.4	-67.3116
507.6	-67.3117
507.8	-67.3119
508	-67.312
508.2	-67.3121
508.4	-67.3122
508.6	-67.3123
508.8	-67.3124
509	-67.3125
509.2	-67.3127
509.4	-67.3128
509.6	-67.3129
509.8	-67.313
510	-67.3131
510.2	-67.3132
510.4	-67.3134
510.6	-67.3135
510.8	-67.3136
511	-67.3137
511.2	-67.3138
511.4	-67.3139
511.6	-67.314
511.8	-67.3141
512	-67.3143
512.2	-67.3144
512.4	-67.3145
512.6	-67.3146
512.8	-67.3147
513	-67.3148
513.2	-67.3149
513.4	-67.315
513.6	-67.3152
513.8	-67.3153
514	-67.3154
514.2	-67.3155
514.4	-67.3156
514.6	-67.3157
514.8	-67.3158
515	-67.3159
515.2	-67.316
515.4	-67.3162
515.6	-67.3163
515.8	-67.3164
516	-67.3165
516.2	-67.3166
516.4	-67.3167
516.6	-67.3168
516.8	-67.3169
517	-67.317
517.2	-67.3172
517.4	-67.3173
517.6	-67.3174
517.8	-67.3175
518	-67.3176
518.2	-67.3177
518.4	-67.3178
518.6	-67.3179
518.8	-67.318
519	-67.3181
519.2	-67.3182
519.4	-67.3184
519.6	-67.3185
519.8	-67.3186
520	-67.3187
520.2	-67.3188
520.4	-67.3189
520.6	-67.319
520.8	-67.3191
521	-67.3192
521.2	-67.3193
521.4	-67.3194
521.6	-67.3195
521.8	-67.3196
522	-67.3197
522.2	-67.3198
522.4	-67.32
522.6	-67.3201
522.8	-67.3202
523	-67.3203
523.2	-67.3204
523.4	-67.3205
523.6	-67.3206
523.8	-67.3207
524	-67.3208
524.2	-67.3209
524.4	-67.321
524.6	-67.3211
524.8	-67.3212
525	-67.3213
525.2	-67.3214
525.4	-67.3215
525.6	-67.3216
525.8	-67.3217
526	-67.3218
526.2	-67.3219
526.4	-67.322
526.6	-67.3222
526.8	-67.3223
527	-67.3224
527.2	-67.3225
527.4	-67.3226
527.6	-67.3227
527.8	-67.3228
528	-67.3229
528.2	-67.323
528.4	-67.3231
528.6	-67.3232
528.8	-67.3233
529	-67.3234
529.2	-67.3235
529.4	-67.3236
529.6	-67.3237
529.8	-67.3238
530	-67.3239
530.2	-67.324
530.4	-67.3241
530.6	-67.3242
530.8	-67.3243
531	-67.3244
531.2	-67.3245
531.4	-67.3246
531.6	-67.3247
531.8	-67.3248
532	-67.3249
532.2	-67.325
532.4	-67.3251
532.6	-67.3252
532.8	-67.3253
533	-67.3254
533.2	-67.3255
533.4	-67.3256
533.6	-67.3257
533.8	-67.3258
534	-67.3259
534.2	-67.326
534.4	-67.3261
534.6	-67.3262
534.8	-67.3263
535	-67.3264
535.2	-67.3265
535.4	-67.3266
535.6	-67.3267
535.8	-67.3268
536	-67.3269
536.2	-67.327
536.4	-67.3271
536.6	-67.3272
536.8	-67.3273
537	-67.3274
537.2	-67.3274
537.4	-67.3275
537.6	-67.3276
537.8	-67.3277
538	-67.3278
538.2	-67.3279
538.4	-67.328
538.6	-67.3281
538.8	-67.3282
539	-67.3283
539.2	-67.3284
539.4	-67.3285
539.6	-67.3286
539.8	-67.3287
540	-67.3288
540.2	-67.3289
540.4	-67.329
540.6	-67.3291
540.8	-67.3292
541	-67.3293
541.2	-67.3294
541.4	-67.3295
541.6	-67.3296
541.8	-67.3296
542	-67.3297
542.2	-67.3298
542.4	-67.3299
542.6	-67.33
542.8	-67.3301
543	-67.3302
543.2	-67.3303
543.4	-67.3304
543.6	-67.3305
543.8	-67.3306
544	-67.3307
544.2	-67.3308
544.4	-67.3309
544.6	-67.3309
544.8	-67.331
545	-67.3311
545.2	-67.3312
545.4	-67.3313
545.6	-67.3314
545.8	-67.3315
546	-67.3316
546.2	-67.3317
546.4	-67.3318
546.6	-67.3319
546.8	-67.332
547	-67.332
547.2	-67.3321
547.4	-67.3322
547.6	-67.3323
547.8	-67.3324
548	-67.3325
548.2	-67.3326
548.4	-67.3327
548.6	-67.3328
548.8	-67.3329
549	-67.333
549.2	-67.333
549.4	-67.3331
549.6	-67.3332
549.8	-67.3333
550	-67.3334
550.2	-67.3335
550.4	-67.3336
550.6	-67.3337
550.8	-67.3338
551	-67.3338
551.2	-67.3339
551.4	-67.334
551.6	-67.3341
551.8	-67.3342
552	-67.3343
552.2	-67.3344
552.4	-67.3345
552.6	-67.3346
552.8	-67.3346
553	-67.3347
553.2	-67.3348
553.4	-67.3349
553.6	-67.335
553.8	-67.3351
554	-67.3352
554.2	-67.3353
554.4	-67.3353
554.6	-67.3354
554.8	-67.3355
555	-67.3356
555.2	-67.3357
555.4	-67.3358
555.6	-67.3359
555.8	-67.3359
556	-67.336
556.2	-67.3361
556.4	-67.3362
556.6	-67.3363
556.8	-67.3364
557	-67.3365
557.2	-67.3365
557.4	-67.3366
557.6	-67.3367
557.8	-67.3368
558	-67.3369
558.2	-67.337
558.4	-67.3371
558.6	-67.3371
558.8	-67.3372
559	-67.3373
559.2	-67.3374
559.4	-67.3375
559.6	-67.3376
559.8	-67.3376
560	-67.3377
560.2	-67.3378
560.4	-67.3379
560.6	-67.338
560.8	-67.3381
561	-67.3382
561.2	-67.3382
561.4	-67.3383
561.6	-67.3384
561.8	-67.3385
562	-67.3386
562.2	-67.3387
562.4	-67.3387
562.6	-67.3388
562.8	-67.3389
563	-67.339
563.2	-67.3391
563.4	-67.3391
563.6	-67.3392
563.8	-67.3393
564	-67.3394
564.2	-67.3395
564.4	-67.3396
564.6	-67.3396
564.8	-67.3397
565	-67.3398
565.2	-67.3399
565.4	-67.34
565.6	-67.34
565.8	-67.3401
566	-67.3402
566.2	-67.3403
566.4	-67.3404
566.6	-67.3404
566.8	-67.3405
567	-67.3406
567.2	-67.3407
567.4	-67.3408
567.6	-67.3409
567.8	-67.3409
568	-67.341
568.2	-67.3411
568.4	-67.3412
568.6	-67.3412
568.8	-67.3413
569	-67.3414
569.2	-67.3415
569.4	-67.3416
569.6	-67.3416
569.8	-67.3417
570	-67.3418
570.2	-67.3419
570.4	-67.342
570.6	-67.342
570.8	-67.3421
571	-67.3422
571.2	-67.3423
571.4	-67.3424
571.6	-67.3424
571.8	-67.3425
572	-67.3426
572.2	-67.3427
572.4	-67.3427
572.6	-67.3428
572.8	-67.3429
573	-67.343
573.2	-67.3431
573.4	-67.3431
573.6	-67.3432
573.8	-67.3433
574	-67.3434
574.2	-67.3434
574.4	-67.3435
574.6	-67.3436
574.8	-67.3437
575	-67.3438
575.2	-67.3438
575.4	-67.3439
575.6	-67.344
575.8	-67.3441
576	-67.3441
576.2	-67.3442
576.4	-67.3443
576.6	-67.3444
576.8	-67.3444
577	-67.3445
577.2	-67.3446
577.4	-67.3447
577.6	-67.3447
577.8	-67.3448
578	-67.3449
578.2	-67.345
578.4	-67.345
578.6	-67.3451
578.8	-67.3452
579	-67.3453
579.2	-67.3453
579.4	-67.3454
579.6	-67.3455
579.8	-67.3456
580	-67.3456
580.2	-67.3457
580.4	-67.3458
580.6	-67.3459
580.8	-67.3459
581	-67.346
581.2	-67.3461
581.4	-67.3461
581.6	-67.3462
581.8	-67.3463
582	-67.3464
582.2	-67.3464
582.4	-67.3465
582.6	-67.3466
582.8	-67.3467
583	-67.3467
583.2	-67.3468
583.4	-67.3469
583.6	-67.347
583.8	-67.347
584	-67.3471
584.2	-67.3472
584.4	-67.3472
584.6	-67.3473
584.8	-67.3474
585	-67.3475
585.2	-67.3475
585.4	-67.3476
585.6	-67.3477
585.8	-67.3477
586	-67.3478
586.2	-67.3479
586.4	-67.348
586.6	-67.348
586.8	-67.3481
587	-67.3482
587.2	-67.3482
587.4	-67.3483
587.6	-67.3484
587.8	-67.3485
588	-67.3485
588.2	-67.3486
588.4	-67.3487
588.6	-67.3487
588.8	-67.3488
589	-67.3489
589.2	-67.3489
589.4	-67.349
589.6	-67.3491
589.8	-67.3492
590	-67.3492
590.2	-67.3493
590.4	-67.3494
590.6	-67.3494
590.8	-67.3495
591	-67.3496
591.2	-67.3496
591.4	-67.3497
591.6	-67.3498
591.8	-67.3499
592	-67.3499
592.2	-67.35
592.4	-67.3501
592.6	-67.3501
592.8	-67.3502
593	-67.3503
593.2	-67.3503
593.4	-67.3504
593.6	-67.3505
593.8	-67.3505
594	-67.3506
594.2	-67.3507
594.4	-67.3507
594.6	-67.3508
594.8	-67.3509
595	-67.3509
595.2	-67.351
595.4	-67.3511
595.6	-67.3512
595.8	-67.3512
596	-67.3513
596.2	-67.3513
596.4	-67.3514
596.6	-67.3515
596.8	-67.3515
597	-67.3516
597.2	-67.3517
597.4	-67.3518
597.6	-67.3518
597.8	-67.3519
598	-67.352
598.2	-67.352
598.4	-67.3521
598.6	-67.3521
598.8	-67.3522
599	-67.3523
599.2	-67.3523
599.4	-67.3524
599.6	-67.3525
599.8	-67.3525
600	-67.3526
600.2	-67.3527
600.4	-67.3527
600.6	-67.3528
600.8	-67.3529
601	-67.3529
601.2	-67.353
601.4	-67.3531
601.6	-67.3531
601.8	-67.3532
602	-67.3533
602.2	-67.3533
602.4	-67.3534
602.6	-67.3535
602.8	-67.3535
603	-67.3536
603.2	-67.3536
603.4	-67.3537
603.6	-67.3538
603.8	-67.3538
604	-67.3539
604.2	-67.354
604.4	-67.354
604.6	-67.3541
604.8	-67.3542
605	-67.3542
605.2	-67.3543
605.4	-67.3543
605.6	-67.3544
605.8	-67.3545
606	-67.3545
606.2	-67.3546
606.4	-67.3547
606.6	-67.3547
606.8	-67.3548
607	-67.3549
607.2	-67.3549
607.4	-67.355
607.6	-67.355
607.8	-67.3551
608	-67.3552
608.2	-67.3552
608.4	-67.3553
608.6	-67.3554
608.8	-67.3554
609	-67.3555
609.2	-67.3555
609.4	-67.3556
609.6	-67.3557
609.8	-67.3557
610	-67.3558
610.2	-67.3559
610.4	-67.3559
610.6	-67.356
610.8	-67.356
611	-67.3561
611.2	-67.3562
611.4	-67.3562
611.6	-67.3563
611.8	-67.3563
612	-67.3564
612.2	-67.3565
612.4	-67.3565
612.6	-67.3566
612.8	-67.3566
613	-67.3567
613.2	-67.3568
613.4	-67.3568
613.6	-67.3569
613.8	-67.3569
614	-67.357
614.2	-67.3571
614.4	-67.3571
614.6	-67.3572
614.8	-67.3572
615	-67.3573
615.2	-67.3574
615.4	-67.3574
615.6	-67.3575
615.8	-67.3575
616	-67.3576
616.2	-67.3577
616.4	-67.3577
616.6	-67.3578
616.8	-67.3578
617	-67.3579
617.2	-67.358
617.4	-67.358
617.6	-67.3581
617.8	-67.3581
618	-67.3582
618.2	-67.3583
618.4	-67.3583
618.6	-67.3584
618.8	-67.3584
619	-67.3585
619.2	-67.3585
619.4	-67.3586
619.6	-67.3587
619.8	-67.3587
620	-67.3588
620.2	-67.3588
620.4	-67.3589
620.6	-67.3589
620.8	-67.359
621	-67.3591
621.2	-67.3591
621.4	-67.3592
621.6	-67.3592
621.8	-67.3593
622	-67.3594
622.2	-67.3594
622.4	-67.3595
622.6	-67.3595
622.8	-67.3596
623	-67.3596
623.2	-67.3597
623.4	-67.3597
623.6	-67.3598
623.8	-67.3599
624	-67.3599
624.2	-67.36
624.4	-67.36
624.6	-67.3601
624.8	-67.3601
625	-67.3602
625.2	-67.3603
625.4	-67.3603
625.6	-67.3604
625.8	-67.3604
626	-67.3605
626.2	-67.3605
626.4	-67.3606
626.6	-67.3606
626.8	-67.3607
627	-67.3608
627.2	-67.3608
627.4	-67.3609
627.6	-67.3609
627.8	-67.361
628	-67.361
628.2	-67.3611
628.4	-67.3611
628.6	-67.3612
628.8	-67.3613
629	-67.3613
629.2	-67.3614
629.4	-67.3614
629.6	-67.3615
629.8	-67.3615
630	-67.3616
630.2	-67.3616
630.4	-67.3617
630.6	-67.3617
630.8	-67.3618
631	-67.3619
631.2	-67.3619
631.4	-67.362
631.6	-67.362
631.8	-67.3621
632	-67.3621
632.2	-67.3622
632.4	-67.3622
632.6	-67.3623
632.8	-67.3623
633	-67.3624
633.2	-67.3624
633.4	-67.3625
633.6	-67.3625
633.8	-67.3626
634	-67.3627
634.2	-67.3627
634.4	-67.3628
634.6	-67.3628
634.8	-67.3629
635	-67.3629
635.2	-67.363
635.4	-67.363
635.6	-67.3631
635.8	-67.3631
636	-67.3632
636.2	-67.3632
636.4	-67.3633
636.6	-67.3633
636.8	-67.3634
637	-67.3634
637.2	-67.3635
637.4	-67.3635
637.6	-67.3636
637.8	-67.3637
638	-67.3637
638.2	-67.3638
638.4	-67.3638
638.6	-67.3639
638.8	-67.3639
639	-67.364
639.2	-67.364
639.4	-67.3641
639.6	-67.3641
639.8	-67.3642
640	-67.3642
640.2	-67.3643
640.4	-67.3643
640.6	-67.3644
640.8	-67.3644
641	-67.3645
641.2	-67.3645
641.4	-67.3646
641.6	-67.3646
641.8	-67.3647
642	-67.3647
642.2	-67.3648
642.4	-67.3648
642.6	-67.3649
642.8	-67.3649
643	-67.365
643.2	-67.365
643.4	-67.3651
643.6	-67.3651
643.8	-67.3652
644	-67.3652
644.2	-67.3653
644.4	-67.3653
644.6	-67.3654
644.8	-67.3654
645	-67.3655
645.2	-67.3655
645.4	-67.3656
645.6	-67.3656
645.8	-67.3657
646	-67.3657
646.2	-67.3658
646.4	-67.3658
646.6	-67.3659
646.8	-67.3659
647	-67.366
647.2	-67.366
647.4	-67.3661
647.6	-67.3661
647.8	-67.3662
648	-67.3662
648.2	-67.3663
648.4	-67.3663
648.6	-67.3664
648.8	-67.3664
649	-67.3665
649.2	-67.3665
649.4	-67.3666
649.6	-67.3666
649.8	-67.3667
650	-67.3667
650.2	-67.3667
650.4	-67.3668
650.6	-67.3668
650.8	-67.3669
651	-67.3669
651.2	-67.367
651.4	-67.367
651.6	-67.3671
651.8	-67.3671
652	-67.3672
652.2	-67.3672
652.4	-67.3673
652.6	-67.3673
652.8	-67.3674
653	-67.3674
653.2	-67.3675
653.4	-67.3675
653.6	-67.3676
653.8	-67.3676
654	-67.3677
654.2	-67.3677
654.4	-67.3677
654.6	-67.3678
654.8	-67.3678
655	-67.3679
655.2	-67.3679
655.4	-67.368
655.6	-67.368
655.8	-67.3681
656	-67.3681
656.2	-67.3682
656.4	-67.3682
656.6	-67.3683
656.8	-67.3683
657	-67.3683
657.2	-67.3684
657.4	-67.3684
657.6	-67.3685
657.8	-67.3685
658	-67.3686
658.2	-67.3686
658.4	-67.3687
658.6	-67.3687
658.8	-67.3688
659	-67.3688
659.2	-67.3689
659.4	-67.3689
659.6	-67.3689
659.8	-67.369
660	-67.369
660.2	-67.3691
660.4	-67.3691
660.6	-67.3692
660.8	-67.3692
661	-67.3693
661.2	-67.3693
661.4	-67.3693
661.6	-67.3694
661.8	-67.3694
662	-67.3695
662.2	-67.3695
662.4	-67.3696
662.6	-67.3696
662.8	-67.3697
663	-67.3697
663.2	-67.3698
663.4	-67.3698
663.6	-67.3698
663.8	-67.3699
664	-67.3699
664.2	-67.37
664.4	-67.37
664.6	-67.3701
664.8	-67.3701
665	-67.3701
665.2	-67.3702
665.4	-67.3702
665.6	-67.3703
665.8	-67.3703
666	-67.3704
666.2	-67.3704
666.4	-67.3705
666.6	-67.3705
666.8	-67.3705
667	-67.3706
667.2	-67.3706
667.4	-67.3707
667.6	-67.3707
667.8	-67.3708
668	-67.3708
668.2	-67.3708
668.4	-67.3709
668.6	-67.3709
668.8	-67.371
669	-67.371
669.2	-67.3711
669.4	-67.3711
669.6	-67.3711
669.8	-67.3712
670	-67.3712
670.2	-67.3713
670.4	-67.3713
670.6	-67.3714
670.8	-67.3714
671	-67.3714
671.2	-67.3715
671.4	-67.3715
671.6	-67.3716
671.8	-67.3716
672	-67.3716
672.2	-67.3717
672.4	-67.3717
672.6	-67.3718
672.8	-67.3718
673	-67.3719
673.2	-67.3719
673.4	-67.3719
673.6	-67.372
673.8	-67.372
674	-67.3721
674.2	-67.3721
674.4	-67.3721
674.6	-67.3722
674.8	-67.3722
675	-67.3723
675.2	-67.3723
675.4	-67.3724
675.6	-67.3724
675.8	-67.3724
676	-67.3725
676.2	-67.3725
676.4	-67.3726
676.6	-67.3726
676.8	-67.3726
677	-67.3727
677.2	-67.3727
677.4	-67.3728
677.6	-67.3728
677.8	-67.3728
678	-67.3729
678.2	-67.3729
678.4	-67.373
678.6	-67.373
678.8	-67.373
679	-67.3731
679.2	-67.3731
679.4	-67.3732
679.6	-67.3732
679.8	-67.3732
680	-67.3733
680.2	-67.3733
680.4	-67.3734
680.6	-67.3734
680.8	-67.3734
681	-67.3735
681.2	-67.3735
681.4	-67.3736
681.6	-67.3736
681.8	-67.3736
682	-67.3737
682.2	-67.3737
682.4	-67.3738
682.6	-67.3738
682.8	-67.3738
683	-67.3739
683.2	-67.3739
683.4	-67.374
683.6	-67.374
683.8	-67.374
684	-67.3741
684.2	-67.3741
684.4	-67.3741
684.6	-67.3742
684.8	-67.3742
685	-67.3743
685.2	-67.3743
685.4	-67.3743
685.6	-67.3744
685.8	-67.3744
686	-67.3745
686.2	-67.3745
686.4	-67.3745
686.6	-67.3746
686.8	-67.3746
687	-67.3746
687.2	-67.3747
687.4	-67.3747
687.6	-67.3748
687.8	-67.3748
688	-67.3748
688.2	-67.3749
688.4	-67.3749
688.6	-67.375
688.8	-67.375
689	-67.375
689.2	-67.3751
689.4	-67.3751
689.6	-67.3751
689.8	-67.3752
690	-67.3752
690.2	-67.3753
690.4	-67.3753
690.6	-67.3753
690.8	-67.3754
691	-67.3754
691.2	-67.3754
691.4	-67.3755
691.6	-67.3755
691.8	-67.3756
692	-67.3756
692.2	-67.3756
692.4	-67.3757
692.6	-67.3757
692.8	-67.3757
693	-67.3758
693.2	-67.3758
693.4	-67.3758
693.6	-67.3759
693.8	-67.3759
694	-67.376
694.2	-67.376
694.4	-67.376
694.6	-67.3761
694.8	-67.3761
695	-67.3761
695.2	-67.3762
695.4	-67.3762
695.6	-67.3763
695.8	-67.3763
696	-67.3763
696.2	-67.3764
696.4	-67.3764
696.6	-67.3764
696.8	-67.3765
697	-67.3765
697.2	-67.3765
697.4	-67.3766
697.6	-67.3766
697.8	-67.3766
698	-67.3767
698.2	-67.3767
698.4	-67.3768
698.6	-67.3768
698.8	-67.3768
699	-67.3769
699.2	-67.3769
699.4	-67.3769
699.6	-67.377
699.8	-67.377
700	-67.377
700.2	-67.4451
700.4	-67.5118
700.6	-67.5771
700.8	-67.6412
701	-67.7039
701.2	-67.7654
701.4	-67.8256
701.6	-67.8846
701.8	-67.9424
702	-67.999
702.2	-68.0545
702.4	-68.1089
702.6	-68.1622
702.8	-68.2144
703	-68.2656
703.2	-68.3157
703.4	-68.3648
703.6	-68.4129
703.8	-68.46
704	-68.5062
704.2	-68.5514
704.4	-68.5958
704.6	-68.6392
704.8	-68.6818
705	-68.7235
705.2	-68.7643
705.4	-68.8043
705.6	-68.8436
705.8	-68.882
706	-68.9196
706.2	-68.9565
706.4	-68.9926
706.6	-69.028
706.8	-69.0627
707	-69.0967
707.2	-69.13
707.4	-69.1626
707.6	-69.1946
707.8	-69.2259
708	-69.2565
708.2	-69.2866
708.4	-69.316
708.6	-69.3449
708.8	-69.3731
709	-69.4008
709.2	-69.428
709.4	-69.4545
709.6	-69.4806
709.8	-69.5061
710	-69.5311
710.2	-69.5555
710.4	-69.5795
710.6	-69.603
710.8	-69.626
711	-69.6486
711.2	-69.6707
711.4	-69.6923
711.6	-69.7135
711.8	-69.7343
712	-69.7546
712.2	-69.7746
712.4	-69.7941
712.6	-69.8132
712.8	-69.832
713	-69.8503
713.2	-69.8683
713.4	-69.8859
713.6	-69.9032
713.8	-69.9201
714	-69.9367
714.2	-69.9529
714.4	-69.9688
714.6	-69.9843
714.8	-69.9996
715	-70.0145
715.2	-70.0292
715.4	-70.0435
715.6	-70.0575
715.8	-70.0713
716	-70.0848
716.2	-70.098
716.4	-70.1109
716.6	-70.1236
716.8	-70.136
717	-70.1481
717.2	-70.16
717.4	-70.1717
717.6	-70.1831
717.8	-70.1943
718	-70.2052
718.2	-70.2159
718.4	-70.2264
718.6	-70.2367
718.8	-70.2468
719	-70.2567
719.2	-70.2664
719.4	-70.2758
719.6	-70.2851
719.8	-70.2942
720	-70.3031
720.2	-70.3118
720.4	-70.3203
720.6	-70.3287
720.8	-70.3369
721	-70.3449
721.2	-70.3527
721.4	-70.3604
721.6	-70.368
721.8	-70.3753
722	-70.3825
722.2	-70.3896
722.4	-70.3965
722.6	-70.4033
722.8	-70.41
723	-70.4165
723.2	-70.4228
723.4	-70.429
723.6	-70.4352
723.8	-70.4411
724	-70.447
724.2	-70.4527
724.4	-70.4583
724.6	-70.4638
724.8	-70.4692
725	-70.4744
725.2	-70.4796
725.4	-70.4846
725.6	-70.4896
725.8	-70.4944
726	-70.4992
726.2	-70.5038
726.4	-70.5083
726.6	-70.5128
726.8	-70.5171
727	-70.5214
727.2	-70.5256
727.4	-70.5296
727.6	-70.5336
727.8	-70.5375
728	-70.5414
728.2	-70.5451
728.4	-70.5488
728.6	-70.5523
728.8	-70.5559
729	-70.5593
729.2	-70.5626
729.4	-70.5659
729.6	-70.5692
729.8	-70.5723
730	-70.5754
730.2	-70.5784
730.4	-70.5814
730.6	-70.5842
730.8	-70.5871
731	-70.5898
731.2	-70.5925
731.4	-70.5952
731.6	-70.5978
731.8	-70.6003
732	-70.6028
732.2	-70.6052
732.4	-70.6076
732.6	-70.6099
732.8	-70.6122
733	-70.6144
733.2	-70.6165
733.4	-70.6187
733.6	-70.6207
733.8	-70.6228
734	-70.6248
734.2	-70.6267
734.4	-70.6286
734.6	-70.6304
734.8	-70.6323
735	-70.634
735.2	-70.6358
735.4	-70.6375
735.6	-70.6391
735.8	-70.6407
736	-70.6423
736.2	-70.6439
736.4	-70.6454
736.6	-70.6468
736.8	-70.6483
737	-70.6497
737.2	-70.6511
737.4	-70.6524
737.6	-70.6537
737.8	-70.655
738	-70.6563
738.2	-70.6575
738.4	-70.6587
738.6	-70.6599
738.8	-70.661
739	-70.6621
739.2	-70.6632
739.4	-70.6643
739.6	-70.6653
739.8	-70.6663
740	-70.6673
740.2	-70.6683
740.4	-70.6692
740.6	-70.6701
740.8	-70.671
741	-70.6719
741.2	-70.6727
741.4	-70.6736
741.6	-70.6744
741.8	-70.6751
742	-70.6759
742.2	-70.6767
742.4	-70.6774
742.6	-70.6781
742.8	-70.6788
743	-70.6795
743.2	-70.6801
743.4	-70.6808
743.6	-70.6814
743.8	-70.682
744	-70.6826
744.2	-70.6832
744.4	-70.6837
744.6	-70.6843
744.8	-70.6848
745	-70.6853
745.2	-70.6858
745.4	-70.6863
745.6	-70.6868
745.8	-70.6873
746	-70.6877
746.2	-70.6881
746.4	-70.6886
746.6	-70.689
746.8	-70.6894
747	-70.6898
747.2	-70.6901
747.4	-70.6905
747.6	-70.6909
747.8	-70.6912
748	-70.6915
748.2	-70.6919
748.4	-70.6922
748.6	-70.6925
748.8	-70.6928
749	-70.693
749.2	-70.6933
749.4	-70.6936
749.6	-70.6938
749.8	-70.6941
750	-70.6943
750.2	-70.6945
750.4	-70.6948
750.6	-70.695
750.8	-70.6952
751	-70.6954
751.2	-70.6955
751.4	-70.6957
751.6	-70.6959
751.8	-70.6961
752	-70.6962
752.2	-70.6964
752.4	-70.6965
752.6	-70.6967
752.8	-70.6968
753	-70.6969
753.2	-70.697
753.4	-70.6972
753.6	-70.6973
753.8	-70.6974
754	-70.6975
754.2	-70.6976
754.4	-70.6976
754.6	-70.6977
754.8	-70.6978
755	-70.6979
755.2	-70.6979
755.4	-70.698
755.6	-70.6981
755.8	-70.6981
756	-70.6982
756.2	-70.6982
756.4	-70.6982
756.6	-70.6983
756.8	-70.6983
757	-70.6983
757.2	-70.6983
757.4	-70.6983
757.6	-70.6984
757.8	-70.6984
758	-70.6984
758.2	-70.6984
758.4	-70.6984
758.6	-70.6984
758.8	-70.6984
759	-70.6983
759.2	-70.6983
759.4	-70.6983
759.6	-70.6983
759.8	-70.6983
760	-70.6982
760.2	-70.6982
760.4	-70.6982
760.6	-70.6981
760.8	-70.6981
761	-70.6981
761.2	-70.698
761.4	-70.698
761.6	-70.6979
761.8	-70.6979
762	-70.6978
762.2	-70.6978
762.4	-70.6977
762.6	-70.6976
762.8	-70.6976
763	-70.6975
763.2	-70.6974
763.4	-70.6974
763.6	-70.6973
763.8	-70.6972
764	-70.6972
764.2	-70.6971
764.4	-70.697
764.6	-70.6969
764.8	-70.6968
765	-70.6968
765.2	-70.6967
765.4	-70.6966
765.6	-70.6965
765.8	-70.6964
766	-70.6963
766.2	-70.6962
766.4	-70.6961
766.6	-70.696
766.8	-70.6959
767	-70.6958
767.2	-70.6957
767.4	-70.6956
767.6	-70.6955
767.8	-70.6954
768	-70.6953
768.2	-70.6952
768.4	-70.6951
768.6	-70.695
768.8	-70.6949
769	-70.6948
769.2	-70.6947
769.4	-70.6946
769.6	-70.6944
769.8	-70.6943
770	-70.6942
770.2	-70.6941
770.4	-70.694
770.6	-70.6939
770.8	-70.6937
771	-70.6936
771.2	-70.6935
771.4	-70.6934
771.6	-70.6933
771.8	-70.6931
772	-70.693
772.2	-70.6929
772.4	-70.6928
772.6	-70.6926
772.8	-70.6925
773	-70.6924
773.2	-70.6923
773.4	-70.6921
773.6	-70.692
773.8	-70.6919
774	-70.6917
774.2	-70.6916
774.4	-70.6915
774.6	-70.6913
774.8	-70.6912
775	-70.6911
775.2	-70.6909
775.4	-70.6908
775.6	-70.6907
775.8	-70.6905
776	-70.6904
776.2	-70.6903
776.4	-70.6901
776.6	-70.69
776.8	-70.6899
777	-70.6897
777.2	-70.6896
777.4	-70.6895
777.6	-70.6893
777.8	-70.6892
778	-70.689
778.2	-70.6889
778.4	-70.6888
778.6	-70.6886
778.8	-70.6885
779	-70.6883
779.2	-70.6882
779.4	-70.6881
779.6	-70.6879
779.8	-70.6878
780	-70.6876
780.2	-70.6875
780.4	-70.6874
780.6	-70.6872
780.8	-70.6871
781	-70.6869
781.2	-70.6868
781.4	-70.6867
781.6	-70.6865
781.8	-70.6864
782	-70.6862
782.2	-70.6861
782.4	-70.686
782.6	-70.6858
782.8	-70.6857
783	-70.6855
783.2	-70.6854
783.4	-70.6852
783.6	-70.6851
783.8	-70.685
784	-70.6848
784.2	-70.6847
784.4	-70.6845
784.6	-70.6844
784.8	-70.6842
785	-70.6841
785.2	-70.6839
785.4	-70.6838
785.6	-70.6837
785.8	-70.6835
786	-70.6834
786.2	-70.6832
786.4	-70.6831
786.6	-70.6829
786.8	-70.6828
787	-70.6827
787.2	-70.6825
787.4	-70.6824
787.6	-70.6822
787.8	-70.6821
788	-70.6819
788.2	-70.6818
788.4	-70.6816
788.6	-70.6815
788.8	-70.6814
789	-70.6812
789.2	-70.6811
789.4	-70.6809
789.6	-70.6808
789.8	-70.6806
790	-70.6805
790.2	-70.6804
790.4	-70.6802
790.6	-70.6801
790.8	-70.6799
791	-70.6798
791.2	-70.6796
791.4	-70.6795
791.6	-70.6794
791.8	-70.6792
792	-70.6791
792.2	-70.6789
792.4	-70.6788
792.6	-70.6786
792.8	-70.6785
793	-70.6784
793.2	-70.6782
793.4	-70.6781
793.6	-70.6779
793.8	-70.6778
794	-70.6777
794.2	-70.6775
794.4	-70.6774
794.6	-70.6772
794.8	-70.6771
795	-70.677
795.2	-70.6768
795.4	-70.6767
795.6	-70.6765
795.8	-70.6764
796	-70.6763
796.2	-70.6761
796.4	-70.676
796.6	-70.6758
796.8	-70.6757
797	-70.6756
797.2	-70.6754
797.4	-70.6753
797.6	-70.6751
797.8	-70.675
798	-70.6749
798.2	-70.6747
798.4	-70.6746
798.6	-70.6744
798.8	-70.6743
799	-70.6742
799.2	-70.674
799.4	-70.6739
799.6	-70.6737
799.8	-70.6736
800	-70.6735
800.2	-70.6733
800.4	-70.6732
800.6	-70.6731
800.8	-70.6729
801	-70.6728
801.2	-70.6726
801.4	-70.6725
801.6	-70.6724
801.8	-70.6722
802	-70.6721
802.2	-70.672
802.4	-70.6718
802.6	-70.6717
802.8	-70.6716
803	-70.6714
803.2	-70.6713
803.4	-70.6712
803.6	-70.671
803.8	-70.6709
804	-70.6707
804.2	-70.6706
804.4	-70.6705
804.6	-70.6703
804.8	-70.6702
805	-70.6701
805.2	-70.6699
805.4	-70.6698
805.6	-70.6697
805.8	-70.6695
806	-70.6694
806.2	-70.6693
806.4	-70.6691
806.6	-70.669
806.8	-70.6689
807	-70.6687
807.2	-70.6686
807.4	-70.6685
807.6	-70.6683
807.8	-70.6682
808	-70.6681
808.2	-70.6679
808.4	-70.6678
808.6	-70.6677
808.8	-70.6675
809	-70.6674
809.2	-70.6673
809.4	-70.6672
809.6	-70.667
809.8	-70.6669
810	-70.6668
810.2	-70.6666
810.4	-70.6665
810.6	-70.6664
810.8	-70.6663
811	-70.6661
811.2	-70.666
811.4	-70.6659
811.6	-70.6657
811.8	-70.6656
812	-70.6655
812.2	-70.6653
812.4	-70.6652
812.6	-70.6651
812.8	-70.665
813	-70.6648
813.2	-70.6647
813.4	-70.6646
813.6	-70.6645
813.8	-70.6643
814	-70.6642
814.2	-70.6641
814.4	-70.6639
814.6	-70.6638
814.8	-70.6637
815	-70.6636
815.2	-70.6634
815.4	-70.6633
815.6	-70.6632
815.8	-70.6631
816	-70.6629
816.2	-70.6628
816.4	-70.6627
816.6	-70.6626
816.8	-70.6624
817	-70.6623
817.2	-70.6622
817.4	-70.6621
817.6	-70.6619
817.8	-70.6618
818	-70.6617
818.2	-70.6616
818.4	-70.6614
818.6	-70.6613
818.8	-70.6612
819	-70.6611
819.2	-70.6609
819.4	-70.6608
819.6	-70.6607
819.8	-70.6606
820	-70.6605
820.2	-70.6603
820.4	-70.6602
820.6	-70.6601
820.8	-70.66
821	-70.6599
821.2	-70.6597
821.4	-70.6596
821.6	-70.6595
821.8	-70.6594
822	-70.6592
822.2	-70.6591
822.4	-70.659
822.6	-70.6589
822.8	-70.6588
823	-70.6587
823.2	-70.6585
823.4	-70.6584
823.6	-70.6583
823.8	-70.6582
824	-70.6581
824.2	-70.6579
824.4	-70.6578
824.6	-70.6577
824.8	-70.6576
825	-70.6575
825.2	-70.6573
825.4	-70.6572
825.6	-70.6571
825.8	-70.657
826	-70.6569
826.2	-70.6568
826.4	-70.6566
826.6	-70.6565
826.8	-70.6564
827	-70.6563
827.2	-70.6562
827.4	-70.6561
827.6	-70.6559
827.8	-70.6558
828	-70.6557
828.2	-70.6556
828.4	-70.6555
828.6	-70.6554
828.8	-70.6552
829	-70.6551
829.2	-70.655
829.4	-70.6549
829.6	-70.6548
829.8	-70.6547
830	-70.6546
830.2	-70.6544
830.4	-70.6543
830.6	-70.6542
830.8	-70.6541
831	-70.654
831.2	-70.6539
831.4	-70.6538
831.6	-70.6536
831.8	-70.6535
832	-70.6534
832.2	-70.6533
832.4	-70.6532
832.6	-70.6531
832.8	-70.653
833	-70.6529
833.2	-70.6527
833.4	-70.6526
833.6	-70.6525
833.8	-70.6524
834	-70.6523
834.2	-70.6522
834.4	-70.6521
834.6	-70.652
834.8	-70.6519
835	-70.6517
835.2	-70.6516
835.4	-70.6515
835.6	-70.6514
835.8	-70.6513
836	-70.6512
836.2	-70.6511
836.4	-70.651
836.6	-70.6509
836.8	-70.6508
837	-70.6507
837.2	-70.6505
837.4	-70.6504
837.6	-70.6503
837.8	-70.6502
838	-70.6501
838.2	-70.65
838.4	-70.6499
838.6	-70.6498
838.8	-70.6497
839	-70.6496
839.2	-70.6495
839.4	-70.6494
839.6	-70.6493
839.8	-70.6491
840	-70.649
840.2	-70.6489
840.4	-70.6488
840.6	-70.6487
840.8	-70.6486
841	-70.6485
841.2	-70.6484
841.4	-70.6483
841.6	-70.6482
841.8	-70.6481
842	-70.648
842.2	-70.6479
842.4	-70.6478
842.6	-70.6477
842.8	-70.6476
843	-70.6475
843.2	-70.6473
843.4	-70.6472
843.6	-70.6471
843.8	-70.647
844	-70.6469
844.2	-70.6468
844.4	-70.6467
844.6	-70.6466
844.8	-70.6465
845	-70.6464
845.2	-70.6463
845.4	-70.6462
845.6	-70.6461
845.8	-70.646
846	-70.6459
846.2	-70.6458
846.4	-70.6457
846.6	-70.6456
846.8	-70.6455
847	-70.6454
847.2	-70.6453
847.4	-70.6452
847.6	-70.6451
847.8	-70.645
848	-70.6449
848.2	-70.6448
848.4	-70.6447
848.6	-70.6446
848.8	-70.6445
849	-70.6444
849.2	-70.6443
849.4	-70.6442
849.6	-70.6441
849.8	-70.644
850	-70.6439
850.2	-70.6438
850.4	-70.6437
850.6	-70.6436
850.8	-70.6435
851	-70.6434
851.2	-70.6433
851.4	-70.6432
851.6	-70.6431
851.8	-70.643
852	-70.6429
852.2	-70.6428
852.4	-70.6427
852.6	-70.6426
852.8	-70.6425
853	-70.6424
853.2	-70.6423
853.4	-70.6422
853.6	-70.6421
853.8	-70.642
854	-70.6419
854.2	-70.6418
854.4	-70.6417
854.6	-70.6416
854.8	-70.6415
855	-70.6414
855.2	-70.6413
855.4	-70.6412
855.6	-70.6411
855.8	-70.641
856	-70.641
856.2	-70.6409
856.4	-70.6408
856.6	-70.6407
856.8	-70.6406
857	-70.6405
857.2	-70.6404
857.4	-70.6403
857.6	-70.6402
857.8	-70.6401
858	-70.64
858.2	-70.6399
858.4	-70.6398
858.6	-70.6397
858.8	-70.6396
859	-70.6395
859.2	-70.6394
859.4	-70.6393
859.6	-70.6393
859.8	-70.6392
860	-70.6391
860.2	-70.639
860.4	-70.6389
860.6	-70.6388
860.8	-70.6387
861	-70.6386
861.2	-70.6385
861.4	-70.6384
861.6	-70.6383
861.8	-70.6382
862	-70.6381
862.2	-70.6381
862.4	-70.638
862.6	-70.6379
862.8	-70.6378
863	-70.6377
863.2	-70.6376
863.4	-70.6375
863.6	-70.6374
863.8	-70.6373
864	-70.6372
864.2	-70.6371
864.4	-70.637
864.6	-70.637
864.8	-70.6369
865	-70.6368
865.2	-70.6367
865.4	-70.6366
865.6	-70.6365
865.8	-70.6364
866	-70.6363
866.2	-70.6362
866.4	-70.6362
866.6	-70.6361
866.8	-70.636
867	-70.6359
867.2	-70.6358
867.4	-70.6357
867.6	-70.6356
867.8	-70.6355
868	-70.6354
868.2	-70.6354
868.4	-70.6353
868.6	-70.6352
868.8	-70.6351
869	-70.635
869.2	-70.6349
869.4	-70.6348
869.6	-70.6347
869.8	-70.6347
870	-70.6346
870.2	-70.6345
870.4	-70.6344
870.6	-70.6343
870.8	-70.6342
871	-70.6341
871.2	-70.634
871.4	-70.634
871.6	-70.6339
871.8	-70.6338
872	-70.6337
872.2	-70.6336
872.4	-70.6335
872.6	-70.6335
872.8	-70.6334
873	-70.6333
873.2	-70.6332
873.4	-70.6331
873.6	-70.633
873.8	-70.6329
874	-70.6329
874.2	-70.6328
874.4	-70.6327
874.6	-70.6326
874.8	-70.6325
875	-70.6324
875.2	-70.6323
875.4	-70.6323
875.6	-70.6322
875.8	-70.6321
876	-70.632
876.2	-70.6319
876.4	-70.6319
876.6	-70.6318
876.8	-70.6317
877	-70.6316
877.2	-70.6315
877.4	-70.6314
877.6	-70.6314
877.8	-70.6313
878	-70.6312
878.2	-70.6311
878.4	-70.631
878.6	-70.6309
878.8	-70.6309
879	-70.6308
879.2	-70.6307
879.4	-70.6306
879.6	-70.6305
879.8	-70.6305
880	-70.6304
880.2	-70.6303
880.4	-70.6302
880.6	-70.6301
880.8	-70.6301
881	-70.63
881.2	-70.6299
881.4	-70.6298
881.6	-70.6297
881.8	-70.6296
882	-70.6296
882.2	-70.6295
882.4	-70.6294
882.6	-70.6293
882.8	-70.6292
883	-70.6292
883.2	-70.6291
883.4	-70.629
883.6	-70.6289
883.8	-70.6289
884	-70.6288
884.2	-70.6287
884.4	-70.6286
884.6	-70.6285
884.8	-70.6285
885	-70.6284
885.2	-70.6283
885.4	-70.6282
885.6	-70.6281
885.8	-70.6281
886	-70.628
886.2	-70.6279
886.4	-70.6278
886.6	-70.6278
886.8	-70.6277
887	-70.6276
887.2	-70.6275
887.4	-70.6274
887.6	-70.6274
887.8	-70.6273
888	-70.6272
888.2	-70.6271
888.4	-70.6271
888.6	-70.627
888.8	-70.6269
889	-70.6268
889.2	-70.6268
889.4	-70.6267
889.6	-70.6266
889.8	-70.6265
890	-70.6264
890.2	-70.6264
890.4	-70.6263
890.6	-70.6262
890.8	-70.6262
891	-70.6261
891.2	-70.626
891.4	-70.6259
891.6	-70.6258
891.8	-70.6258
892	-70.6257
892.2	-70.6256
892.4	-70.6255
892.6	-70.6255
892.8	-70.6254
893	-70.6253
893.2	-70.6253
893.4	-70.6252
893.6	-70.6251
893.8	-70.625
894	-70.625
894.2	-70.6249
894.4	-70.6248
894.6	-70.6247
894.8	-70.6247
895	-70.6246
895.2	-70.6245
895.4	-70.6244
895.6	-70.6244
895.8	-70.6243
896	-70.6242
896.2	-70.6242
896.4	-70.6241
896.6	-70.624
896.8	-70.6239
897	-70.6239
897.2	-70.6238
897.4	-70.6237
897.6	-70.6236
897.8	-70.6236
898	-70.6235
898.2	-70.6234
898.4	-70.6234
898.6	-70.6233
898.8	-70.6232
899	-70.6231
899.2	-70.6231
899.4	-70.623
899.6	-70.6229
899.8	-70.6229
900	-70.6228
900.2	-70.6227
900.4	-70.6227
900.6	-70.6226
900.8	-70.6225
901	-70.6224
901.2	-70.6224
901.4	-70.6223
901.6	-70.6222
901.8	-70.6222
902	-70.6221
902.2	-70.622
902.4	-70.6219
902.6	-70.6219
902.8	-70.6218
903	-70.6217
903.2	-70.6217
903.4	-70.6216
903.6	-70.6215
903.8	-70.6215
904	-70.6214
904.2	-70.6213
904.4	-70.6213
904.6	-70.6212
904.8	-70.6211
905	-70.6211
905.2	-70.621
905.4	-70.6209
905.6	-70.6208
905.8	-70.6208
906	-70.6207
906.2	-70.6206
906.4	-70.6206
906.6	-70.6205
906.8	-70.6204
907	-70.6204
907.2	-70.6203
907.4	-70.6202
907.6	-70.6202
907.8	-70.6201
908	-70.62
908.2	-70.62
908.4	-70.6199
908.6	-70.6198
908.8	-70.6198
909	-70.6197
909.2	-70.6196
909.4	-70.6196
909.6	-70.6195
909.8	-70.6194
910	-70.6194
910.2	-70.6193
910.4	-70.6192
910.6	-70.6192
910.8	-70.6191
911	-70.619
911.2	-70.619
911.4	-70.6189
911.6	-70.6189
911.8	-70.6188
912	-70.6187
912.2	-70.6187
912.4	-70.6186
912.6	-70.6185
912.8	-70.6185
913	-70.6184
913.2	-70.6183
913.4	-70.6183
913.6	-70.6182
913.8	-70.6181
914	-70.6181
914.2	-70.618
914.4	-70.6179
914.6	-70.6179
914.8	-70.6178
915	-70.6178
915.2	-70.6177
915.4	-70.6176
915.6	-70.6176
915.8	-70.6175
916	-70.6174
916.2	-70.6174
916.4	-70.6173
916.6	-70.6172
916.8	-70.6172
917	-70.6171
917.2	-70.6171
917.4	-70.617
917.6	-70.6169
917.8	-70.6169
918	-70.6168
918.2	-70.6167
918.4	-70.6167
918.6	-70.6166
918.8	-70.6166
919	-70.6165
919.2	-70.6164
919.4	-70.6164
919.6	-70.6163
919.8	-70.6162
920	-70.6162
920.2	-70.6161
920.4	-70.6161
920.6	-70.616
920.8	-70.6159
921	-70.6159
921.2	-70.6158
921.4	-70.6158
921.6	-70.6157
921.8	-70.6156
922	-70.6156
922.2	-70.6155
922.4	-70.6154
922.6	-70.6154
922.8	-70.6153
923	-70.6153
923.2	-70.6152
923.4	-70.6151
923.6	-70.6151
923.8	-70.615
924	-70.615
924.2	-70.6149
924.4	-70.6148
924.6	-70.6148
924.8	-70.6147
925	-70.6147
925.2	-70.6146
925.4	-70.6145
925.6	-70.6145
925.8	-70.6144
926	-70.6144
926.2	-70.6143
926.4	-70.6143
926.6	-70.6142
926.8	-70.6141
927	-70.6141
927.2	-70.614
927.4	-70.614
927.6	-70.6139
927.8	-70.6138
928	-70.6138
928.2	-70.6137
928.4	-70.6137
928.6	-70.6136
928.8	-70.6135
929	-70.6135
929.2	-70.6134
929.4	-70.6134
929.6	-70.6133
929.8	-70.6133
930	-70.6132
930.2	-70.6131
930.4	-70.6131
930.6	-70.613
930.8	-70.613
931	-70.6129
931.2	-70.6129
931.4	-70.6128
931.6	-70.6127
931.8	-70.6127
932	-70.6126
932.2	-70.6126
932.4	-70.6125
932.6	-70.6125
932.8	-70.6124
933	-70.6124
933.2	-70.6123
933.4	-70.6122
933.6	-70.6122
933.8	-70.6121
934	-70.6121
934.2	-70.612
934.4	-70.612
934.6	-70.6119
934.8	-70.6118
935	-70.6118
935.2	-70.6117
935.4	-70.6117
935.6	-70.6116
935.8	-70.6116
936	-70.6115
936.2	-70.6115
936.4	-70.6114
936.6	-70.6113
936.8	-70.6113
937	-70.6112
937.2	-70.6112
937.4	-70.6111
937.6	-70.6111
937.8	-70.611
938	-70.611
938.2	-70.6109
938.4	-70.6109
938.6	-70.6108
938.8	-70.6107
939	-70.6107
939.2	-70.6106
939.4	-70.6106
939.6	-70.6105
939.8	-70.6105
940	-70.6104
940.2	-70.6104
940.4	-70.6103
940.6	-70.6103
940.8	-70.6102
941	-70.6102
941.2	-70.6101
941.4	-70.61
941.6	-70.61
941.8	-70.6099
942	-70.6099
942.2	-70.6098
942.4	-70.6098
942.6	-70.6097
942.8	-70.6097
943	-70.6096
943.2	-70.6096
943.4	-70.6095
943.6	-70.6095
943.8	-70.6094
944	-70.6094
944.2	-70.6093
944.4	-70.6093
944.6	-70.6092
944.8	-70.6092
945	-70.6091
945.2	-70.609
945.4	-70.609
945.6	-70.6089
945.8	-70.6089
946	-70.6088
946.2	-70.6088
946.4	-70.6087
946.6	-70.6087
946.8	-70.6086
947	-70.6086
947.2	-70.6085
947.4	-70.6085
947.6	-70.6084
947.8	-70.6084
948	-70.6083
948.2	-70.6083
948.4	-70.6082
948.6	-70.6082
948.8	-70.6081
949	-70.6081
949.2	-70.608
949.4	-70.608
949.6	-70.6079
949.8	-70.6079
950	-70.6078
950.2	-70.6078
950.4	-70.6077
950.6	-70.6077
950.8	-70.6076
951	-70.6076
951.2	-70.6075
951.4	-70.6075
951.6	-70.6074
951.8	-70.6074
952	-70.6073
952.2	-70.6073
952.4	-70.6072
952.6	-70.6072
952.8	-70.6071
953	-70.6071
953.2	-70.607
953.4	-70.607
953.6	-70.6069
953.8	-70.6069
954	-70.6068
954.2	-70.6068
954.4	-70.6067
954.6	-70.6067
954.8	-70.6066
955	-70.6066
955.2	-70.6065
955.4	-70.6065
955.6	-70.6064
955.8	-70.6064
956	-70.6063
956.2	-70.6063
956.4	-70.6063
956.6	-70.6062
956.8	-70.6062
957	-70.6061
957.2	-70.6061
957.4	-70.606
957.6	-70.606
957.8	-70.6059
958	-70.6059
958.2	-70.6058
958.4	-70.6058
958.6	-70.6057
958.8	-70.6057
959	-70.6056
959.2	-70.6056
959.4	-70.6055
959.6	-70.6055
959.8	-70.6054
960	-70.6054
960.2	-70.6054
960.4	-70.6053
960.6	-70.6053
960.8	-70.6052
961	-70.6052
961.2	-70.6051
961.4	-70.6051
961.6	-70.605
961.8	-70.605
962	-70.6049
962.2	-70.6049
962.4	-70.6048
962.6	-70.6048
962.8	-70.6048
963	-70.6047
963.2	-70.6047
963.4	-70.6046
963.6	-70.6046
963.8	-70.6045
964	-70.6045
964.2	-70.6044
964.4	-70.6044
964.6	-70.6043
964.8	-70.6043
965	-70.6042
965.2	-70.6042
965.4	-70.6042
965.6	-70.6041
965.8	-70.6041
966	-70.604
966.2	-70.604
966.4	-70.6039
966.6	-70.6039
966.8	-70.6038
967	-70.6038
967.2	-70.6038
967.4	-70.6037
967.6	-70.6037
967.8	-70.6036
968	-70.6036
968.2	-70.6035
968.4	-70.6035
968.6	-70.6034
968.8	-70.6034
969	-70.6034
969.2	-70.6033
969.4	-70.6033
969.6	-70.6032
969.8	-70.6032
970	-70.6031
970.2	-70.6031
970.4	-70.603
970.6	-70.603
970.8	-70.603
971	-70.6029
971.2	-70.6029
971.4	-70.6028
971.6	-70.6028
971.8	-70.6027
972	-70.6027
972.2	-70.6027
972.4	-70.6026
972.6	-70.6026
972.8	-70.6025
973	-70.6025
973.2	-70.6024
973.4	-70.6024
973.6	-70.6024
973.8	-70.6023
974	-70.6023
974.2	-70.6022
974.4	-70.6022
974.6	-70.6021
974.8	-70.6021
975	-70.6021
975.2	-70.602
975.4	-70.602
975.6	-70.6019
975.8	-70.6019
976	-70.6018
976.2	-70.6018
976.4	-70.6018
976.6	-70.6017
976.8	-70.6017
977	-70.6016
977.2	-70.6016
977.4	-70.6016
977.6	-70.6015
977.8	-70.6015
978	-70.6014
978.2	-70.6014
978.4	-70.6013
978.6	-70.6013
978.8	-70.6013
979	-70.6012
979.2	-70.6012
979.4	-70.6011
979.6	-70.6011
979.8	-70.6011
980	-70.601
980.2	-70.601
980.4	-70.6009
980.6	-70.6009
980.8	-70.6009
981	-70.6008
981.2	-70.6008
981.4	-70.6007
981.6	-70.6007
981.8	-70.6007
982	-70.6006
982.2	-70.6006
982.4	-70.6005
982.6	-70.6005
982.8	-70.6005
983	-70.6004
983.2	-70.6004
983.4	-70.6003
983.6	-70.6003
983.8	-70.6003
984	-70.6002
984.2	-70.6002
984.4	-70.6001
984.6	-70.6001
984.8	-70.6001
985	-70.6
985.2	-70.6
985.4	-70.5999
985.6	-70.5999
985.8	-70.5999
986	-70.5998
986.2	-70.5998
986.4	-70.5997
986.6	-70.5997
986.8	-70.5997
987	-70.5996
987.2	-70.5996
987.4	-70.5995
987.6	-70.5995
987.8	-70.5995
988	-70.5994
988.2	-70.5994
988.4	-70.5993
988.6	-70.5993
988.8	-70.5993
989	-70.5992
989.2	-70.5992
989.4	-70.5992
989.6	-70.5991
989.8	-70.5991
990	-70.599
990.2	-70.599
990.4	-70.599
990.6	-70.5989
990.8	-70.5989
991	-70.5989
991.2	-70.5988
991.4	-70.5988
991.6	-70.5987
991.8	-70.5987
992	-70.5987
992.2	-70.5986
992.4	-70.5986
992.6	-70.5986
992.8	-70.5985
993	-70.5985
993.2	-70.5984
993.4	-70.5984
993.6	-70.5984
993.8	-70.5983
994	-70.5983
994.2	-70.5983
994.4	-70.5982
994.6	-70.5982
994.8	-70.5981
995	-70.5981
995.2	-70.5981
995.4	-70.598
995.6	-70.598
995.8	-70.598
996	-70.5979
996.2	-70.5979
996.4	-70.5978
996.6	-70.5978
996.8	-70.5978
997	-70.5977
997.2	-70.5977
997.4	-70.5977
997.6	-70.5976
997.8	-70.5976
998	-70.5976
998.2	-70.5975
998.4	-70.5975
998.6	-70.5975
998.8	-70.5974
999	-70.5974
999.2	-70.5973
999.4	-70.5973
999.6	-70.5973
999.8	-70.5972
1000	-70.5972
