label:PY[0].soma.m_im
5001
0	0
0.2	3.70744e-05
0.4	7.41019e-05
0.6	0.000111083
0.8	0.000148016
1	0.000184903
1.2	0.000221743
1.4	0.000258537
1.6	0.000295283
1.8	0.000331983
2	0.000368636
2.2	0.000405243
2.4	0.000441802
2.6	0.000478316
2.8	0.000514782
3	0.000551203
3.2	0.000587576
3.4	0.000623904
3.6	0.000660185
3.8	0.000696419
4	0.000732607
4.2	0.000768749
4.4	0.000804844
4.6	0.000840894
4.8	0.000876897
5	0.000912854
5.2	0.000948765
5.4	0.000984629
5.6	0.00102045
5.8	0.00105622
6	0.00109195
6.2	0.00112763
6.4	0.00116326
6.6	0.00119885
6.8	0.0012344
7	0.00126989
7.2	0.00130534
7.4	0.00134075
7.6	0.00137611
7.8	0.00141143
8	0.00144669
8.2	0.00148192
8.4	0.0015171
8.6	0.00155223
8.8	0.00158732
9	0.00162236
9.2	0.00165736
9.4	0.00169231
9.6	0.00172721
9.8	0.00176207
10	0.00179689
10.2	0.00183166
10.4	0.00186639
10.6	0.00190107
10.8	0.0019357
11	0.00197029
11.2	0.00200484
11.4	0.00203934
11.6	0.0020738
11.8	0.00210821
12	0.00214258
12.2	0.0021769
12.4	0.00221118
12.6	0.00224541
12.8	0.0022796
13	0.00231374
13.2	0.00234784
13.4	0.0023819
13.6	0.00241591
13.8	0.00244988
14	0.0024838
14.2	0.00251768
14.4	0.00255151
14.6	0.0025853
14.8	0.00261905
15	0.00265275
15.2	0.00268641
15.4	0.00272003
15.6	0.0027536
15.8	0.00278712
16	0.00282061
16.2	0.00285405
16.4	0.00288744
16.6	0.00292079
16.8	0.0029541
17	0.00298737
17.2	0.00302059
17.4	0.00305377
17.6	0.0030869
17.8	0.00311999
18	0.00315304
18.2	0.00318605
18.4	0.00321901
18.6	0.00325193
18.8	0.00328481
19	0.00331764
19.2	0.00335043
19.4	0.00338318
19.6	0.00341588
19.8	0.00344854
20	0.00348116
20.2	0.00351374
20.4	0.00354627
20.6	0.00357876
20.8	0.00361121
21	0.00364361
21.2	0.00367598
21.4	0.0037083
21.6	0.00374058
21.8	0.00377281
22	0.003805
22.2	0.00383716
22.4	0.00386927
22.6	0.00390133
22.8	0.00393336
23	0.00396534
23.2	0.00399728
23.4	0.00402918
23.6	0.00406104
23.8	0.00409285
24	0.00412463
24.2	0.00415636
24.4	0.00418805
24.6	0.0042197
24.8	0.00425131
25	0.00428287
25.2	0.00431439
25.4	0.00434588
25.6	0.00437732
25.8	0.00440872
26	0.00444008
26.2	0.00447139
26.4	0.00450267
26.6	0.0045339
26.8	0.0045651
27	0.00459625
27.2	0.00462736
27.4	0.00465843
27.6	0.00468946
27.8	0.00472045
28	0.0047514
28.2	0.00478231
28.4	0.00481318
28.6	0.004844
28.8	0.00487479
29	0.00490553
29.2	0.00493624
29.4	0.0049669
29.6	0.00499753
29.8	0.00502811
30	0.00505865
30.2	0.00508916
30.4	0.00511962
30.6	0.00515004
30.8	0.00518042
31	0.00521077
31.2	0.00524107
31.4	0.00527133
31.6	0.00530155
31.8	0.00533174
32	0.00536188
32.2	0.00539198
32.4	0.00542205
32.6	0.00545207
32.8	0.00548205
33	0.005512
33.2	0.0055419
33.4	0.00557177
33.6	0.0056016
33.8	0.00563138
34	0.00566113
34.2	0.00569084
34.4	0.00572051
34.6	0.00575014
34.8	0.00577973
35	0.00580928
35.2	0.00583879
35.4	0.00586827
35.6	0.0058977
35.8	0.0059271
36	0.00595645
36.2	0.00598577
36.4	0.00601505
36.6	0.00604429
36.8	0.0060735
37	0.00610266
37.2	0.00613178
37.4	0.00616087
37.6	0.00618992
37.8	0.00621893
38	0.0062479
38.2	0.00627683
38.4	0.00630573
38.6	0.00633459
38.8	0.0063634
39	0.00639219
39.2	0.00642093
39.4	0.00644963
39.6	0.0064783
39.8	0.00650693
40	0.00653552
40.2	0.00656407
40.4	0.00659259
40.6	0.00662106
40.8	0.0066495
41	0.00667791
41.2	0.00670627
41.4	0.0067346
41.6	0.00676289
41.8	0.00679114
42	0.00681935
42.2	0.00684753
42.4	0.00687567
42.6	0.00690377
42.8	0.00693184
43	0.00695987
43.2	0.00698786
43.4	0.00701581
43.6	0.00704373
43.8	0.00707161
44	0.00709945
44.2	0.00712726
44.4	0.00715503
44.6	0.00718276
44.8	0.00721046
45	0.00723812
45.2	0.00726574
45.4	0.00729333
45.6	0.00732088
45.8	0.00734839
46	0.00737587
46.2	0.00740331
46.4	0.00743071
46.6	0.00745808
46.8	0.00748541
47	0.0075127
47.2	0.00753996
47.4	0.00756719
47.6	0.00759437
47.8	0.00762152
48	0.00764864
48.2	0.00767572
48.4	0.00770276
48.6	0.00772977
48.8	0.00775674
49	0.00778367
49.2	0.00781057
49.4	0.00783744
49.6	0.00786427
49.8	0.00789106
50	0.00791782
50.2	0.00794454
50.4	0.00797122
50.6	0.00799788
50.8	0.00802449
51	0.00805107
51.2	0.00807762
51.4	0.00810413
51.6	0.0081306
51.8	0.00815704
52	0.00818344
52.2	0.00820981
52.4	0.00823615
52.6	0.00826245
52.8	0.00828871
53	0.00831494
53.2	0.00834114
53.4	0.0083673
53.6	0.00839342
53.8	0.00841951
54	0.00844557
54.2	0.00847159
54.4	0.00849758
54.6	0.00852353
54.8	0.00854945
55	0.00857533
55.2	0.00860118
55.4	0.00862699
55.6	0.00865277
55.8	0.00867852
56	0.00870423
56.2	0.00872991
56.4	0.00875555
56.6	0.00878116
56.8	0.00880674
57	0.00883228
57.2	0.00885779
57.4	0.00888326
57.6	0.0089087
57.8	0.00893411
58	0.00895948
58.2	0.00898482
58.4	0.00901012
58.6	0.00903539
58.8	0.00906063
59	0.00908584
59.2	0.00911101
59.4	0.00913614
59.6	0.00916125
59.8	0.00918632
60	0.00921135
60.2	0.00923636
60.4	0.00926133
60.6	0.00928627
60.8	0.00931117
61	0.00933604
61.2	0.00936088
61.4	0.00938568
61.6	0.00941046
61.8	0.00943519
62	0.0094599
62.2	0.00948457
62.4	0.00950921
62.6	0.00953382
62.8	0.0095584
63	0.00958294
63.2	0.00960745
63.4	0.00963192
63.6	0.00965637
63.8	0.00968078
64	0.00970516
64.2	0.00972951
64.4	0.00975382
64.6	0.0097781
64.8	0.00980235
65	0.00982657
65.2	0.00985075
65.4	0.00987491
65.6	0.00989903
65.8	0.00992312
66	0.00994717
66.2	0.0099712
66.4	0.00999519
66.6	0.0100192
66.8	0.0100431
67	0.010067
67.2	0.0100908
67.4	0.0101147
67.6	0.0101385
67.8	0.0101622
68	0.010186
68.2	0.0102097
68.4	0.0102334
68.6	0.010257
68.8	0.0102806
69	0.0103042
69.2	0.0103278
69.4	0.0103513
69.6	0.0103748
69.8	0.0103982
70	0.0104216
70.2	0.010445
70.4	0.0104684
70.6	0.0104917
70.8	0.010515
71	0.0105383
71.2	0.0105615
71.4	0.0105847
71.6	0.0106079
71.8	0.010631
72	0.0106542
72.2	0.0106772
72.4	0.0107003
72.6	0.0107233
72.8	0.0107463
73	0.0107693
73.2	0.0107922
73.4	0.0108151
73.6	0.010838
73.8	0.0108608
74	0.0108836
74.2	0.0109064
74.4	0.0109291
74.6	0.0109519
74.8	0.0109745
75	0.0109972
75.2	0.0110198
75.4	0.0110424
75.6	0.011065
75.8	0.0110875
76	0.01111
76.2	0.0111325
76.4	0.0111549
76.6	0.0111774
76.8	0.0111997
77	0.0112221
77.2	0.0112444
77.4	0.0112667
77.6	0.011289
77.8	0.0113112
78	0.0113334
78.2	0.0113556
78.4	0.0113777
78.6	0.0113999
78.8	0.011422
79	0.011444
79.2	0.011466
79.4	0.011488
79.6	0.01151
79.8	0.011532
80	0.0115539
80.2	0.0115757
80.4	0.0115976
80.6	0.0116194
80.8	0.0116412
81	0.011663
81.2	0.0116847
81.4	0.0117064
81.6	0.0117281
81.8	0.0117498
82	0.0117714
82.2	0.011793
82.4	0.0118145
82.6	0.0118361
82.8	0.0118576
83	0.011879
83.2	0.0119005
83.4	0.0119219
83.6	0.0119433
83.8	0.0119647
84	0.011986
84.2	0.0120073
84.4	0.0120286
84.6	0.0120498
84.8	0.0120711
85	0.0120922
85.2	0.0121134
85.4	0.0121345
85.6	0.0121557
85.8	0.0121767
86	0.0121978
86.2	0.0122188
86.4	0.0122398
86.6	0.0122608
86.8	0.0122817
87	0.0123026
87.2	0.0123235
87.4	0.0123444
87.6	0.0123652
87.8	0.012386
88	0.0124067
88.2	0.0124275
88.4	0.0124482
88.6	0.0124689
88.8	0.0124896
89	0.0125102
89.2	0.0125308
89.4	0.0125514
89.6	0.0125719
89.8	0.0125924
90	0.0126129
90.2	0.0126334
90.4	0.0126538
90.6	0.0126743
90.8	0.0126946
91	0.012715
91.2	0.0127353
91.4	0.0127556
91.6	0.0127759
91.8	0.0127962
92	0.0128164
92.2	0.0128366
92.4	0.0128567
92.6	0.0128769
92.8	0.012897
93	0.0129171
93.2	0.0129371
93.4	0.0129572
93.6	0.0129772
93.8	0.0129972
94	0.0130171
94.2	0.013037
94.4	0.0130569
94.6	0.0130768
94.8	0.0130967
95	0.0131165
95.2	0.0131363
95.4	0.0131561
95.6	0.0131758
95.8	0.0131955
96	0.0132152
96.2	0.0132349
96.4	0.0132545
96.6	0.0132741
96.8	0.0132937
97	0.0133132
97.2	0.0133328
97.4	0.0133523
97.6	0.0133718
97.8	0.0133912
98	0.0134106
98.2	0.01343
98.4	0.0134494
98.6	0.0134688
98.8	0.0134881
99	0.0135074
99.2	0.0135266
99.4	0.0135459
99.6	0.0135651
99.8	0.0135843
100	0.0136035
100.2	0.0136226
100.4	0.0136417
100.6	0.0136608
100.8	0.0136799
101	0.0136989
101.2	0.0137179
101.4	0.0137369
101.6	0.0137559
101.8	0.0137748
102	0.0137937
102.2	0.0138126
102.4	0.0138315
102.6	0.0138503
102.8	0.0138691
103	0.0138879
103.2	0.0139067
103.4	0.0139254
103.6	0.0139441
103.8	0.0139628
104	0.0139815
104.2	0.0140001
104.4	0.0140187
104.6	0.0140373
104.8	0.0140559
105	0.0140744
105.2	0.0140929
105.4	0.0141114
105.6	0.0141298
105.8	0.0141483
106	0.0141667
106.2	0.0141851
106.4	0.0142034
106.6	0.0142218
106.8	0.0142401
107	0.0142584
107.2	0.0142766
107.4	0.0142949
107.6	0.0143131
107.8	0.0143313
108	0.0143495
108.2	0.0143676
108.4	0.0143857
108.6	0.0144038
108.8	0.0144219
109	0.0144399
109.2	0.0144579
109.4	0.0144759
109.6	0.0144939
109.8	0.0145119
110	0.0145298
110.2	0.0145477
110.4	0.0145656
110.6	0.0145834
110.8	0.0146012
111	0.014619
111.2	0.0146368
111.4	0.0146546
111.6	0.0146723
111.8	0.01469
112	0.0147077
112.2	0.0147254
112.4	0.014743
112.6	0.0147606
112.8	0.0147782
113	0.0147958
113.2	0.0148133
113.4	0.0148308
113.6	0.0148483
113.8	0.0148658
114	0.0148833
114.2	0.0149007
114.4	0.0149181
114.6	0.0149355
114.8	0.0149528
115	0.0149701
115.2	0.0149875
115.4	0.0150047
115.6	0.015022
115.8	0.0150392
116	0.0150565
116.2	0.0150736
116.4	0.0150908
116.6	0.015108
116.8	0.0151251
117	0.0151422
117.2	0.0151593
117.4	0.0151763
117.6	0.0151934
117.8	0.0152104
118	0.0152274
118.2	0.0152443
118.4	0.0152613
118.6	0.0152782
118.8	0.0152951
119	0.0153119
119.2	0.0153288
119.4	0.0153456
119.6	0.0153624
119.8	0.0153792
120	0.015396
120.2	0.0154127
120.4	0.0154294
120.6	0.0154461
120.8	0.0154628
121	0.0154794
121.2	0.015496
121.4	0.0155127
121.6	0.0155292
121.8	0.0155458
122	0.0155623
122.2	0.0155788
122.4	0.0155953
122.6	0.0156118
122.8	0.0156282
123	0.0156447
123.2	0.0156611
123.4	0.0156775
123.6	0.0156938
123.8	0.0157102
124	0.0157265
124.2	0.0157428
124.4	0.015759
124.6	0.0157753
124.8	0.0157915
125	0.0158077
125.2	0.0158239
125.4	0.0158401
125.6	0.0158562
125.8	0.0158723
126	0.0158884
126.2	0.0159045
126.4	0.0159205
126.6	0.0159366
126.8	0.0159526
127	0.0159686
127.2	0.0159845
127.4	0.0160005
127.6	0.0160164
127.8	0.0160323
128	0.0160482
128.2	0.0160641
128.4	0.0160799
128.6	0.0160957
128.8	0.0161115
129	0.0161273
129.2	0.016143
129.4	0.0161588
129.6	0.0161745
129.8	0.0161902
130	0.0162058
130.2	0.0162215
130.4	0.0162371
130.6	0.0162527
130.8	0.0162683
131	0.0162839
131.2	0.0162994
131.4	0.0163149
131.6	0.0163304
131.8	0.0163459
132	0.0163614
132.2	0.0163768
132.4	0.0163922
132.6	0.0164076
132.8	0.016423
133	0.0164384
133.2	0.0164537
133.4	0.016469
133.6	0.0164843
133.8	0.0164996
134	0.0165148
134.2	0.0165301
134.4	0.0165453
134.6	0.0165605
134.8	0.0165756
135	0.0165908
135.2	0.0166059
135.4	0.016621
135.6	0.0166361
135.8	0.0166512
136	0.0166662
136.2	0.0166813
136.4	0.0166963
136.6	0.0167113
136.8	0.0167262
137	0.0167412
137.2	0.0167561
137.4	0.016771
137.6	0.0167859
137.8	0.0168008
138	0.0168156
138.2	0.0168304
138.4	0.0168453
138.6	0.01686
138.8	0.0168748
139	0.0168896
139.2	0.0169043
139.4	0.016919
139.6	0.0169337
139.8	0.0169483
140	0.016963
140.2	0.0169776
140.4	0.0169922
140.6	0.0170068
140.8	0.0170214
141	0.0170359
141.2	0.0170505
141.4	0.017065
141.6	0.0170795
141.8	0.0170939
142	0.0171084
142.2	0.0171228
142.4	0.0171372
142.6	0.0171516
142.8	0.017166
143	0.0171804
143.2	0.0171947
143.4	0.017209
143.6	0.0172233
143.8	0.0172376
144	0.0172519
144.2	0.0172661
144.4	0.0172803
144.6	0.0172945
144.8	0.0173087
145	0.0173229
145.2	0.017337
145.4	0.0173511
145.6	0.0173652
145.8	0.0173793
146	0.0173934
146.2	0.0174074
146.4	0.0174215
146.6	0.0174355
146.8	0.0174495
147	0.0174635
147.2	0.0174774
147.4	0.0174913
147.6	0.0175053
147.8	0.0175192
148	0.017533
148.2	0.0175469
148.4	0.0175607
148.6	0.0175746
148.8	0.0175884
149	0.0176022
149.2	0.0176159
149.4	0.0176297
149.6	0.0176434
149.8	0.0176571
150	0.0176708
150.2	0.0176845
150.4	0.0176981
150.6	0.0177118
150.8	0.0177254
151	0.017739
151.2	0.0177526
151.4	0.0177662
151.6	0.0177797
151.8	0.0177932
152	0.0178067
152.2	0.0178202
152.4	0.0178337
152.6	0.0178472
152.8	0.0178606
153	0.017874
153.2	0.0178874
153.4	0.0179008
153.6	0.0179142
153.8	0.0179275
154	0.0179408
154.2	0.0179542
154.4	0.0179674
154.6	0.0179807
154.8	0.017994
155	0.0180072
155.2	0.0180204
155.4	0.0180336
155.6	0.0180468
155.8	0.01806
156	0.0180731
156.2	0.0180863
156.4	0.0180994
156.6	0.0181125
156.8	0.0181256
157	0.0181386
157.2	0.0181517
157.4	0.0181647
157.6	0.0181777
157.8	0.0181907
158	0.0182037
158.2	0.0182166
158.4	0.0182296
158.6	0.0182425
158.8	0.0182554
159	0.0182683
159.2	0.0182811
159.4	0.018294
159.6	0.0183068
159.8	0.0183196
160	0.0183324
160.2	0.0183452
160.4	0.018358
160.6	0.0183707
160.8	0.0183835
161	0.0183962
161.2	0.0184089
161.4	0.0184216
161.6	0.0184342
161.8	0.0184469
162	0.0184595
162.2	0.0184721
162.4	0.0184847
162.6	0.0184973
162.8	0.0185098
163	0.0185224
163.2	0.0185349
163.4	0.0185474
163.6	0.0185599
163.8	0.0185724
164	0.0185848
164.2	0.0185973
164.4	0.0186097
164.6	0.0186221
164.8	0.0186345
165	0.0186469
165.2	0.0186592
165.4	0.0186716
165.6	0.0186839
165.8	0.0186962
166	0.0187085
166.2	0.0187208
166.4	0.018733
166.6	0.0187453
166.8	0.0187575
167	0.0187697
167.2	0.0187819
167.4	0.0187941
167.6	0.0188062
167.8	0.0188184
168	0.0188305
168.2	0.0188426
168.4	0.0188547
168.6	0.0188668
168.8	0.0188789
169	0.0188909
169.2	0.0189029
169.4	0.0189149
169.6	0.0189269
169.8	0.0189389
170	0.0189509
170.2	0.0189628
170.4	0.0189748
170.6	0.0189867
170.8	0.0189986
171	0.0190104
171.2	0.0190223
171.4	0.0190342
171.6	0.019046
171.8	0.0190578
172	0.0190696
172.2	0.0190814
172.4	0.0190932
172.6	0.0191049
172.8	0.0191167
173	0.0191284
173.2	0.0191401
173.4	0.0191518
173.6	0.0191635
173.8	0.0191751
174	0.0191868
174.2	0.0191984
174.4	0.01921
174.6	0.0192216
174.8	0.0192332
175	0.0192448
175.2	0.0192563
175.4	0.0192678
175.6	0.0192794
175.8	0.0192909
176	0.0193024
176.2	0.0193138
176.4	0.0193253
176.6	0.0193367
176.8	0.0193481
177	0.0193596
177.2	0.019371
177.4	0.0193823
177.6	0.0193937
177.8	0.019405
178	0.0194164
178.2	0.0194277
178.4	0.019439
178.6	0.0194503
178.8	0.0194616
179	0.0194728
179.2	0.0194841
179.4	0.0194953
179.6	0.0195065
179.8	0.0195177
180	0.0195289
180.2	0.01954
180.4	0.0195512
180.6	0.0195623
180.8	0.0195734
181	0.0195845
181.2	0.0195956
181.4	0.0196067
181.6	0.0196178
181.8	0.0196288
182	0.0196398
182.2	0.0196509
182.4	0.0196619
182.6	0.0196729
182.8	0.0196838
183	0.0196948
183.2	0.0197057
183.4	0.0197166
183.6	0.0197276
183.8	0.0197385
184	0.0197493
184.2	0.0197602
184.4	0.0197711
184.6	0.0197819
184.8	0.0197927
185	0.0198035
185.2	0.0198143
185.4	0.0198251
185.6	0.0198359
185.8	0.0198466
186	0.0198574
186.2	0.0198681
186.4	0.0198788
186.6	0.0198895
186.8	0.0199002
187	0.0199108
187.2	0.0199215
187.4	0.0199321
187.6	0.0199427
187.8	0.0199533
188	0.0199639
188.2	0.0199745
188.4	0.0199851
188.6	0.0199956
188.8	0.0200061
189	0.0200167
189.2	0.0200272
189.4	0.0200377
189.6	0.0200481
189.8	0.0200586
190	0.020069
190.2	0.0200795
190.4	0.0200899
190.6	0.0201003
190.8	0.0201107
191	0.0201211
191.2	0.0201314
191.4	0.0201418
191.6	0.0201521
191.8	0.0201625
192	0.0201728
192.2	0.0201831
192.4	0.0201933
192.6	0.0202036
192.8	0.0202139
193	0.0202241
193.2	0.0202343
193.4	0.0202445
193.6	0.0202547
193.8	0.0202649
194	0.0202751
194.2	0.0202852
194.4	0.0202954
194.6	0.0203055
194.8	0.0203156
195	0.0203257
195.2	0.0203358
195.4	0.0203459
195.6	0.0203559
195.8	0.020366
196	0.020376
196.2	0.020386
196.4	0.020396
196.6	0.020406
196.8	0.020416
197	0.020426
197.2	0.0204359
197.4	0.0204459
197.6	0.0204558
197.8	0.0204657
198	0.0204756
198.2	0.0204855
198.4	0.0204954
198.6	0.0205052
198.8	0.0205151
199	0.0205249
199.2	0.0205347
199.4	0.0205445
199.6	0.0205543
199.8	0.0205641
200	0.0205738
200.2	0.0205836
200.4	0.0205933
200.6	0.0206031
200.8	0.0206128
201	0.0206225
201.2	0.0206322
201.4	0.0206418
201.6	0.0206515
201.8	0.0206611
202	0.0206708
202.2	0.0206804
202.4	0.02069
202.6	0.0206996
202.8	0.0207092
203	0.0207187
203.2	0.0207283
203.4	0.0207378
203.6	0.0207474
203.8	0.0207569
204	0.0207664
204.2	0.0207759
204.4	0.0207854
204.6	0.0207948
204.8	0.0208043
205	0.0208137
205.2	0.0208231
205.4	0.0208325
205.6	0.0208419
205.8	0.0208513
206	0.0208607
206.2	0.0208701
206.4	0.0208794
206.6	0.0208888
206.8	0.0208981
207	0.0209074
207.2	0.0209167
207.4	0.020926
207.6	0.0209353
207.8	0.0209445
208	0.0209538
208.2	0.020963
208.4	0.0209722
208.6	0.0209814
208.8	0.0209906
209	0.0209998
209.2	0.021009
209.4	0.0210182
209.6	0.0210273
209.8	0.0210364
210	0.0210456
210.2	0.0210547
210.4	0.0210638
210.6	0.0210729
210.8	0.0210819
211	0.021091
211.2	0.0211001
211.4	0.0211091
211.6	0.0211181
211.8	0.0211271
212	0.0211361
212.2	0.0211451
212.4	0.0211541
212.6	0.0211631
212.8	0.021172
213	0.021181
213.2	0.0211899
213.4	0.0211988
213.6	0.0212077
213.8	0.0212166
214	0.0212255
214.2	0.0212343
214.4	0.0212432
214.6	0.021252
214.8	0.0212609
215	0.0212697
215.2	0.0212785
215.4	0.0212873
215.6	0.0212961
215.8	0.0213049
216	0.0213136
216.2	0.0213224
216.4	0.0213311
216.6	0.0213398
216.8	0.0213485
217	0.0213572
217.2	0.0213659
217.4	0.0213746
217.6	0.0213833
217.8	0.0213919
218	0.0214006
218.2	0.0214092
218.4	0.0214178
218.6	0.0214264
218.8	0.021435
219	0.0214436
219.2	0.0214522
219.4	0.0214607
219.6	0.0214693
219.8	0.0214778
220	0.0214863
220.2	0.0214949
220.4	0.0215034
220.6	0.0215118
220.8	0.0215203
221	0.0215288
221.2	0.0215373
221.4	0.0215457
221.6	0.0215541
221.8	0.0215626
222	0.021571
222.2	0.0215794
222.4	0.0215878
222.6	0.0215961
222.8	0.0216045
223	0.0216128
223.2	0.0216212
223.4	0.0216295
223.6	0.0216378
223.8	0.0216461
224	0.0216544
224.2	0.0216627
224.4	0.021671
224.6	0.0216793
224.8	0.0216875
225	0.0216958
225.2	0.021704
225.4	0.0217122
225.6	0.0217204
225.8	0.0217286
226	0.0217368
226.2	0.021745
226.4	0.0217531
226.6	0.0217613
226.8	0.0217694
227	0.0217776
227.2	0.0217857
227.4	0.0217938
227.6	0.0218019
227.8	0.02181
228	0.021818
228.2	0.0218261
228.4	0.0218342
228.6	0.0218422
228.8	0.0218502
229	0.0218583
229.2	0.0218663
229.4	0.0218743
229.6	0.0218822
229.8	0.0218902
230	0.0218982
230.2	0.0219061
230.4	0.0219141
230.6	0.021922
230.8	0.0219299
231	0.0219379
231.2	0.0219458
231.4	0.0219537
231.6	0.0219615
231.8	0.0219694
232	0.0219773
232.2	0.0219851
232.4	0.0219929
232.6	0.0220008
232.8	0.0220086
233	0.0220164
233.2	0.0220242
233.4	0.022032
233.6	0.0220397
233.8	0.0220475
234	0.0220553
234.2	0.022063
234.4	0.0220707
234.6	0.0220785
234.8	0.0220862
235	0.0220939
235.2	0.0221016
235.4	0.0221092
235.6	0.0221169
235.8	0.0221246
236	0.0221322
236.2	0.0221398
236.4	0.0221475
236.6	0.0221551
236.8	0.0221627
237	0.0221703
237.2	0.0221779
237.4	0.0221854
237.6	0.022193
237.8	0.0222006
238	0.0222081
238.2	0.0222156
238.4	0.0222232
238.6	0.0222307
238.8	0.0222382
239	0.0222457
239.2	0.0222532
239.4	0.0222606
239.6	0.0222681
239.8	0.0222756
240	0.022283
240.2	0.0222904
240.4	0.0222978
240.6	0.0223053
240.8	0.0223127
241	0.0223201
241.2	0.0223274
241.4	0.0223348
241.6	0.0223422
241.8	0.0223495
242	0.0223569
242.2	0.0223642
242.4	0.0223715
242.6	0.0223788
242.8	0.0223861
243	0.0223934
243.2	0.0224007
243.4	0.022408
243.6	0.0224152
243.8	0.0224225
244	0.0224297
244.2	0.022437
244.4	0.0224442
244.6	0.0224514
244.8	0.0224586
245	0.0224658
245.2	0.022473
245.4	0.0224802
245.6	0.0224873
245.8	0.0224945
246	0.0225016
246.2	0.0225088
246.4	0.0225159
246.6	0.022523
246.8	0.0225301
247	0.0225372
247.2	0.0225443
247.4	0.0225514
247.6	0.0225584
247.8	0.0225655
248	0.0225725
248.2	0.0225796
248.4	0.0225866
248.6	0.0225936
248.8	0.0226006
249	0.0226076
249.2	0.0226146
249.4	0.0226216
249.6	0.0226286
249.8	0.0226356
250	0.0226425
250.2	0.0226495
250.4	0.0226564
250.6	0.0226633
250.8	0.0226702
251	0.0226771
251.2	0.022684
251.4	0.0226909
251.6	0.0226978
251.8	0.0227047
252	0.0227115
252.2	0.0227184
252.4	0.0227252
252.6	0.022732
252.8	0.0227389
253	0.0227457
253.2	0.0227525
253.4	0.0227593
253.6	0.0227661
253.8	0.0227728
254	0.0227796
254.2	0.0227864
254.4	0.0227931
254.6	0.0227999
254.8	0.0228066
255	0.0228133
255.2	0.02282
255.4	0.0228267
255.6	0.0228334
255.8	0.0228401
256	0.0228468
256.2	0.0228534
256.4	0.0228601
256.6	0.0228667
256.8	0.0228734
257	0.02288
257.2	0.0228866
257.4	0.0228932
257.6	0.0228998
257.8	0.0229064
258	0.022913
258.2	0.0229196
258.4	0.0229262
258.6	0.0229327
258.8	0.0229393
259	0.0229458
259.2	0.0229523
259.4	0.0229589
259.6	0.0229654
259.8	0.0229719
260	0.0229784
260.2	0.0229849
260.4	0.0229913
260.6	0.0229978
260.8	0.0230043
261	0.0230107
261.2	0.0230172
261.4	0.0230236
261.6	0.02303
261.8	0.0230365
262	0.0230429
262.2	0.0230493
262.4	0.0230556
262.6	0.023062
262.8	0.0230684
263	0.0230748
263.2	0.0230811
263.4	0.0230875
263.6	0.0230938
263.8	0.0231001
264	0.0231065
264.2	0.0231128
264.4	0.0231191
264.6	0.0231254
264.8	0.0231317
265	0.0231379
265.2	0.0231442
265.4	0.0231505
265.6	0.0231567
265.8	0.023163
266	0.0231692
266.2	0.0231754
266.4	0.0231817
266.6	0.0231879
266.8	0.0231941
267	0.0232003
267.2	0.0232064
267.4	0.0232126
267.6	0.0232188
267.8	0.0232249
268	0.0232311
268.2	0.0232372
268.4	0.0232434
268.6	0.0232495
268.8	0.0232556
269	0.0232617
269.2	0.0232678
269.4	0.0232739
269.6	0.02328
269.8	0.0232861
270	0.0232922
270.2	0.0232982
270.4	0.0233043
270.6	0.0233103
270.8	0.0233164
271	0.0233224
271.2	0.0233284
271.4	0.0233344
271.6	0.0233404
271.8	0.0233464
272	0.0233524
272.2	0.0233584
272.4	0.0233643
272.6	0.0233703
272.8	0.0233763
273	0.0233822
273.2	0.0233881
273.4	0.0233941
273.6	0.0234
273.8	0.0234059
274	0.0234118
274.2	0.0234177
274.4	0.0234236
274.6	0.0234295
274.8	0.0234354
275	0.0234412
275.2	0.0234471
275.4	0.0234529
275.6	0.0234588
275.8	0.0234646
276	0.0234704
276.2	0.0234762
276.4	0.0234821
276.6	0.0234879
276.8	0.0234936
277	0.0234994
277.2	0.0235052
277.4	0.023511
277.6	0.0235167
277.8	0.0235225
278	0.0235282
278.2	0.023534
278.4	0.0235397
278.6	0.0235454
278.8	0.0235512
279	0.0235569
279.2	0.0235626
279.4	0.0235683
279.6	0.0235739
279.8	0.0235796
280	0.0235853
280.2	0.0235909
280.4	0.0235966
280.6	0.0236022
280.8	0.0236079
281	0.0236135
281.2	0.0236191
281.4	0.0236248
281.6	0.0236304
281.8	0.023636
282	0.0236416
282.2	0.0236471
282.4	0.0236527
282.6	0.0236583
282.8	0.0236638
283	0.0236694
283.2	0.0236749
283.4	0.0236805
283.6	0.023686
283.8	0.0236915
284	0.0236971
284.2	0.0237026
284.4	0.0237081
284.6	0.0237136
284.8	0.023719
285	0.0237245
285.2	0.02373
285.4	0.0237355
285.6	0.0237409
285.8	0.0237464
286	0.0237518
286.2	0.0237572
286.4	0.0237627
286.6	0.0237681
286.8	0.0237735
287	0.0237789
287.2	0.0237843
287.4	0.0237897
287.6	0.0237951
287.8	0.0238005
288	0.0238058
288.2	0.0238112
288.4	0.0238165
288.6	0.0238219
288.8	0.0238272
289	0.0238326
289.2	0.0238379
289.4	0.0238432
289.6	0.0238485
289.8	0.0238538
290	0.0238591
290.2	0.0238644
290.4	0.0238697
290.6	0.023875
290.8	0.0238802
291	0.0238855
291.2	0.0238907
291.4	0.023896
291.6	0.0239012
291.8	0.0239064
292	0.0239117
292.2	0.0239169
292.4	0.0239221
292.6	0.0239273
292.8	0.0239325
293	0.0239377
293.2	0.0239429
293.4	0.023948
293.6	0.0239532
293.8	0.0239584
294	0.0239635
294.2	0.0239687
294.4	0.0239738
294.6	0.0239789
294.8	0.0239841
295	0.0239892
295.2	0.0239943
295.4	0.0239994
295.6	0.0240045
295.8	0.0240096
296	0.0240147
296.2	0.0240197
296.4	0.0240248
296.6	0.0240299
296.8	0.0240349
297	0.02404
297.2	0.024045
297.4	0.0240501
297.6	0.0240551
297.8	0.0240601
298	0.0240651
298.2	0.0240701
298.4	0.0240751
298.6	0.0240801
298.8	0.0240851
299	0.0240901
299.2	0.0240951
299.4	0.0241
299.6	0.024105
299.8	0.0241099
300	0.0241149
300.2	0.02412
300.4	0.0241253
300.6	0.0241309
300.8	0.0241366
301	0.0241425
301.2	0.0241487
301.4	0.024155
301.6	0.0241615
301.8	0.0241682
302	0.0241751
302.2	0.0241822
302.4	0.0241894
302.6	0.0241968
302.8	0.0242044
303	0.0242122
303.2	0.0242201
303.4	0.0242281
303.6	0.0242363
303.8	0.0242447
304	0.0242532
304.2	0.0242618
304.4	0.0242706
304.6	0.0242795
304.8	0.0242886
305	0.0242978
305.2	0.0243071
305.4	0.0243165
305.6	0.0243261
305.8	0.0243358
306	0.0243456
306.2	0.0243555
306.4	0.0243656
306.6	0.0243757
306.8	0.0243859
307	0.0243963
307.2	0.0244068
307.4	0.0244173
307.6	0.024428
307.8	0.0244387
308	0.0244496
308.2	0.0244605
308.4	0.0244715
308.6	0.0244826
308.8	0.0244938
309	0.0245051
309.2	0.0245165
309.4	0.0245279
309.6	0.0245394
309.8	0.024551
310	0.0245627
310.2	0.0245744
310.4	0.0245862
310.6	0.0245981
310.8	0.0246101
311	0.0246221
311.2	0.0246341
311.4	0.0246463
311.6	0.0246585
311.8	0.0246707
312	0.024683
312.2	0.0246954
312.4	0.0247078
312.6	0.0247203
312.8	0.0247328
313	0.0247454
313.2	0.024758
313.4	0.0247707
313.6	0.0247834
313.8	0.0247962
314	0.024809
314.2	0.0248219
314.4	0.0248347
314.6	0.0248477
314.8	0.0248607
315	0.0248737
315.2	0.0248867
315.4	0.0248998
315.6	0.0249129
315.8	0.0249261
316	0.0249393
316.2	0.0249525
316.4	0.0249657
316.6	0.024979
316.8	0.0249923
317	0.0250057
317.2	0.025019
317.4	0.0250324
317.6	0.0250458
317.8	0.0250593
318	0.0250727
318.2	0.0250862
318.4	0.0250997
318.6	0.0251133
318.8	0.0251268
319	0.0251404
319.2	0.025154
319.4	0.0251676
319.6	0.0251812
319.8	0.0251948
320	0.0252085
320.2	0.0252222
320.4	0.0252359
320.6	0.0252496
320.8	0.0252633
321	0.025277
321.2	0.0252908
321.4	0.0253045
321.6	0.0253183
321.8	0.0253321
322	0.0253459
322.2	0.0253597
322.4	0.0253735
322.6	0.0253873
322.8	0.0254011
323	0.025415
323.2	0.0254288
323.4	0.0254426
323.6	0.0254565
323.8	0.0254704
324	0.0254842
324.2	0.0254981
324.4	0.025512
324.6	0.0255258
324.8	0.0255397
325	0.0255536
325.2	0.0255675
325.4	0.0255814
325.6	0.0255953
325.8	0.0256092
326	0.0256231
326.2	0.025637
326.4	0.0256509
326.6	0.0256648
326.8	0.0256786
327	0.0256925
327.2	0.0257064
327.4	0.0257203
327.6	0.0257342
327.8	0.0257481
328	0.025762
328.2	0.0257759
328.4	0.0257898
328.6	0.0258037
328.8	0.0258175
329	0.0258314
329.2	0.0258453
329.4	0.0258592
329.6	0.025873
329.8	0.0258869
330	0.0259007
330.2	0.0259146
330.4	0.0259284
330.6	0.0259423
330.8	0.0259561
331	0.0259699
331.2	0.0259837
331.4	0.0259976
331.6	0.0260114
331.8	0.0260252
332	0.026039
332.2	0.0260528
332.4	0.0260665
332.6	0.0260803
332.8	0.0260941
333	0.0261078
333.2	0.0261216
333.4	0.0261353
333.6	0.0261491
333.8	0.0261628
334	0.0261765
334.2	0.0261902
334.4	0.0262039
334.6	0.0262176
334.8	0.0262313
335	0.026245
335.2	0.0262586
335.4	0.0262723
335.6	0.0262859
335.8	0.0262996
336	0.0263132
336.2	0.0263268
336.4	0.0263404
336.6	0.026354
336.8	0.0263676
337	0.0263812
337.2	0.0263947
337.4	0.0264083
337.6	0.0264218
337.8	0.0264354
338	0.0264489
338.2	0.0264624
338.4	0.0264759
338.6	0.0264894
338.8	0.0265029
339	0.0265163
339.2	0.0265298
339.4	0.0265432
339.6	0.0265567
339.8	0.0265701
340	0.0265835
340.2	0.0265969
340.4	0.0266103
340.6	0.0266236
340.8	0.026637
341	0.0266503
341.2	0.0266637
341.4	0.026677
341.6	0.0266903
341.8	0.0267036
342	0.0267169
342.2	0.0267301
342.4	0.0267434
342.6	0.0267567
342.8	0.0267699
343	0.0267831
343.2	0.0267963
343.4	0.0268095
343.6	0.0268227
343.8	0.0268359
344	0.026849
344.2	0.0268622
344.4	0.0268753
344.6	0.0268884
344.8	0.0269015
345	0.0269146
345.2	0.0269277
345.4	0.0269407
345.6	0.0269538
345.8	0.0269668
346	0.0269799
346.2	0.0269929
346.4	0.0270059
346.6	0.0270188
346.8	0.0270318
347	0.0270448
347.2	0.0270577
347.4	0.0270706
347.6	0.0270836
347.8	0.0270965
348	0.0271093
348.2	0.0271222
348.4	0.0271351
348.6	0.0271479
348.8	0.0271608
349	0.0271736
349.2	0.0271864
349.4	0.0271992
349.6	0.0272119
349.8	0.0272247
350	0.0272375
350.2	0.0272502
350.4	0.0272629
350.6	0.0272756
350.8	0.0272883
351	0.027301
351.2	0.0273137
351.4	0.0273263
351.6	0.027339
351.8	0.0273516
352	0.0273642
352.2	0.0273768
352.4	0.0273894
352.6	0.0274019
352.8	0.0274145
353	0.027427
353.2	0.0274396
353.4	0.0274521
353.6	0.0274646
353.8	0.0274771
354	0.0274895
354.2	0.027502
354.4	0.0275144
354.6	0.0275268
354.8	0.0275393
355	0.0275517
355.2	0.027564
355.4	0.0275764
355.6	0.0275888
355.8	0.0276011
356	0.0276134
356.2	0.0276257
356.4	0.027638
356.6	0.0276503
356.8	0.0276626
357	0.0276749
357.2	0.0276871
357.4	0.0276993
357.6	0.0277115
357.8	0.0277237
358	0.0277359
358.2	0.0277481
358.4	0.0277603
358.6	0.0277724
358.8	0.0277845
359	0.0277967
359.2	0.0278088
359.4	0.0278208
359.6	0.0278329
359.8	0.027845
360	0.027857
360.2	0.0278691
360.4	0.0278811
360.6	0.0278931
360.8	0.0279051
361	0.027917
361.2	0.027929
361.4	0.0279409
361.6	0.0279529
361.8	0.0279648
362	0.0279767
362.2	0.0279886
362.4	0.0280005
362.6	0.0280123
362.8	0.0280242
363	0.028036
363.2	0.0280478
363.4	0.0280596
363.6	0.0280714
363.8	0.0280832
364	0.028095
364.2	0.0281067
364.4	0.0281185
364.6	0.0281302
364.8	0.0281419
365	0.0281536
365.2	0.0281653
365.4	0.0281769
365.6	0.0281886
365.8	0.0282002
366	0.0282119
366.2	0.0282235
366.4	0.0282351
366.6	0.0282466
366.8	0.0282582
367	0.0282698
367.2	0.0282813
367.4	0.0282928
367.6	0.0283044
367.8	0.0283159
368	0.0283273
368.2	0.0283388
368.4	0.0283503
368.6	0.0283617
368.8	0.0283732
369	0.0283846
369.2	0.028396
369.4	0.0284074
369.6	0.0284187
369.8	0.0284301
370	0.0284415
370.2	0.0284528
370.4	0.0284641
370.6	0.0284754
370.8	0.0284867
371	0.028498
371.2	0.0285093
371.4	0.0285205
371.6	0.0285318
371.8	0.028543
372	0.0285542
372.2	0.0285654
372.4	0.0285766
372.6	0.0285878
372.8	0.0285989
373	0.0286101
373.2	0.0286212
373.4	0.0286323
373.6	0.0286434
373.8	0.0286545
374	0.0286656
374.2	0.0286767
374.4	0.0286877
374.6	0.0286988
374.8	0.0287098
375	0.0287208
375.2	0.0287318
375.4	0.0287428
375.6	0.0287538
375.8	0.0287647
376	0.0287757
376.2	0.0287866
376.4	0.0287975
376.6	0.0288084
376.8	0.0288193
377	0.0288302
377.2	0.0288411
377.4	0.0288519
377.6	0.0288628
377.8	0.0288736
378	0.0288844
378.2	0.0288952
378.4	0.028906
378.6	0.0289168
378.8	0.0289275
379	0.0289383
379.2	0.028949
379.4	0.0289598
379.6	0.0289705
379.8	0.0289812
380	0.0289918
380.2	0.0290025
380.4	0.0290132
380.6	0.0290238
380.8	0.0290345
381	0.0290451
381.2	0.0290557
381.4	0.0290663
381.6	0.0290769
381.8	0.0290874
382	0.029098
382.2	0.0291085
382.4	0.029119
382.6	0.0291296
382.8	0.0291401
383	0.0291506
383.2	0.029161
383.4	0.0291715
383.6	0.029182
383.8	0.0291924
384	0.0292028
384.2	0.0292132
384.4	0.0292236
384.6	0.029234
384.8	0.0292444
385	0.0292548
385.2	0.0292651
385.4	0.0292755
385.6	0.0292858
385.8	0.0292961
386	0.0293064
386.2	0.0293167
386.4	0.029327
386.6	0.0293372
386.8	0.0293475
387	0.0293577
387.2	0.0293679
387.4	0.0293781
387.6	0.0293884
387.8	0.0293985
388	0.0294087
388.2	0.0294189
388.4	0.029429
388.6	0.0294392
388.8	0.0294493
389	0.0294594
389.2	0.0294695
389.4	0.0294796
389.6	0.0294897
389.8	0.0294997
390	0.0295098
390.2	0.0295198
390.4	0.0295299
390.6	0.0295399
390.8	0.0295499
391	0.0295599
391.2	0.0295699
391.4	0.0295798
391.6	0.0295898
391.8	0.0295997
392	0.0296096
392.2	0.0296196
392.4	0.0296295
392.6	0.0296394
392.8	0.0296492
393	0.0296591
393.2	0.029669
393.4	0.0296788
393.6	0.0296887
393.8	0.0296985
394	0.0297083
394.2	0.0297181
394.4	0.0297279
394.6	0.0297376
394.8	0.0297474
395	0.0297572
395.2	0.0297669
395.4	0.0297766
395.6	0.0297863
395.8	0.029796
396	0.0298057
396.2	0.0298154
396.4	0.0298251
396.6	0.0298347
396.8	0.0298444
397	0.029854
397.2	0.0298636
397.4	0.0298732
397.6	0.0298828
397.8	0.0298924
398	0.029902
398.2	0.0299115
398.4	0.0299211
398.6	0.0299306
398.8	0.0299402
399	0.0299497
399.2	0.0299592
399.4	0.0299687
399.6	0.0299781
399.8	0.0299876
400	0.0299971
400.2	0.0300065
400.4	0.030016
400.6	0.0300254
400.8	0.0300348
401	0.0300442
401.2	0.0300536
401.4	0.0300629
401.6	0.0300723
401.8	0.0300817
402	0.030091
402.2	0.0301003
402.4	0.0301097
402.6	0.030119
402.8	0.0301283
403	0.0301375
403.2	0.0301468
403.4	0.0301561
403.6	0.0301653
403.8	0.0301746
404	0.0301838
404.2	0.030193
404.4	0.0302022
404.6	0.0302114
404.8	0.0302206
405	0.0302298
405.2	0.0302389
405.4	0.0302481
405.6	0.0302572
405.8	0.0302663
406	0.0302754
406.2	0.0302846
406.4	0.0302936
406.6	0.0303027
406.8	0.0303118
407	0.0303209
407.2	0.0303299
407.4	0.0303389
407.6	0.030348
407.8	0.030357
408	0.030366
408.2	0.030375
408.4	0.030384
408.6	0.0303929
408.8	0.0304019
409	0.0304108
409.2	0.0304198
409.4	0.0304287
409.6	0.0304376
409.8	0.0304465
410	0.0304554
410.2	0.0304643
410.4	0.0304732
410.6	0.0304821
410.8	0.0304909
411	0.0304997
411.2	0.0305086
411.4	0.0305174
411.6	0.0305262
411.8	0.030535
412	0.0305438
412.2	0.0305526
412.4	0.0305613
412.6	0.0305701
412.8	0.0305788
413	0.0305876
413.2	0.0305963
413.4	0.030605
413.6	0.0306137
413.8	0.0306224
414	0.0306311
414.2	0.0306397
414.4	0.0306484
414.6	0.030657
414.8	0.0306657
415	0.0306743
415.2	0.0306829
415.4	0.0306915
415.6	0.0307001
415.8	0.0307087
416	0.0307173
416.2	0.0307258
416.4	0.0307344
416.6	0.0307429
416.8	0.0307515
417	0.03076
417.2	0.0307685
417.4	0.030777
417.6	0.0307855
417.8	0.030794
418	0.0308024
418.2	0.0308109
418.4	0.0308193
418.6	0.0308278
418.8	0.0308362
419	0.0308446
419.2	0.030853
419.4	0.0308614
419.6	0.0308698
419.8	0.0308782
420	0.0308866
420.2	0.0308949
420.4	0.0309033
420.6	0.0309116
420.8	0.0309199
421	0.0309282
421.2	0.0309365
421.4	0.0309448
421.6	0.0309531
421.8	0.0309614
422	0.0309697
422.2	0.0309779
422.4	0.0309862
422.6	0.0309944
422.8	0.0310026
423	0.0310108
423.2	0.031019
423.4	0.0310272
423.6	0.0310354
423.8	0.0310436
424	0.0310517
424.2	0.0310599
424.4	0.031068
424.6	0.0310762
424.8	0.0310843
425	0.0310924
425.2	0.0311005
425.4	0.0311086
425.6	0.0311167
425.8	0.0311248
426	0.0311328
426.2	0.0311409
426.4	0.0311489
426.6	0.031157
426.8	0.031165
427	0.031173
427.2	0.031181
427.4	0.031189
427.6	0.031197
427.8	0.031205
428	0.0312129
428.2	0.0312209
428.4	0.0312288
428.6	0.0312368
428.8	0.0312447
429	0.0312526
429.2	0.0312605
429.4	0.0312684
429.6	0.0312763
429.8	0.0312842
430	0.031292
430.2	0.0312999
430.4	0.0313078
430.6	0.0313156
430.8	0.0313234
431	0.0313312
431.2	0.0313391
431.4	0.0313469
431.6	0.0313546
431.8	0.0313624
432	0.0313702
432.2	0.031378
432.4	0.0313857
432.6	0.0313935
432.8	0.0314012
433	0.0314089
433.2	0.0314166
433.4	0.0314243
433.6	0.031432
433.8	0.0314397
434	0.0314474
434.2	0.0314551
434.4	0.0314627
434.6	0.0314704
434.8	0.031478
435	0.0314857
435.2	0.0314933
435.4	0.0315009
435.6	0.0315085
435.8	0.0315161
436	0.0315237
436.2	0.0315312
436.4	0.0315388
436.6	0.0315464
436.8	0.0315539
437	0.0315614
437.2	0.031569
437.4	0.0315765
437.6	0.031584
437.8	0.0315915
438	0.031599
438.2	0.0316065
438.4	0.0316139
438.6	0.0316214
438.8	0.0316289
439	0.0316363
439.2	0.0316437
439.4	0.0316512
439.6	0.0316586
439.8	0.031666
440	0.0316734
440.2	0.0316808
440.4	0.0316882
440.6	0.0316955
440.8	0.0317029
441	0.0317103
441.2	0.0317176
441.4	0.0317249
441.6	0.0317323
441.8	0.0317396
442	0.0317469
442.2	0.0317542
442.4	0.0317615
442.6	0.0317688
442.8	0.0317761
443	0.0317833
443.2	0.0317906
443.4	0.0317978
443.6	0.0318051
443.8	0.0318123
444	0.0318195
444.2	0.0318267
444.4	0.0318339
444.6	0.0318411
444.8	0.0318483
445	0.0318555
445.2	0.0318626
445.4	0.0318698
445.6	0.031877
445.8	0.0318841
446	0.0318912
446.2	0.0318983
446.4	0.0319055
446.6	0.0319126
446.8	0.0319197
447	0.0319268
447.2	0.0319338
447.4	0.0319409
447.6	0.031948
447.8	0.031955
448	0.0319621
448.2	0.0319691
448.4	0.0319761
448.6	0.0319831
448.8	0.0319902
449	0.0319972
449.2	0.0320042
449.4	0.0320111
449.6	0.0320181
449.8	0.0320251
450	0.032032
450.2	0.032039
450.4	0.0320459
450.6	0.0320529
450.8	0.0320598
451	0.0320667
451.2	0.0320736
451.4	0.0320805
451.6	0.0320874
451.8	0.0320943
452	0.0321012
452.2	0.032108
452.4	0.0321149
452.6	0.0321217
452.8	0.0321286
453	0.0321354
453.2	0.0321422
453.4	0.032149
453.6	0.0321559
453.8	0.0321627
454	0.0321694
454.2	0.0321762
454.4	0.032183
454.6	0.0321898
454.8	0.0321965
455	0.0322033
455.2	0.03221
455.4	0.0322167
455.6	0.0322235
455.8	0.0322302
456	0.0322369
456.2	0.0322436
456.4	0.0322503
456.6	0.032257
456.8	0.0322636
457	0.0322703
457.2	0.032277
457.4	0.0322836
457.6	0.0322903
457.8	0.0322969
458	0.0323035
458.2	0.0323101
458.4	0.0323167
458.6	0.0323233
458.8	0.0323299
459	0.0323365
459.2	0.0323431
459.4	0.0323497
459.6	0.0323562
459.8	0.0323628
460	0.0323693
460.2	0.0323758
460.4	0.0323824
460.6	0.0323889
460.8	0.0323954
461	0.0324019
461.2	0.0324084
461.4	0.0324149
461.6	0.0324214
461.8	0.0324279
462	0.0324343
462.2	0.0324408
462.4	0.0324472
462.6	0.0324537
462.8	0.0324601
463	0.0324665
463.2	0.0324729
463.4	0.0324793
463.6	0.0324857
463.8	0.0324921
464	0.0324985
464.2	0.0325049
464.4	0.0325113
464.6	0.0325176
464.8	0.032524
465	0.0325303
465.2	0.0325367
465.4	0.032543
465.6	0.0325493
465.8	0.0325556
466	0.0325619
466.2	0.0325682
466.4	0.0325745
466.6	0.0325808
466.8	0.0325871
467	0.0325934
467.2	0.0325996
467.4	0.0326059
467.6	0.0326121
467.8	0.0326184
468	0.0326246
468.2	0.0326308
468.4	0.032637
468.6	0.0326432
468.8	0.0326494
469	0.0326556
469.2	0.0326618
469.4	0.032668
469.6	0.0326742
469.8	0.0326803
470	0.0326865
470.2	0.0326926
470.4	0.0326988
470.6	0.0327049
470.8	0.032711
471	0.0327171
471.2	0.0327232
471.4	0.0327293
471.6	0.0327354
471.8	0.0327415
472	0.0327476
472.2	0.0327537
472.4	0.0327597
472.6	0.0327658
472.8	0.0327718
473	0.0327779
473.2	0.0327839
473.4	0.0327899
473.6	0.032796
473.8	0.032802
474	0.032808
474.2	0.032814
474.4	0.03282
474.6	0.032826
474.8	0.0328319
475	0.0328379
475.2	0.0328439
475.4	0.0328498
475.6	0.0328558
475.8	0.0328617
476	0.0328676
476.2	0.0328735
476.4	0.0328795
476.6	0.0328854
476.8	0.0328913
477	0.0328972
477.2	0.0329031
477.4	0.0329089
477.6	0.0329148
477.8	0.0329207
478	0.0329265
478.2	0.0329324
478.4	0.0329382
478.6	0.0329441
478.8	0.0329499
479	0.0329557
479.2	0.0329615
479.4	0.0329673
479.6	0.0329731
479.8	0.0329789
480	0.0329847
480.2	0.0329905
480.4	0.0329963
480.6	0.033002
480.8	0.0330078
481	0.0330136
481.2	0.0330193
481.4	0.033025
481.6	0.0330308
481.8	0.0330365
482	0.0330422
482.2	0.0330479
482.4	0.0330536
482.6	0.0330593
482.8	0.033065
483	0.0330707
483.2	0.0330764
483.4	0.033082
483.6	0.0330877
483.8	0.0330933
484	0.033099
484.2	0.0331046
484.4	0.0331103
484.6	0.0331159
484.8	0.0331215
485	0.0331271
485.2	0.0331327
485.4	0.0331383
485.6	0.0331439
485.8	0.0331495
486	0.0331551
486.2	0.0331606
486.4	0.0331662
486.6	0.0331718
486.8	0.0331773
487	0.0331829
487.2	0.0331884
487.4	0.0331939
487.6	0.0331994
487.8	0.033205
488	0.0332105
488.2	0.033216
488.4	0.0332215
488.6	0.033227
488.8	0.0332324
489	0.0332379
489.2	0.0332434
489.4	0.0332488
489.6	0.0332543
489.8	0.0332597
490	0.0332652
490.2	0.0332706
490.4	0.0332761
490.6	0.0332815
490.8	0.0332869
491	0.0332923
491.2	0.0332977
491.4	0.0333031
491.6	0.0333085
491.8	0.0333139
492	0.0333192
492.2	0.0333246
492.4	0.03333
492.6	0.0333353
492.8	0.0333407
493	0.033346
493.2	0.0333513
493.4	0.0333567
493.6	0.033362
493.8	0.0333673
494	0.0333726
494.2	0.0333779
494.4	0.0333832
494.6	0.0333885
494.8	0.0333938
495	0.0333991
495.2	0.0334043
495.4	0.0334096
495.6	0.0334149
495.8	0.0334201
496	0.0334254
496.2	0.0334306
496.4	0.0334358
496.6	0.0334411
496.8	0.0334463
497	0.0334515
497.2	0.0334567
497.4	0.0334619
497.6	0.0334671
497.8	0.0334723
498	0.0334774
498.2	0.0334826
498.4	0.0334878
498.6	0.033493
498.8	0.0334981
499	0.0335033
499.2	0.0335084
499.4	0.0335135
499.6	0.0335187
499.8	0.0335238
500	0.0335289
500.2	0.033534
500.4	0.0335391
500.6	0.0335442
500.8	0.0335493
501	0.0335544
501.2	0.0335595
501.4	0.0335645
501.6	0.0335696
501.8	0.0335747
502	0.0335797
502.2	0.0335848
502.4	0.0335898
502.6	0.0335948
502.8	0.0335999
503	0.0336049
503.2	0.0336099
503.4	0.0336149
503.6	0.0336199
503.8	0.0336249
504	0.0336299
504.2	0.0336349
504.4	0.0336399
504.6	0.0336449
504.8	0.0336498
505	0.0336548
505.2	0.0336597
505.4	0.0336647
505.6	0.0336696
505.8	0.0336746
506	0.0336795
506.2	0.0336844
506.4	0.0336893
506.6	0.0336943
506.8	0.0336992
507	0.0337041
507.2	0.033709
507.4	0.0337139
507.6	0.0337187
507.8	0.0337236
508	0.0337285
508.2	0.0337333
508.4	0.0337382
508.6	0.0337431
508.8	0.0337479
509	0.0337528
509.2	0.0337576
509.4	0.0337624
509.6	0.0337672
509.8	0.0337721
510	0.0337769
510.2	0.0337817
510.4	0.0337865
510.6	0.0337913
510.8	0.033796
511	0.0338008
511.2	0.0338056
511.4	0.0338104
511.6	0.0338151
511.8	0.0338199
512	0.0338246
512.2	0.0338294
512.4	0.0338341
512.6	0.0338389
512.8	0.0338436
513	0.0338483
513.2	0.033853
513.4	0.0338578
513.6	0.0338625
513.8	0.0338672
514	0.0338719
514.2	0.0338765
514.4	0.0338812
514.6	0.0338859
514.8	0.0338906
515	0.0338952
515.2	0.0338999
515.4	0.0339045
515.6	0.0339092
515.8	0.0339138
516	0.0339185
516.2	0.0339231
516.4	0.0339277
516.6	0.0339323
516.8	0.033937
517	0.0339416
517.2	0.0339462
517.4	0.0339508
517.6	0.0339554
517.8	0.0339599
518	0.0339645
518.2	0.0339691
518.4	0.0339737
518.6	0.0339782
518.8	0.0339828
519	0.0339873
519.2	0.0339919
519.4	0.0339964
519.6	0.034001
519.8	0.0340055
520	0.03401
520.2	0.0340145
520.4	0.034019
520.6	0.0340235
520.8	0.034028
521	0.0340325
521.2	0.034037
521.4	0.0340415
521.6	0.034046
521.8	0.0340505
522	0.0340549
522.2	0.0340594
522.4	0.0340639
522.6	0.0340683
522.8	0.0340728
523	0.0340772
523.2	0.0340816
523.4	0.0340861
523.6	0.0340905
523.8	0.0340949
524	0.0340993
524.2	0.0341037
524.4	0.0341081
524.6	0.0341125
524.8	0.0341169
525	0.0341213
525.2	0.0341257
525.4	0.0341301
525.6	0.0341344
525.8	0.0341388
526	0.0341432
526.2	0.0341475
526.4	0.0341519
526.6	0.0341562
526.8	0.0341605
527	0.0341649
527.2	0.0341692
527.4	0.0341735
527.6	0.0341778
527.8	0.0341822
528	0.0341865
528.2	0.0341908
528.4	0.0341951
528.6	0.0341993
528.8	0.0342036
529	0.0342079
529.2	0.0342122
529.4	0.0342165
529.6	0.0342207
529.8	0.034225
530	0.0342292
530.2	0.0342335
530.4	0.0342377
530.6	0.034242
530.8	0.0342462
531	0.0342504
531.2	0.0342546
531.4	0.0342589
531.6	0.0342631
531.8	0.0342673
532	0.0342715
532.2	0.0342757
532.4	0.0342799
532.6	0.034284
532.8	0.0342882
533	0.0342924
533.2	0.0342966
533.4	0.0343007
533.6	0.0343049
533.8	0.034309
534	0.0343132
534.2	0.0343173
534.4	0.0343215
534.6	0.0343256
534.8	0.0343297
535	0.0343339
535.2	0.034338
535.4	0.0343421
535.6	0.0343462
535.8	0.0343503
536	0.0343544
536.2	0.0343585
536.4	0.0343626
536.6	0.0343667
536.8	0.0343708
537	0.0343748
537.2	0.0343789
537.4	0.034383
537.6	0.034387
537.8	0.0343911
538	0.0343951
538.2	0.0343992
538.4	0.0344032
538.6	0.0344072
538.8	0.0344113
539	0.0344153
539.2	0.0344193
539.4	0.0344233
539.6	0.0344273
539.8	0.0344313
540	0.0344353
540.2	0.0344393
540.4	0.0344433
540.6	0.0344473
540.8	0.0344513
541	0.0344553
541.2	0.0344592
541.4	0.0344632
541.6	0.0344671
541.8	0.0344711
542	0.0344751
542.2	0.034479
542.4	0.0344829
542.6	0.0344869
542.8	0.0344908
543	0.0344947
543.2	0.0344987
543.4	0.0345026
543.6	0.0345065
543.8	0.0345104
544	0.0345143
544.2	0.0345182
544.4	0.0345221
544.6	0.034526
544.8	0.0345298
545	0.0345337
545.2	0.0345376
545.4	0.0345415
545.6	0.0345453
545.8	0.0345492
546	0.034553
546.2	0.0345569
546.4	0.0345607
546.6	0.0345646
546.8	0.0345684
547	0.0345722
547.2	0.0345761
547.4	0.0345799
547.6	0.0345837
547.8	0.0345875
548	0.0345913
548.2	0.0345951
548.4	0.0345989
548.6	0.0346027
548.8	0.0346065
549	0.0346103
549.2	0.0346141
549.4	0.0346178
549.6	0.0346216
549.8	0.0346254
550	0.0346291
550.2	0.0346329
550.4	0.0346366
550.6	0.0346404
550.8	0.0346441
551	0.0346479
551.2	0.0346516
551.4	0.0346553
551.6	0.034659
551.8	0.0346628
552	0.0346665
552.2	0.0346702
552.4	0.0346739
552.6	0.0346776
552.8	0.0346813
553	0.034685
553.2	0.0346887
553.4	0.0346923
553.6	0.034696
553.8	0.0346997
554	0.0347034
554.2	0.034707
554.4	0.0347107
554.6	0.0347143
554.8	0.034718
555	0.0347216
555.2	0.0347253
555.4	0.0347289
555.6	0.0347325
555.8	0.0347362
556	0.0347398
556.2	0.0347434
556.4	0.034747
556.6	0.0347506
556.8	0.0347542
557	0.0347578
557.2	0.0347614
557.4	0.034765
557.6	0.0347686
557.8	0.0347722
558	0.0347758
558.2	0.0347793
558.4	0.0347829
558.6	0.0347865
558.8	0.03479
559	0.0347936
559.2	0.0347972
559.4	0.0348007
559.6	0.0348042
559.8	0.0348078
560	0.0348113
560.2	0.0348148
560.4	0.0348184
560.6	0.0348219
560.8	0.0348254
561	0.0348289
561.2	0.0348324
561.4	0.0348359
561.6	0.0348394
561.8	0.0348429
562	0.0348464
562.2	0.0348499
562.4	0.0348534
562.6	0.0348569
562.8	0.0348604
563	0.0348638
563.2	0.0348673
563.4	0.0348707
563.6	0.0348742
563.8	0.0348777
564	0.0348811
564.2	0.0348845
564.4	0.034888
564.6	0.0348914
564.8	0.0348949
565	0.0348983
565.2	0.0349017
565.4	0.0349051
565.6	0.0349085
565.8	0.034912
566	0.0349154
566.2	0.0349188
566.4	0.0349222
566.6	0.0349256
566.8	0.0349289
567	0.0349323
567.2	0.0349357
567.4	0.0349391
567.6	0.0349425
567.8	0.0349458
568	0.0349492
568.2	0.0349526
568.4	0.0349559
568.6	0.0349593
568.8	0.0349626
569	0.034966
569.2	0.0349693
569.4	0.0349726
569.6	0.034976
569.8	0.0349793
570	0.0349826
570.2	0.0349859
570.4	0.0349892
570.6	0.0349926
570.8	0.0349959
571	0.0349992
571.2	0.0350025
571.4	0.0350058
571.6	0.035009
571.8	0.0350123
572	0.0350156
572.2	0.0350189
572.4	0.0350222
572.6	0.0350254
572.8	0.0350287
573	0.035032
573.2	0.0350352
573.4	0.0350385
573.6	0.0350417
573.8	0.035045
574	0.0350482
574.2	0.0350515
574.4	0.0350547
574.6	0.0350579
574.8	0.0350612
575	0.0350644
575.2	0.0350676
575.4	0.0350708
575.6	0.035074
575.8	0.0350772
576	0.0350804
576.2	0.0350836
576.4	0.0350868
576.6	0.03509
576.8	0.0350932
577	0.0350964
577.2	0.0350996
577.4	0.0351027
577.6	0.0351059
577.8	0.0351091
578	0.0351122
578.2	0.0351154
578.4	0.0351186
578.6	0.0351217
578.8	0.0351248
579	0.035128
579.2	0.0351311
579.4	0.0351343
579.6	0.0351374
579.8	0.0351405
580	0.0351437
580.2	0.0351468
580.4	0.0351499
580.6	0.035153
580.8	0.0351561
581	0.0351592
581.2	0.0351623
581.4	0.0351654
581.6	0.0351685
581.8	0.0351716
582	0.0351747
582.2	0.0351778
582.4	0.0351808
582.6	0.0351839
582.8	0.035187
583	0.0351901
583.2	0.0351931
583.4	0.0351962
583.6	0.0351992
583.8	0.0352023
584	0.0352053
584.2	0.0352084
584.4	0.0352114
584.6	0.0352145
584.8	0.0352175
585	0.0352205
585.2	0.0352236
585.4	0.0352266
585.6	0.0352296
585.8	0.0352326
586	0.0352356
586.2	0.0352386
586.4	0.0352416
586.6	0.0352446
586.8	0.0352476
587	0.0352506
587.2	0.0352536
587.4	0.0352566
587.6	0.0352596
587.8	0.0352625
588	0.0352655
588.2	0.0352685
588.4	0.0352715
588.6	0.0352744
588.8	0.0352774
589	0.0352803
589.2	0.0352833
589.4	0.0352862
589.6	0.0352892
589.8	0.0352921
590	0.0352951
590.2	0.035298
590.4	0.0353009
590.6	0.0353038
590.8	0.0353068
591	0.0353097
591.2	0.0353126
591.4	0.0353155
591.6	0.0353184
591.8	0.0353213
592	0.0353242
592.2	0.0353271
592.4	0.03533
592.6	0.0353329
592.8	0.0353358
593	0.0353387
593.2	0.0353416
593.4	0.0353444
593.6	0.0353473
593.8	0.0353502
594	0.035353
594.2	0.0353559
594.4	0.0353588
594.6	0.0353616
594.8	0.0353645
595	0.0353673
595.2	0.0353702
595.4	0.035373
595.6	0.0353758
595.8	0.0353787
596	0.0353815
596.2	0.0353843
596.4	0.0353872
596.6	0.03539
596.8	0.0353928
597	0.0353956
597.2	0.0353984
597.4	0.0354012
597.6	0.035404
597.8	0.0354068
598	0.0354096
598.2	0.0354124
598.4	0.0354152
598.6	0.035418
598.8	0.0354208
599	0.0354236
599.2	0.0354263
599.4	0.0354291
599.6	0.0354319
599.8	0.0354346
600	0.0354374
600.2	0.0354402
600.4	0.0354429
600.6	0.0354457
600.8	0.0354484
601	0.0354512
601.2	0.0354539
601.4	0.0354566
601.6	0.0354594
601.8	0.0354621
602	0.0354648
602.2	0.0354676
602.4	0.0354703
602.6	0.035473
602.8	0.0354757
603	0.0354784
603.2	0.0354811
603.4	0.0354838
603.6	0.0354865
603.8	0.0354892
604	0.0354919
604.2	0.0354946
604.4	0.0354973
604.6	0.0355
604.8	0.0355027
605	0.0355053
605.2	0.035508
605.4	0.0355107
605.6	0.0355133
605.8	0.035516
606	0.0355187
606.2	0.0355213
606.4	0.035524
606.6	0.0355266
606.8	0.0355293
607	0.0355319
607.2	0.0355346
607.4	0.0355372
607.6	0.0355398
607.8	0.0355425
608	0.0355451
608.2	0.0355477
608.4	0.0355504
608.6	0.035553
608.8	0.0355556
609	0.0355582
609.2	0.0355608
609.4	0.0355634
609.6	0.035566
609.8	0.0355686
610	0.0355712
610.2	0.0355738
610.4	0.0355764
610.6	0.035579
610.8	0.0355816
611	0.0355841
611.2	0.0355867
611.4	0.0355893
611.6	0.0355919
611.8	0.0355944
612	0.035597
612.2	0.0355996
612.4	0.0356021
612.6	0.0356047
612.8	0.0356072
613	0.0356098
613.2	0.0356123
613.4	0.0356149
613.6	0.0356174
613.8	0.0356199
614	0.0356225
614.2	0.035625
614.4	0.0356275
614.6	0.03563
614.8	0.0356326
615	0.0356351
615.2	0.0356376
615.4	0.0356401
615.6	0.0356426
615.8	0.0356451
616	0.0356476
616.2	0.0356501
616.4	0.0356526
616.6	0.0356551
616.8	0.0356576
617	0.0356601
617.2	0.0356626
617.4	0.035665
617.6	0.0356675
617.8	0.03567
618	0.0356725
618.2	0.0356749
618.4	0.0356774
618.6	0.0356799
618.8	0.0356823
619	0.0356848
619.2	0.0356872
619.4	0.0356897
619.6	0.0356921
619.8	0.0356946
620	0.035697
620.2	0.0356994
620.4	0.0357019
620.6	0.0357043
620.8	0.0357067
621	0.0357092
621.2	0.0357116
621.4	0.035714
621.6	0.0357164
621.8	0.0357188
622	0.0357212
622.2	0.0357237
622.4	0.0357261
622.6	0.0357285
622.8	0.0357309
623	0.0357333
623.2	0.0357356
623.4	0.035738
623.6	0.0357404
623.8	0.0357428
624	0.0357452
624.2	0.0357476
624.4	0.0357499
624.6	0.0357523
624.8	0.0357547
625	0.035757
625.2	0.0357594
625.4	0.0357618
625.6	0.0357641
625.8	0.0357665
626	0.0357688
626.2	0.0357712
626.4	0.0357735
626.6	0.0357759
626.8	0.0357782
627	0.0357806
627.2	0.0357829
627.4	0.0357852
627.6	0.0357875
627.8	0.0357899
628	0.0357922
628.2	0.0357945
628.4	0.0357968
628.6	0.0357991
628.8	0.0358015
629	0.0358038
629.2	0.0358061
629.4	0.0358084
629.6	0.0358107
629.8	0.035813
630	0.0358153
630.2	0.0358176
630.4	0.0358198
630.6	0.0358221
630.8	0.0358244
631	0.0358267
631.2	0.035829
631.4	0.0358312
631.6	0.0358335
631.8	0.0358358
632	0.0358381
632.2	0.0358403
632.4	0.0358426
632.6	0.0358448
632.8	0.0358471
633	0.0358493
633.2	0.0358516
633.4	0.0358538
633.6	0.0358561
633.8	0.0358583
634	0.0358606
634.2	0.0358628
634.4	0.035865
634.6	0.0358673
634.8	0.0358695
635	0.0358717
635.2	0.0358739
635.4	0.0358762
635.6	0.0358784
635.8	0.0358806
636	0.0358828
636.2	0.035885
636.4	0.0358872
636.6	0.0358894
636.8	0.0358916
637	0.0358938
637.2	0.035896
637.4	0.0358982
637.6	0.0359004
637.8	0.0359026
638	0.0359048
638.2	0.0359069
638.4	0.0359091
638.6	0.0359113
638.8	0.0359135
639	0.0359156
639.2	0.0359178
639.4	0.03592
639.6	0.0359221
639.8	0.0359243
640	0.0359264
640.2	0.0359286
640.4	0.0359307
640.6	0.0359329
640.8	0.035935
641	0.0359372
641.2	0.0359393
641.4	0.0359415
641.6	0.0359436
641.8	0.0359457
642	0.0359479
642.2	0.03595
642.4	0.0359521
642.6	0.0359542
642.8	0.0359564
643	0.0359585
643.2	0.0359606
643.4	0.0359627
643.6	0.0359648
643.8	0.0359669
644	0.035969
644.2	0.0359711
644.4	0.0359732
644.6	0.0359753
644.8	0.0359774
645	0.0359795
645.2	0.0359816
645.4	0.0359837
645.6	0.0359858
645.8	0.0359878
646	0.0359899
646.2	0.035992
646.4	0.0359941
646.6	0.0359961
646.8	0.0359982
647	0.0360003
647.2	0.0360023
647.4	0.0360044
647.6	0.0360065
647.8	0.0360085
648	0.0360106
648.2	0.0360126
648.4	0.0360147
648.6	0.0360167
648.8	0.0360187
649	0.0360208
649.2	0.0360228
649.4	0.0360249
649.6	0.0360269
649.8	0.0360289
650	0.0360309
650.2	0.036033
650.4	0.036035
650.6	0.036037
650.8	0.036039
651	0.036041
651.2	0.0360431
651.4	0.0360451
651.6	0.0360471
651.8	0.0360491
652	0.0360511
652.2	0.0360531
652.4	0.0360551
652.6	0.0360571
652.8	0.0360591
653	0.0360611
653.2	0.036063
653.4	0.036065
653.6	0.036067
653.8	0.036069
654	0.036071
654.2	0.036073
654.4	0.0360749
654.6	0.0360769
654.8	0.0360789
655	0.0360808
655.2	0.0360828
655.4	0.0360848
655.6	0.0360867
655.8	0.0360887
656	0.0360906
656.2	0.0360926
656.4	0.0360945
656.6	0.0360965
656.8	0.0360984
657	0.0361004
657.2	0.0361023
657.4	0.0361042
657.6	0.0361062
657.8	0.0361081
658	0.03611
658.2	0.036112
658.4	0.0361139
658.6	0.0361158
658.8	0.0361177
659	0.0361196
659.2	0.0361216
659.4	0.0361235
659.6	0.0361254
659.8	0.0361273
660	0.0361292
660.2	0.0361311
660.4	0.036133
660.6	0.0361349
660.8	0.0361368
661	0.0361387
661.2	0.0361406
661.4	0.0361425
661.6	0.0361444
661.8	0.0361462
662	0.0361481
662.2	0.03615
662.4	0.0361519
662.6	0.0361538
662.8	0.0361556
663	0.0361575
663.2	0.0361594
663.4	0.0361612
663.6	0.0361631
663.8	0.036165
664	0.0361668
664.2	0.0361687
664.4	0.0361705
664.6	0.0361724
664.8	0.0361742
665	0.0361761
665.2	0.0361779
665.4	0.0361798
665.6	0.0361816
665.8	0.0361835
666	0.0361853
666.2	0.0361871
666.4	0.036189
666.6	0.0361908
666.8	0.0361926
667	0.0361944
667.2	0.0361963
667.4	0.0361981
667.6	0.0361999
667.8	0.0362017
668	0.0362035
668.2	0.0362053
668.4	0.0362072
668.6	0.036209
668.8	0.0362108
669	0.0362126
669.2	0.0362144
669.4	0.0362162
669.6	0.036218
669.8	0.0362198
670	0.0362215
670.2	0.0362233
670.4	0.0362251
670.6	0.0362269
670.8	0.0362287
671	0.0362305
671.2	0.0362322
671.4	0.036234
671.6	0.0362358
671.8	0.0362376
672	0.0362393
672.2	0.0362411
672.4	0.0362429
672.6	0.0362446
672.8	0.0362464
673	0.0362482
673.2	0.0362499
673.4	0.0362517
673.6	0.0362534
673.8	0.0362552
674	0.0362569
674.2	0.0362587
674.4	0.0362604
674.6	0.0362621
674.8	0.0362639
675	0.0362656
675.2	0.0362674
675.4	0.0362691
675.6	0.0362708
675.8	0.0362726
676	0.0362743
676.2	0.036276
676.4	0.0362777
676.6	0.0362794
676.8	0.0362812
677	0.0362829
677.2	0.0362846
677.4	0.0362863
677.6	0.036288
677.8	0.0362897
678	0.0362914
678.2	0.0362931
678.4	0.0362948
678.6	0.0362965
678.8	0.0362982
679	0.0362999
679.2	0.0363016
679.4	0.0363033
679.6	0.036305
679.8	0.0363067
680	0.0363084
680.2	0.03631
680.4	0.0363117
680.6	0.0363134
680.8	0.0363151
681	0.0363167
681.2	0.0363184
681.4	0.0363201
681.6	0.0363218
681.8	0.0363234
682	0.0363251
682.2	0.0363268
682.4	0.0363284
682.6	0.0363301
682.8	0.0363317
683	0.0363334
683.2	0.036335
683.4	0.0363367
683.6	0.0363383
683.8	0.03634
684	0.0363416
684.2	0.0363433
684.4	0.0363449
684.6	0.0363465
684.8	0.0363482
685	0.0363498
685.2	0.0363514
685.4	0.0363531
685.6	0.0363547
685.8	0.0363563
686	0.0363579
686.2	0.0363596
686.4	0.0363612
686.6	0.0363628
686.8	0.0363644
687	0.036366
687.2	0.0363676
687.4	0.0363692
687.6	0.0363708
687.8	0.0363724
688	0.0363741
688.2	0.0363756
688.4	0.0363772
688.6	0.0363788
688.8	0.0363804
689	0.036382
689.2	0.0363836
689.4	0.0363852
689.6	0.0363868
689.8	0.0363884
690	0.03639
690.2	0.0363916
690.4	0.0363931
690.6	0.0363947
690.8	0.0363963
691	0.0363979
691.2	0.0363994
691.4	0.036401
691.6	0.0364026
691.8	0.0364041
692	0.0364057
692.2	0.0364073
692.4	0.0364088
692.6	0.0364104
692.8	0.0364119
693	0.0364135
693.2	0.036415
693.4	0.0364166
693.6	0.0364181
693.8	0.0364197
694	0.0364212
694.2	0.0364228
694.4	0.0364243
694.6	0.0364258
694.8	0.0364274
695	0.0364289
695.2	0.0364305
695.4	0.036432
695.6	0.0364335
695.8	0.036435
696	0.0364366
696.2	0.0364381
696.4	0.0364396
696.6	0.0364411
696.8	0.0364427
697	0.0364442
697.2	0.0364457
697.4	0.0364472
697.6	0.0364487
697.8	0.0364502
698	0.0364517
698.2	0.0364532
698.4	0.0364547
698.6	0.0364562
698.8	0.0364577
699	0.0364592
699.2	0.0364607
699.4	0.0364622
699.6	0.0364637
699.8	0.0364652
700	0.0364667
700.2	0.036468
700.4	0.036469
700.6	0.0364697
700.8	0.0364702
701	0.0364704
701.2	0.0364703
701.4	0.0364701
701.6	0.0364695
701.8	0.0364688
702	0.0364678
702.2	0.0364666
702.4	0.0364652
702.6	0.0364635
702.8	0.0364617
703	0.0364596
703.2	0.0364573
703.4	0.0364549
703.6	0.0364522
703.8	0.0364494
704	0.0364464
704.2	0.0364432
704.4	0.0364398
704.6	0.0364362
704.8	0.0364325
705	0.0364287
705.2	0.0364246
705.4	0.0364204
705.6	0.0364161
705.8	0.0364116
706	0.0364069
706.2	0.0364022
706.4	0.0363972
706.6	0.0363922
706.8	0.036387
707	0.0363817
707.2	0.0363762
707.4	0.0363706
707.6	0.036365
707.8	0.0363591
708	0.0363532
708.2	0.0363472
708.4	0.036341
708.6	0.0363348
708.8	0.0363284
709	0.0363219
709.2	0.0363154
709.4	0.0363087
709.6	0.0363019
709.8	0.0362951
710	0.0362881
710.2	0.0362811
710.4	0.036274
710.6	0.0362668
710.8	0.0362595
711	0.0362521
711.2	0.0362446
711.4	0.0362371
711.6	0.0362295
711.8	0.0362218
712	0.0362141
712.2	0.0362063
712.4	0.0361984
712.6	0.0361904
712.8	0.0361824
713	0.0361743
713.2	0.0361662
713.4	0.036158
713.6	0.0361497
713.8	0.0361414
714	0.036133
714.2	0.0361246
714.4	0.0361161
714.6	0.0361076
714.8	0.036099
715	0.0360904
715.2	0.0360817
715.4	0.036073
715.6	0.0360642
715.8	0.0360554
716	0.0360466
716.2	0.0360377
716.4	0.0360288
716.6	0.0360198
716.8	0.0360108
717	0.0360017
717.2	0.0359927
717.4	0.0359835
717.6	0.0359744
717.8	0.0359652
718	0.035956
718.2	0.0359468
718.4	0.0359375
718.6	0.0359282
718.8	0.0359189
719	0.0359095
719.2	0.0359001
719.4	0.0358907
719.6	0.0358813
719.8	0.0358718
720	0.0358623
720.2	0.0358528
720.4	0.0358433
720.6	0.0358338
720.8	0.0358242
721	0.0358146
721.2	0.035805
721.4	0.0357954
721.6	0.0357857
721.8	0.0357761
722	0.0357664
722.2	0.0357567
722.4	0.035747
722.6	0.0357373
722.8	0.0357276
723	0.0357178
723.2	0.0357081
723.4	0.0356983
723.6	0.0356885
723.8	0.0356788
724	0.035669
724.2	0.0356591
724.4	0.0356493
724.6	0.0356395
724.8	0.0356297
725	0.0356198
725.2	0.03561
725.4	0.0356001
725.6	0.0355902
725.8	0.0355804
726	0.0355705
726.2	0.0355606
726.4	0.0355507
726.6	0.0355408
726.8	0.0355309
727	0.035521
727.2	0.0355111
727.4	0.0355012
727.6	0.0354913
727.8	0.0354814
728	0.0354714
728.2	0.0354615
728.4	0.0354516
728.6	0.0354417
728.8	0.0354318
729	0.0354218
729.2	0.0354119
729.4	0.035402
729.6	0.0353921
729.8	0.0353821
730	0.0353722
730.2	0.0353623
730.4	0.0353524
730.6	0.0353425
730.8	0.0353325
731	0.0353226
731.2	0.0353127
731.4	0.0353028
731.6	0.0352929
731.8	0.035283
732	0.0352731
732.2	0.0352632
732.4	0.0352533
732.6	0.0352434
732.8	0.0352335
733	0.0352236
733.2	0.0352138
733.4	0.0352039
733.6	0.035194
733.8	0.0351842
734	0.0351743
734.2	0.0351645
734.4	0.0351546
734.6	0.0351448
734.8	0.0351349
735	0.0351251
735.2	0.0351153
735.4	0.0351054
735.6	0.0350956
735.8	0.0350858
736	0.035076
736.2	0.0350662
736.4	0.0350564
736.6	0.0350467
736.8	0.0350369
737	0.0350271
737.2	0.0350174
737.4	0.0350076
737.6	0.0349979
737.8	0.0349881
738	0.0349784
738.2	0.0349687
738.4	0.034959
738.6	0.0349493
738.8	0.0349396
739	0.0349299
739.2	0.0349202
739.4	0.0349106
739.6	0.0349009
739.8	0.0348912
740	0.0348816
740.2	0.034872
740.4	0.0348623
740.6	0.0348527
740.8	0.0348431
741	0.0348335
741.2	0.0348239
741.4	0.0348143
741.6	0.0348048
741.8	0.0347952
742	0.0347856
742.2	0.0347761
742.4	0.0347666
742.6	0.034757
742.8	0.0347475
743	0.034738
743.2	0.0347285
743.4	0.034719
743.6	0.0347096
743.8	0.0347001
744	0.0346906
744.2	0.0346812
744.4	0.0346718
744.6	0.0346623
744.8	0.0346529
745	0.0346435
745.2	0.0346341
745.4	0.0346247
745.6	0.0346154
745.8	0.034606
746	0.0345967
746.2	0.0345873
746.4	0.034578
746.6	0.0345687
746.8	0.0345593
747	0.03455
747.2	0.0345408
747.4	0.0345315
747.6	0.0345222
747.8	0.034513
748	0.0345037
748.2	0.0344945
748.4	0.0344852
748.6	0.034476
748.8	0.0344668
749	0.0344576
749.2	0.0344485
749.4	0.0344393
749.6	0.0344301
749.8	0.034421
750	0.0344118
750.2	0.0344027
750.4	0.0343936
750.6	0.0343845
750.8	0.0343754
751	0.0343663
751.2	0.0343572
751.4	0.0343482
751.6	0.0343391
751.8	0.0343301
752	0.0343211
752.2	0.0343121
752.4	0.034303
752.6	0.0342941
752.8	0.0342851
753	0.0342761
753.2	0.0342671
753.4	0.0342582
753.6	0.0342493
753.8	0.0342403
754	0.0342314
754.2	0.0342225
754.4	0.0342136
754.6	0.0342047
754.8	0.0341959
755	0.034187
755.2	0.0341782
755.4	0.0341693
755.6	0.0341605
755.8	0.0341517
756	0.0341429
756.2	0.0341341
756.4	0.0341253
756.6	0.0341165
756.8	0.0341078
757	0.034099
757.2	0.0340903
757.4	0.0340816
757.6	0.0340729
757.8	0.0340642
758	0.0340555
758.2	0.0340468
758.4	0.0340381
758.6	0.0340295
758.8	0.0340208
759	0.0340122
759.2	0.0340036
759.4	0.033995
759.6	0.0339864
759.8	0.0339778
760	0.0339692
760.2	0.0339607
760.4	0.0339521
760.6	0.0339436
760.8	0.033935
761	0.0339265
761.2	0.033918
761.4	0.0339095
761.6	0.033901
761.8	0.0338925
762	0.0338841
762.2	0.0338756
762.4	0.0338672
762.6	0.0338588
762.8	0.0338503
763	0.0338419
763.2	0.0338335
763.4	0.0338251
763.6	0.0338168
763.8	0.0338084
764	0.0338001
764.2	0.0337917
764.4	0.0337834
764.6	0.0337751
764.8	0.0337668
765	0.0337585
765.2	0.0337502
765.4	0.0337419
765.6	0.0337336
765.8	0.0337254
766	0.0337172
766.2	0.0337089
766.4	0.0337007
766.6	0.0336925
766.8	0.0336843
767	0.0336761
767.2	0.0336679
767.4	0.0336598
767.6	0.0336516
767.8	0.0336435
768	0.0336354
768.2	0.0336272
768.4	0.0336191
768.6	0.033611
768.8	0.0336029
769	0.0335949
769.2	0.0335868
769.4	0.0335788
769.6	0.0335707
769.8	0.0335627
770	0.0335547
770.2	0.0335466
770.4	0.0335387
770.6	0.0335307
770.8	0.0335227
771	0.0335147
771.2	0.0335068
771.4	0.0334988
771.6	0.0334909
771.8	0.033483
772	0.033475
772.2	0.0334671
772.4	0.0334593
772.6	0.0334514
772.8	0.0334435
773	0.0334357
773.2	0.0334278
773.4	0.03342
773.6	0.0334121
773.8	0.0334043
774	0.0333965
774.2	0.0333887
774.4	0.0333809
774.6	0.0333732
774.8	0.0333654
775	0.0333577
775.2	0.0333499
775.4	0.0333422
775.6	0.0333345
775.8	0.0333267
776	0.033319
776.2	0.0333114
776.4	0.0333037
776.6	0.033296
776.8	0.0332884
777	0.0332807
777.2	0.0332731
777.4	0.0332654
777.6	0.0332578
777.8	0.0332502
778	0.0332426
778.2	0.0332351
778.4	0.0332275
778.6	0.0332199
778.8	0.0332124
779	0.0332048
779.2	0.0331973
779.4	0.0331898
779.6	0.0331823
779.8	0.0331748
780	0.0331673
780.2	0.0331598
780.4	0.0331523
780.6	0.0331449
780.8	0.0331374
781	0.03313
781.2	0.0331225
781.4	0.0331151
781.6	0.0331077
781.8	0.0331003
782	0.0330929
782.2	0.0330855
782.4	0.0330782
782.6	0.0330708
782.8	0.0330635
783	0.0330561
783.2	0.0330488
783.4	0.0330415
783.6	0.0330342
783.8	0.0330269
784	0.0330196
784.2	0.0330123
784.4	0.033005
784.6	0.0329978
784.8	0.0329905
785	0.0329833
785.2	0.0329761
785.4	0.0329688
785.6	0.0329616
785.8	0.0329544
786	0.0329473
786.2	0.0329401
786.4	0.0329329
786.6	0.0329257
786.8	0.0329186
787	0.0329115
787.2	0.0329043
787.4	0.0328972
787.6	0.0328901
787.8	0.032883
788	0.0328759
788.2	0.0328688
788.4	0.0328618
788.6	0.0328547
788.8	0.0328477
789	0.0328406
789.2	0.0328336
789.4	0.0328266
789.6	0.0328195
789.8	0.0328125
790	0.0328056
790.2	0.0327986
790.4	0.0327916
790.6	0.0327846
790.8	0.0327777
791	0.0327707
791.2	0.0327638
791.4	0.0327569
791.6	0.03275
791.8	0.032743
792	0.0327361
792.2	0.0327293
792.4	0.0327224
792.6	0.0327155
792.8	0.0327087
793	0.0327018
793.2	0.032695
793.4	0.0326881
793.6	0.0326813
793.8	0.0326745
794	0.0326677
794.2	0.0326609
794.4	0.0326541
794.6	0.0326473
794.8	0.0326406
795	0.0326338
795.2	0.0326271
795.4	0.0326203
795.6	0.0326136
795.8	0.0326069
796	0.0326002
796.2	0.0325935
796.4	0.0325868
796.6	0.0325801
796.8	0.0325734
797	0.0325668
797.2	0.0325601
797.4	0.0325535
797.6	0.0325468
797.8	0.0325402
798	0.0325336
798.2	0.032527
798.4	0.0325204
798.6	0.0325138
798.8	0.0325072
799	0.0325006
799.2	0.0324941
799.4	0.0324875
799.6	0.032481
799.8	0.0324745
800	0.0324679
800.2	0.0324614
800.4	0.0324549
800.6	0.0324484
800.8	0.0324419
801	0.0324354
801.2	0.032429
801.4	0.0324225
801.6	0.032416
801.8	0.0324096
802	0.0324031
802.2	0.0323967
802.4	0.0323903
802.6	0.0323839
802.8	0.0323775
803	0.0323711
803.2	0.0323647
803.4	0.0323583
803.6	0.032352
803.8	0.0323456
804	0.0323393
804.2	0.0323329
804.4	0.0323266
804.6	0.0323203
804.8	0.032314
805	0.0323077
805.2	0.0323014
805.4	0.0322951
805.6	0.0322888
805.8	0.0322825
806	0.0322763
806.2	0.03227
806.4	0.0322638
806.6	0.0322575
806.8	0.0322513
807	0.0322451
807.2	0.0322389
807.4	0.0322327
807.6	0.0322265
807.8	0.0322203
808	0.0322141
808.2	0.0322079
808.4	0.0322018
808.6	0.0321956
808.8	0.0321895
809	0.0321834
809.2	0.0321772
809.4	0.0321711
809.6	0.032165
809.8	0.0321589
810	0.0321528
810.2	0.0321467
810.4	0.0321407
810.6	0.0321346
810.8	0.0321285
811	0.0321225
811.2	0.0321164
811.4	0.0321104
811.6	0.0321044
811.8	0.0320984
812	0.0320924
812.2	0.0320864
812.4	0.0320804
812.6	0.0320744
812.8	0.0320684
813	0.0320624
813.2	0.0320565
813.4	0.0320505
813.6	0.0320446
813.8	0.0320387
814	0.0320327
814.2	0.0320268
814.4	0.0320209
814.6	0.032015
814.8	0.0320091
815	0.0320032
815.2	0.0319974
815.4	0.0319915
815.6	0.0319856
815.8	0.0319798
816	0.0319739
816.2	0.0319681
816.4	0.0319623
816.6	0.0319564
816.8	0.0319506
817	0.0319448
817.2	0.031939
817.4	0.0319332
817.6	0.0319275
817.8	0.0319217
818	0.0319159
818.2	0.0319102
818.4	0.0319044
818.6	0.0318987
818.8	0.0318929
819	0.0318872
819.2	0.0318815
819.4	0.0318758
819.6	0.0318701
819.8	0.0318644
820	0.0318587
820.2	0.031853
820.4	0.0318474
820.6	0.0318417
820.8	0.0318361
821	0.0318304
821.2	0.0318248
821.4	0.0318191
821.6	0.0318135
821.8	0.0318079
822	0.0318023
822.2	0.0317967
822.4	0.0317911
822.6	0.0317855
822.8	0.0317799
823	0.0317744
823.2	0.0317688
823.4	0.0317633
823.6	0.0317577
823.8	0.0317522
824	0.0317466
824.2	0.0317411
824.4	0.0317356
824.6	0.0317301
824.8	0.0317246
825	0.0317191
825.2	0.0317136
825.4	0.0317082
825.6	0.0317027
825.8	0.0316972
826	0.0316918
826.2	0.0316863
826.4	0.0316809
826.6	0.0316754
826.8	0.03167
827	0.0316646
827.2	0.0316592
827.4	0.0316538
827.6	0.0316484
827.8	0.031643
828	0.0316376
828.2	0.0316323
828.4	0.0316269
828.6	0.0316215
828.8	0.0316162
829	0.0316108
829.2	0.0316055
829.4	0.0316002
829.6	0.0315949
829.8	0.0315895
830	0.0315842
830.2	0.0315789
830.4	0.0315736
830.6	0.0315684
830.8	0.0315631
831	0.0315578
831.2	0.0315526
831.4	0.0315473
831.6	0.0315421
831.8	0.0315368
832	0.0315316
832.2	0.0315264
832.4	0.0315211
832.6	0.0315159
832.8	0.0315107
833	0.0315055
833.2	0.0315003
833.4	0.0314952
833.6	0.03149
833.8	0.0314848
834	0.0314796
834.2	0.0314745
834.4	0.0314693
834.6	0.0314642
834.8	0.0314591
835	0.0314539
835.2	0.0314488
835.4	0.0314437
835.6	0.0314386
835.8	0.0314335
836	0.0314284
836.2	0.0314233
836.4	0.0314183
836.6	0.0314132
836.8	0.0314081
837	0.0314031
837.2	0.031398
837.4	0.031393
837.6	0.0313879
837.8	0.0313829
838	0.0313779
838.2	0.0313729
838.4	0.0313679
838.6	0.0313629
838.8	0.0313579
839	0.0313529
839.2	0.0313479
839.4	0.0313429
839.6	0.031338
839.8	0.031333
840	0.0313281
840.2	0.0313231
840.4	0.0313182
840.6	0.0313132
840.8	0.0313083
841	0.0313034
841.2	0.0312985
841.4	0.0312936
841.6	0.0312887
841.8	0.0312838
842	0.0312789
842.2	0.031274
842.4	0.0312692
842.6	0.0312643
842.8	0.0312594
843	0.0312546
843.2	0.0312497
843.4	0.0312449
843.6	0.0312401
843.8	0.0312353
844	0.0312304
844.2	0.0312256
844.4	0.0312208
844.6	0.031216
844.8	0.0312112
845	0.0312064
845.2	0.0312017
845.4	0.0311969
845.6	0.0311921
845.8	0.0311874
846	0.0311826
846.2	0.0311779
846.4	0.0311731
846.6	0.0311684
846.8	0.0311637
847	0.031159
847.2	0.0311542
847.4	0.0311495
847.6	0.0311448
847.8	0.0311402
848	0.0311355
848.2	0.0311308
848.4	0.0311261
848.6	0.0311214
848.8	0.0311168
849	0.0311121
849.2	0.0311075
849.4	0.0311028
849.6	0.0310982
849.8	0.0310936
850	0.031089
850.2	0.0310843
850.4	0.0310797
850.6	0.0310751
850.8	0.0310705
851	0.0310659
851.2	0.0310614
851.4	0.0310568
851.6	0.0310522
851.8	0.0310476
852	0.0310431
852.2	0.0310385
852.4	0.031034
852.6	0.0310294
852.8	0.0310249
853	0.0310204
853.2	0.0310159
853.4	0.0310113
853.6	0.0310068
853.8	0.0310023
854	0.0309978
854.2	0.0309933
854.4	0.0309889
854.6	0.0309844
854.8	0.0309799
855	0.0309754
855.2	0.030971
855.4	0.0309665
855.6	0.0309621
855.8	0.0309576
856	0.0309532
856.2	0.0309488
856.4	0.0309443
856.6	0.0309399
856.8	0.0309355
857	0.0309311
857.2	0.0309267
857.4	0.0309223
857.6	0.0309179
857.8	0.0309136
858	0.0309092
858.2	0.0309048
858.4	0.0309005
858.6	0.0308961
858.8	0.0308917
859	0.0308874
859.2	0.0308831
859.4	0.0308787
859.6	0.0308744
859.8	0.0308701
860	0.0308658
860.2	0.0308615
860.4	0.0308572
860.6	0.0308529
860.8	0.0308486
861	0.0308443
861.2	0.03084
861.4	0.0308357
861.6	0.0308315
861.8	0.0308272
862	0.0308229
862.2	0.0308187
862.4	0.0308145
862.6	0.0308102
862.8	0.030806
863	0.0308018
863.2	0.0307975
863.4	0.0307933
863.6	0.0307891
863.8	0.0307849
864	0.0307807
864.2	0.0307765
864.4	0.0307723
864.6	0.0307682
864.8	0.030764
865	0.0307598
865.2	0.0307557
865.4	0.0307515
865.6	0.0307473
865.8	0.0307432
866	0.0307391
866.2	0.0307349
866.4	0.0307308
866.6	0.0307267
866.8	0.0307226
867	0.0307184
867.2	0.0307143
867.4	0.0307102
867.6	0.0307061
867.8	0.0307021
868	0.030698
868.2	0.0306939
868.4	0.0306898
868.6	0.0306858
868.8	0.0306817
869	0.0306776
869.2	0.0306736
869.4	0.0306695
869.6	0.0306655
869.8	0.0306615
870	0.0306575
870.2	0.0306534
870.4	0.0306494
870.6	0.0306454
870.8	0.0306414
871	0.0306374
871.2	0.0306334
871.4	0.0306294
871.6	0.0306254
871.8	0.0306215
872	0.0306175
872.2	0.0306135
872.4	0.0306096
872.6	0.0306056
872.8	0.0306016
873	0.0305977
873.2	0.0305938
873.4	0.0305898
873.6	0.0305859
873.8	0.030582
874	0.0305781
874.2	0.0305741
874.4	0.0305702
874.6	0.0305663
874.8	0.0305624
875	0.0305586
875.2	0.0305547
875.4	0.0305508
875.6	0.0305469
875.8	0.030543
876	0.0305392
876.2	0.0305353
876.4	0.0305315
876.6	0.0305276
876.8	0.0305238
877	0.0305199
877.2	0.0305161
877.4	0.0305123
877.6	0.0305085
877.8	0.0305046
878	0.0305008
878.2	0.030497
878.4	0.0304932
878.6	0.0304894
878.8	0.0304856
879	0.0304818
879.2	0.0304781
879.4	0.0304743
879.6	0.0304705
879.8	0.0304668
880	0.030463
880.2	0.0304592
880.4	0.0304555
880.6	0.0304518
880.8	0.030448
881	0.0304443
881.2	0.0304406
881.4	0.0304368
881.6	0.0304331
881.8	0.0304294
882	0.0304257
882.2	0.030422
882.4	0.0304183
882.6	0.0304146
882.8	0.0304109
883	0.0304072
883.2	0.0304036
883.4	0.0303999
883.6	0.0303962
883.8	0.0303925
884	0.0303889
884.2	0.0303852
884.4	0.0303816
884.6	0.030378
884.8	0.0303743
885	0.0303707
885.2	0.0303671
885.4	0.0303634
885.6	0.0303598
885.8	0.0303562
886	0.0303526
886.2	0.030349
886.4	0.0303454
886.6	0.0303418
886.8	0.0303382
887	0.0303346
887.2	0.0303311
887.4	0.0303275
887.6	0.0303239
887.8	0.0303204
888	0.0303168
888.2	0.0303132
888.4	0.0303097
888.6	0.0303062
888.8	0.0303026
889	0.0302991
889.2	0.0302956
889.4	0.030292
889.6	0.0302885
889.8	0.030285
890	0.0302815
890.2	0.030278
890.4	0.0302745
890.6	0.030271
890.8	0.0302675
891	0.030264
891.2	0.0302605
891.4	0.0302571
891.6	0.0302536
891.8	0.0302501
892	0.0302467
892.2	0.0302432
892.4	0.0302398
892.6	0.0302363
892.8	0.0302329
893	0.0302294
893.2	0.030226
893.4	0.0302226
893.6	0.0302191
893.8	0.0302157
894	0.0302123
894.2	0.0302089
894.4	0.0302055
894.6	0.0302021
894.8	0.0301987
895	0.0301953
895.2	0.0301919
895.4	0.0301885
895.6	0.0301852
895.8	0.0301818
896	0.0301784
896.2	0.0301751
896.4	0.0301717
896.6	0.0301684
896.8	0.030165
897	0.0301617
897.2	0.0301583
897.4	0.030155
897.6	0.0301517
897.8	0.0301483
898	0.030145
898.2	0.0301417
898.4	0.0301384
898.6	0.0301351
898.8	0.0301318
899	0.0301285
899.2	0.0301252
899.4	0.0301219
899.6	0.0301186
899.8	0.0301153
900	0.0301121
900.2	0.0301088
900.4	0.0301055
900.6	0.0301023
900.8	0.030099
901	0.0300957
901.2	0.0300925
901.4	0.0300893
901.6	0.030086
901.8	0.0300828
902	0.0300795
902.2	0.0300763
902.4	0.0300731
902.6	0.0300699
902.8	0.0300667
903	0.0300635
903.2	0.0300603
903.4	0.0300571
903.6	0.0300539
903.8	0.0300507
904	0.0300475
904.2	0.0300443
904.4	0.0300411
904.6	0.0300379
904.8	0.0300348
905	0.0300316
905.2	0.0300285
905.4	0.0300253
905.6	0.0300221
905.8	0.030019
906	0.0300159
906.2	0.0300127
906.4	0.0300096
906.6	0.0300065
906.8	0.0300033
907	0.0300002
907.2	0.0299971
907.4	0.029994
907.6	0.0299909
907.8	0.0299878
908	0.0299847
908.2	0.0299816
908.4	0.0299785
908.6	0.0299754
908.8	0.0299723
909	0.0299692
909.2	0.0299661
909.4	0.0299631
909.6	0.02996
909.8	0.029957
910	0.0299539
910.2	0.0299508
910.4	0.0299478
910.6	0.0299447
910.8	0.0299417
911	0.0299387
911.2	0.0299356
911.4	0.0299326
911.6	0.0299296
911.8	0.0299266
912	0.0299235
912.2	0.0299205
912.4	0.0299175
912.6	0.0299145
912.8	0.0299115
913	0.0299085
913.2	0.0299055
913.4	0.0299025
913.6	0.0298996
913.8	0.0298966
914	0.0298936
914.2	0.0298906
914.4	0.0298877
914.6	0.0298847
914.8	0.0298818
915	0.0298788
915.2	0.0298759
915.4	0.0298729
915.6	0.02987
915.8	0.029867
916	0.0298641
916.2	0.0298612
916.4	0.0298582
916.6	0.0298553
916.8	0.0298524
917	0.0298495
917.2	0.0298466
917.4	0.0298437
917.6	0.0298408
917.8	0.0298379
918	0.029835
918.2	0.0298321
918.4	0.0298292
918.6	0.0298263
918.8	0.0298234
919	0.0298206
919.2	0.0298177
919.4	0.0298148
919.6	0.029812
919.8	0.0298091
920	0.0298062
920.2	0.0298034
920.4	0.0298006
920.6	0.0297977
920.8	0.0297949
921	0.029792
921.2	0.0297892
921.4	0.0297864
921.6	0.0297836
921.8	0.0297807
922	0.0297779
922.2	0.0297751
922.4	0.0297723
922.6	0.0297695
922.8	0.0297667
923	0.0297639
923.2	0.0297611
923.4	0.0297583
923.6	0.0297555
923.8	0.0297528
924	0.02975
924.2	0.0297472
924.4	0.0297444
924.6	0.0297417
924.8	0.0297389
925	0.0297362
925.2	0.0297334
925.4	0.0297306
925.6	0.0297279
925.8	0.0297252
926	0.0297224
926.2	0.0297197
926.4	0.0297169
926.6	0.0297142
926.8	0.0297115
927	0.0297088
927.2	0.0297061
927.4	0.0297033
927.6	0.0297006
927.8	0.0296979
928	0.0296952
928.2	0.0296925
928.4	0.0296898
928.6	0.0296872
928.8	0.0296845
929	0.0296818
929.2	0.0296791
929.4	0.0296764
929.6	0.0296738
929.8	0.0296711
930	0.0296684
930.2	0.0296658
930.4	0.0296631
930.6	0.0296605
930.8	0.0296578
931	0.0296552
931.2	0.0296525
931.4	0.0296499
931.6	0.0296472
931.8	0.0296446
932	0.029642
932.2	0.0296394
932.4	0.0296367
932.6	0.0296341
932.8	0.0296315
933	0.0296289
933.2	0.0296263
933.4	0.0296237
933.6	0.0296211
933.8	0.0296185
934	0.0296159
934.2	0.0296133
934.4	0.0296107
934.6	0.0296081
934.8	0.0296056
935	0.029603
935.2	0.0296004
935.4	0.0295978
935.6	0.0295953
935.8	0.0295927
936	0.0295902
936.2	0.0295876
936.4	0.0295851
936.6	0.0295825
936.8	0.02958
937	0.0295774
937.2	0.0295749
937.4	0.0295724
937.6	0.0295698
937.8	0.0295673
938	0.0295648
938.2	0.0295623
938.4	0.0295598
938.6	0.0295572
938.8	0.0295547
939	0.0295522
939.2	0.0295497
939.4	0.0295472
939.6	0.0295447
939.8	0.0295422
940	0.0295398
940.2	0.0295373
940.4	0.0295348
940.6	0.0295323
940.8	0.0295298
941	0.0295274
941.2	0.0295249
941.4	0.0295224
941.6	0.02952
941.8	0.0295175
942	0.0295151
942.2	0.0295126
942.4	0.0295102
942.6	0.0295077
942.8	0.0295053
943	0.0295029
943.2	0.0295004
943.4	0.029498
943.6	0.0294956
943.8	0.0294931
944	0.0294907
944.2	0.0294883
944.4	0.0294859
944.6	0.0294835
944.8	0.0294811
945	0.0294787
945.2	0.0294763
945.4	0.0294739
945.6	0.0294715
945.8	0.0294691
946	0.0294667
946.2	0.0294643
946.4	0.0294619
946.6	0.0294596
946.8	0.0294572
947	0.0294548
947.2	0.0294524
947.4	0.0294501
947.6	0.0294477
947.8	0.0294454
948	0.029443
948.2	0.0294407
948.4	0.0294383
948.6	0.029436
948.8	0.0294336
949	0.0294313
949.2	0.029429
949.4	0.0294266
949.6	0.0294243
949.8	0.029422
950	0.0294196
950.2	0.0294173
950.4	0.029415
950.6	0.0294127
950.8	0.0294104
951	0.0294081
951.2	0.0294058
951.4	0.0294035
951.6	0.0294012
951.8	0.0293989
952	0.0293966
952.2	0.0293943
952.4	0.029392
952.6	0.0293897
952.8	0.0293875
953	0.0293852
953.2	0.0293829
953.4	0.0293807
953.6	0.0293784
953.8	0.0293761
954	0.0293739
954.2	0.0293716
954.4	0.0293694
954.6	0.0293671
954.8	0.0293649
955	0.0293626
955.2	0.0293604
955.4	0.0293581
955.6	0.0293559
955.8	0.0293537
956	0.0293514
956.2	0.0293492
956.4	0.029347
956.6	0.0293448
956.8	0.0293426
957	0.0293403
957.2	0.0293381
957.4	0.0293359
957.6	0.0293337
957.8	0.0293315
958	0.0293293
958.2	0.0293271
958.4	0.0293249
958.6	0.0293228
958.8	0.0293206
959	0.0293184
959.2	0.0293162
959.4	0.029314
959.6	0.0293119
959.8	0.0293097
960	0.0293075
960.2	0.0293053
960.4	0.0293032
960.6	0.029301
960.8	0.0292989
961	0.0292967
961.2	0.0292946
961.4	0.0292924
961.6	0.0292903
961.8	0.0292881
962	0.029286
962.2	0.0292839
962.4	0.0292817
962.6	0.0292796
962.8	0.0292775
963	0.0292753
963.2	0.0292732
963.4	0.0292711
963.6	0.029269
963.8	0.0292669
964	0.0292648
964.2	0.0292627
964.4	0.0292606
964.6	0.0292585
964.8	0.0292564
965	0.0292543
965.2	0.0292522
965.4	0.0292501
965.6	0.029248
965.8	0.0292459
966	0.0292438
966.2	0.0292418
966.4	0.0292397
966.6	0.0292376
966.8	0.0292355
967	0.0292335
967.2	0.0292314
967.4	0.0292294
967.6	0.0292273
967.8	0.0292252
968	0.0292232
968.2	0.0292211
968.4	0.0292191
968.6	0.0292171
968.8	0.029215
969	0.029213
969.2	0.0292109
969.4	0.0292089
969.6	0.0292069
969.8	0.0292049
970	0.0292028
970.2	0.0292008
970.4	0.0291988
970.6	0.0291968
970.8	0.0291948
971	0.0291928
971.2	0.0291907
971.4	0.0291887
971.6	0.0291867
971.8	0.0291847
972	0.0291827
972.2	0.0291808
972.4	0.0291788
972.6	0.0291768
972.8	0.0291748
973	0.0291728
973.2	0.0291708
973.4	0.0291688
973.6	0.0291669
973.8	0.0291649
974	0.0291629
974.2	0.029161
974.4	0.029159
974.6	0.029157
974.8	0.0291551
975	0.0291531
975.2	0.0291512
975.4	0.0291492
975.6	0.0291473
975.8	0.0291453
976	0.0291434
976.2	0.0291415
976.4	0.0291395
976.6	0.0291376
976.8	0.0291356
977	0.0291337
977.2	0.0291318
977.4	0.0291299
977.6	0.0291279
977.8	0.029126
978	0.0291241
978.2	0.0291222
978.4	0.0291203
978.6	0.0291184
978.8	0.0291165
979	0.0291146
979.2	0.0291127
979.4	0.0291108
979.6	0.0291089
979.8	0.029107
980	0.0291051
980.2	0.0291032
980.4	0.0291013
980.6	0.0290995
980.8	0.0290976
981	0.0290957
981.2	0.0290938
981.4	0.029092
981.6	0.0290901
981.8	0.0290882
982	0.0290864
982.2	0.0290845
982.4	0.0290826
982.6	0.0290808
982.8	0.0290789
983	0.0290771
983.2	0.0290752
983.4	0.0290734
983.6	0.0290715
983.8	0.0290697
984	0.0290679
984.2	0.029066
984.4	0.0290642
984.6	0.0290624
984.8	0.0290605
985	0.0290587
985.2	0.0290569
985.4	0.0290551
985.6	0.0290532
985.8	0.0290514
986	0.0290496
986.2	0.0290478
986.4	0.029046
986.6	0.0290442
986.8	0.0290424
987	0.0290406
987.2	0.0290388
987.4	0.029037
987.6	0.0290352
987.8	0.0290334
988	0.0290316
988.2	0.0290298
988.4	0.029028
988.6	0.0290263
988.8	0.0290245
989	0.0290227
989.2	0.0290209
989.4	0.0290192
989.6	0.0290174
989.8	0.0290156
990	0.0290139
990.2	0.0290121
990.4	0.0290103
990.6	0.0290086
990.8	0.0290068
991	0.0290051
991.2	0.0290033
991.4	0.0290016
991.6	0.0289998
991.8	0.0289981
992	0.0289964
992.2	0.0289946
992.4	0.0289929
992.6	0.0289912
992.8	0.0289894
993	0.0289877
993.2	0.028986
993.4	0.0289842
993.6	0.0289825
993.8	0.0289808
994	0.0289791
994.2	0.0289774
994.4	0.0289757
994.6	0.028974
994.8	0.0289723
995	0.0289705
995.2	0.0289688
995.4	0.0289671
995.6	0.0289654
995.8	0.0289638
996	0.0289621
996.2	0.0289604
996.4	0.0289587
996.6	0.028957
996.8	0.0289553
997	0.0289536
997.2	0.028952
997.4	0.0289503
997.6	0.0289486
997.8	0.0289469
998	0.0289453
998.2	0.0289436
998.4	0.0289419
998.6	0.0289403
998.8	0.0289386
999	0.0289369
999.2	0.0289353
999.4	0.0289336
999.6	0.028932
999.8	0.0289303
1000	0.0289287
