label:
5001
0	-70
0.2	-70
0.4	-70
0.6	-70.0001
0.8	-70.0001
1	-70.0002
1.2	-70.0002
1.4	-70.0003
1.6	-70.0004
1.8	-70.0006
2	-70.0007
2.2	-70.0008
2.4	-70.001
2.6	-70.0012
2.8	-70.0013
3	-70.0015
3.2	-70.0017
3.4	-70.0019
3.6	-70.0022
3.8	-70.0024
4	-70.0026
4.2	-70.0029
4.4	-70.0032
4.6	-70.0034
4.8	-70.0037
5	-70.004
5.2	-70.0043
5.4	-70.0046
5.6	-70.0049
5.8	-70.0053
6	-70.0056
6.2	-70.006
6.4	-70.0063
6.6	-70.0067
6.8	-70.007
7	-70.0074
7.2	-70.0078
7.4	-70.0082
7.6	-70.0086
7.8	-70.009
8	-70.0094
8.2	-70.0098
8.4	-70.0102
8.6	-70.0107
8.8	-70.0111
9	-70.0115
9.2	-70.012
9.4	-70.0124
9.6	-70.0129
9.8	-70.0134
10	-70.0138
10.2	-70.0143
10.4	-70.0148
10.6	-70.0153
10.8	-70.0158
11	-70.0163
11.2	-70.0167
11.4	-70.0173
11.6	-70.0178
11.8	-70.0183
12	-70.0188
12.2	-70.0193
12.4	-70.0198
12.6	-70.0204
12.8	-70.0209
13	-70.0214
13.2	-70.022
13.4	-70.0225
13.6	-70.023
13.8	-70.0236
14	-70.0241
14.2	-70.0247
14.4	-70.0253
14.6	-70.0258
14.8	-70.0264
15	-70.0269
15.2	-70.0275
15.4	-70.0281
15.6	-70.0287
15.8	-70.0292
16	-70.0298
16.2	-70.0304
16.4	-70.031
16.6	-70.0316
16.8	-70.0322
17	-70.0327
17.2	-70.0333
17.4	-70.0339
17.6	-70.0345
17.8	-70.0351
18	-70.0357
18.2	-70.0363
18.4	-70.0369
18.6	-70.0375
18.8	-70.0381
19	-70.0388
19.2	-70.0394
19.4	-70.04
19.6	-70.0406
19.8	-70.0412
20	-70.0418
20.2	-70.0424
20.4	-70.0431
20.6	-70.0437
20.8	-70.0443
21	-70.0449
21.2	-70.0455
21.4	-70.0462
21.6	-70.0468
21.8	-70.0474
22	-70.048
22.2	-70.0487
22.4	-70.0493
22.6	-70.0499
22.8	-70.0506
23	-70.0512
23.2	-70.0518
23.4	-70.0525
23.6	-70.0531
23.8	-70.0537
24	-70.0544
24.2	-70.055
24.4	-70.0556
24.6	-70.0563
24.8	-70.0569
25	-70.0576
25.2	-70.0582
25.4	-70.0588
25.6	-70.0595
25.8	-70.0601
26	-70.0607
26.2	-70.0614
26.4	-70.062
26.6	-70.0627
26.8	-70.0633
27	-70.0639
27.2	-70.0646
27.4	-70.0652
27.6	-70.0659
27.8	-70.0665
28	-70.0672
28.2	-70.0678
28.4	-70.0684
28.6	-70.0691
28.8	-70.0697
29	-70.0704
29.2	-70.071
29.4	-70.0716
29.6	-70.0723
29.8	-70.0729
30	-70.0736
30.2	-70.0742
30.4	-70.0749
30.6	-70.0755
30.8	-70.0761
31	-70.0768
31.2	-70.0774
31.4	-70.0781
31.6	-70.0787
31.8	-70.0793
32	-70.08
32.2	-70.0806
32.4	-70.0813
32.6	-70.0819
32.8	-70.0825
33	-70.0832
33.2	-70.0838
33.4	-70.0844
33.6	-70.0851
33.8	-70.0857
34	-70.0864
34.2	-70.087
34.4	-70.0876
34.6	-70.0883
34.8	-70.0889
35	-70.0895
35.2	-70.0902
35.4	-70.0908
35.6	-70.0914
35.8	-70.0921
36	-70.0927
36.2	-70.0933
36.4	-70.094
36.6	-70.0946
36.8	-70.0952
37	-70.0959
37.2	-70.0965
37.4	-70.0971
37.6	-70.0978
37.8	-70.0984
38	-70.099
38.2	-70.0997
38.4	-70.1003
38.6	-70.1009
38.8	-70.1015
39	-70.1022
39.2	-70.1028
39.4	-70.1034
39.6	-70.104
39.8	-70.1047
40	-70.1053
40.2	-70.1059
40.4	-70.1065
40.6	-70.1072
40.8	-70.1078
41	-70.1084
41.2	-70.109
41.4	-70.1096
41.6	-70.1103
41.8	-70.1109
42	-70.1115
42.2	-70.1121
42.4	-70.1127
42.6	-70.1133
42.8	-70.114
43	-70.1146
43.2	-70.1152
43.4	-70.1158
43.6	-70.1164
43.8	-70.117
44	-70.1176
44.2	-70.1182
44.4	-70.1189
44.6	-70.1195
44.8	-70.1201
45	-70.1207
45.2	-70.1213
45.4	-70.1219
45.6	-70.1225
45.8	-70.1231
46	-70.1237
46.2	-70.1243
46.4	-70.1249
46.6	-70.1255
46.8	-70.1261
47	-70.1267
47.2	-70.1273
47.4	-70.1279
47.6	-70.1285
47.8	-70.1291
48	-70.1297
48.2	-70.1303
48.4	-70.1309
48.6	-70.1315
48.8	-70.1321
49	-70.1327
49.2	-70.1333
49.4	-70.1339
49.6	-70.1345
49.8	-70.1351
50	-70.1357
50.2	-70.1363
50.4	-70.1369
50.6	-70.1374
50.8	-70.138
51	-70.1386
51.2	-70.1392
51.4	-70.1398
51.6	-70.1404
51.8	-70.141
52	-70.1415
52.2	-70.1421
52.4	-70.1427
52.6	-70.1433
52.8	-70.1439
53	-70.1445
53.2	-70.145
53.4	-70.1456
53.6	-70.1462
53.8	-70.1468
54	-70.1474
54.2	-70.1479
54.4	-70.1485
54.6	-70.1491
54.8	-70.1497
55	-70.1502
55.2	-70.1508
55.4	-70.1514
55.6	-70.1519
55.8	-70.1525
56	-70.1531
56.2	-70.1537
56.4	-70.1542
56.6	-70.1548
56.8	-70.1554
57	-70.1559
57.2	-70.1565
57.4	-70.1571
57.6	-70.1576
57.8	-70.1582
58	-70.1587
58.2	-70.1593
58.4	-70.1599
58.6	-70.1604
58.8	-70.161
59	-70.1616
59.2	-70.1621
59.4	-70.1627
59.6	-70.1632
59.8	-70.1638
60	-70.1643
60.2	-70.1649
60.4	-70.1654
60.6	-70.166
60.8	-70.1665
61	-70.1671
61.2	-70.1677
61.4	-70.1682
61.6	-70.1688
61.8	-70.1693
62	-70.1699
62.2	-70.1704
62.4	-70.1709
62.6	-70.1715
62.8	-70.172
63	-70.1726
63.2	-70.1731
63.4	-70.1737
63.6	-70.1742
63.8	-70.1748
64	-70.1753
64.2	-70.1758
64.4	-70.1764
64.6	-70.1769
64.8	-70.1775
65	-70.178
65.2	-70.1785
65.4	-70.1791
65.6	-70.1796
65.8	-70.1801
66	-70.1807
66.2	-70.1812
66.4	-70.1817
66.6	-70.1823
66.8	-70.1828
67	-70.1833
67.2	-70.1839
67.4	-70.1844
67.6	-70.1849
67.8	-70.1854
68	-70.186
68.2	-70.1865
68.4	-70.187
68.6	-70.1876
68.8	-70.1881
69	-70.1886
69.2	-70.1891
69.4	-70.1896
69.6	-70.1902
69.8	-70.1907
70	-70.1912
70.2	-70.1917
70.4	-70.1922
70.6	-70.1928
70.8	-70.1933
71	-70.1938
71.2	-70.1943
71.4	-70.1948
71.6	-70.1953
71.8	-70.1959
72	-70.1964
72.2	-70.1969
72.4	-70.1974
72.6	-70.1979
72.8	-70.1984
73	-70.1989
73.2	-70.1994
73.4	-70.1999
73.6	-70.2005
73.8	-70.201
74	-70.2015
74.2	-70.202
74.4	-70.2025
74.6	-70.203
74.8	-70.2035
75	-70.204
75.2	-70.2045
75.4	-70.205
75.6	-70.2055
75.8	-70.206
76	-70.2065
76.2	-70.207
76.4	-70.2075
76.6	-70.208
76.8	-70.2085
77	-70.209
77.2	-70.2095
77.4	-70.21
77.6	-70.2105
77.8	-70.211
78	-70.2114
78.2	-70.2119
78.4	-70.2124
78.6	-70.2129
78.8	-70.2134
79	-70.2139
79.2	-70.2144
79.4	-70.2149
79.6	-70.2154
79.8	-70.2159
80	-70.2163
80.2	-70.2168
80.4	-70.2173
80.6	-70.2178
80.8	-70.2183
81	-70.2188
81.2	-70.2192
81.4	-70.2197
81.6	-70.2202
81.8	-70.2207
82	-70.2212
82.2	-70.2216
82.4	-70.2221
82.6	-70.2226
82.8	-70.2231
83	-70.2236
83.2	-70.224
83.4	-70.2245
83.6	-70.225
83.8	-70.2255
84	-70.2259
84.2	-70.2264
84.4	-70.2269
84.6	-70.2273
84.8	-70.2278
85	-70.2283
85.2	-70.2288
85.4	-70.2292
85.6	-70.2297
85.8	-70.2302
86	-70.2306
86.2	-70.2311
86.4	-70.2316
86.6	-70.232
86.8	-70.2325
87	-70.2329
87.2	-70.2334
87.4	-70.2339
87.6	-70.2343
87.8	-70.2348
88	-70.2353
88.2	-70.2357
88.4	-70.2362
88.6	-70.2366
88.8	-70.2371
89	-70.2375
89.2	-70.238
89.4	-70.2385
89.6	-70.2389
89.8	-70.2394
90	-70.2398
90.2	-70.2403
90.4	-70.2407
90.6	-70.2412
90.8	-70.2416
91	-70.2421
91.2	-70.2425
91.4	-70.243
91.6	-70.2434
91.8	-70.2439
92	-70.2443
92.2	-70.2448
92.4	-70.2452
92.6	-70.2457
92.8	-70.2461
93	-70.2466
93.2	-70.247
93.4	-70.2475
93.6	-70.2479
93.8	-70.2483
94	-70.2488
94.2	-70.2492
94.4	-70.2497
94.6	-70.2501
94.8	-70.2505
95	-70.251
95.2	-70.2514
95.4	-70.2519
95.6	-70.2523
95.8	-70.2527
96	-70.2532
96.2	-70.2536
96.4	-70.254
96.6	-70.2545
96.8	-70.2549
97	-70.2553
97.2	-70.2558
97.4	-70.2562
97.6	-70.2566
97.8	-70.2571
98	-70.2575
98.2	-70.2579
98.4	-70.2584
98.6	-70.2588
98.8	-70.2592
99	-70.2596
99.2	-70.2601
99.4	-70.2605
99.6	-70.2609
99.8	-70.2613
100	-70.2618
100.2	-70.2622
100.4	-70.2626
100.6	-70.263
100.8	-70.2635
101	-70.2639
101.2	-70.2643
101.4	-70.2647
101.6	-70.2651
101.8	-70.2656
102	-70.266
102.2	-70.2664
102.4	-70.2668
102.6	-70.2672
102.8	-70.2676
103	-70.2681
103.2	-70.2685
103.4	-70.2689
103.6	-70.2693
103.8	-70.2697
104	-70.2701
104.2	-70.2705
104.4	-70.271
104.6	-70.2714
104.8	-70.2718
105	-70.2722
105.2	-70.2726
105.4	-70.273
105.6	-70.2734
105.8	-70.2738
106	-70.2742
106.2	-70.2746
106.4	-70.275
106.6	-70.2754
106.8	-70.2759
107	-70.2763
107.2	-70.2767
107.4	-70.2771
107.6	-70.2775
107.8	-70.2779
108	-70.2783
108.2	-70.2787
108.4	-70.2791
108.6	-70.2795
108.8	-70.2799
109	-70.2803
109.2	-70.2807
109.4	-70.2811
109.6	-70.2815
109.8	-70.2819
110	-70.2823
110.2	-70.2827
110.4	-70.2831
110.6	-70.2834
110.8	-70.2838
111	-70.2842
111.2	-70.2846
111.4	-70.285
111.6	-70.2854
111.8	-70.2858
112	-70.2862
112.2	-70.2866
112.4	-70.287
112.6	-70.2874
112.8	-70.2878
113	-70.2881
113.2	-70.2885
113.4	-70.2889
113.6	-70.2893
113.8	-70.2897
114	-70.2901
114.2	-70.2905
114.4	-70.2908
114.6	-70.2912
114.8	-70.2916
115	-70.292
115.2	-70.2924
115.4	-70.2928
115.6	-70.2931
115.8	-70.2935
116	-70.2939
116.2	-70.2943
116.4	-70.2947
116.6	-70.295
116.8	-70.2954
117	-70.2958
117.2	-70.2962
117.4	-70.2965
117.6	-70.2969
117.8	-70.2973
118	-70.2977
118.2	-70.298
118.4	-70.2984
118.6	-70.2988
118.8	-70.2992
119	-70.2995
119.2	-70.2999
119.4	-70.3003
119.6	-70.3007
119.8	-70.301
120	-70.3014
120.2	-70.3018
120.4	-70.3021
120.6	-70.3025
120.8	-70.3029
121	-70.3032
121.2	-70.3036
121.4	-70.304
121.6	-70.3043
121.8	-70.3047
122	-70.3051
122.2	-70.3054
122.4	-70.3058
122.6	-70.3062
122.8	-70.3065
123	-70.3069
123.2	-70.3072
123.4	-70.3076
123.6	-70.308
123.8	-70.3083
124	-70.3087
124.2	-70.309
124.4	-70.3094
124.6	-70.3098
124.8	-70.3101
125	-70.3105
125.2	-70.3108
125.4	-70.3112
125.6	-70.3115
125.8	-70.3119
126	-70.3123
126.2	-70.3126
126.4	-70.313
126.6	-70.3133
126.8	-70.3137
127	-70.314
127.2	-70.3144
127.4	-70.3147
127.6	-70.3151
127.8	-70.3154
128	-70.3158
128.2	-70.3161
128.4	-70.3165
128.6	-70.3168
128.8	-70.3172
129	-70.3175
129.2	-70.3179
129.4	-70.3182
129.6	-70.3186
129.8	-70.3189
130	-70.3193
130.2	-70.3196
130.4	-70.32
130.6	-70.3203
130.8	-70.3206
131	-70.321
131.2	-70.3213
131.4	-70.3217
131.6	-70.322
131.8	-70.3223
132	-70.3227
132.2	-70.323
132.4	-70.3234
132.6	-70.3237
132.8	-70.3241
133	-70.3244
133.2	-70.3247
133.4	-70.3251
133.6	-70.3254
133.8	-70.3257
134	-70.3261
134.2	-70.3264
134.4	-70.3267
134.6	-70.3271
134.8	-70.3274
135	-70.3277
135.2	-70.3281
135.4	-70.3284
135.6	-70.3287
135.8	-70.3291
136	-70.3294
136.2	-70.3297
136.4	-70.3301
136.6	-70.3304
136.8	-70.3307
137	-70.3311
137.2	-70.3314
137.4	-70.3317
137.6	-70.332
137.8	-70.3324
138	-70.3327
138.2	-70.333
138.4	-70.3334
138.6	-70.3337
138.8	-70.334
139	-70.3343
139.2	-70.3347
139.4	-70.335
139.6	-70.3353
139.8	-70.3356
140	-70.3359
140.2	-70.3363
140.4	-70.3366
140.6	-70.3369
140.8	-70.3372
141	-70.3376
141.2	-70.3379
141.4	-70.3382
141.6	-70.3385
141.8	-70.3388
142	-70.3391
142.2	-70.3395
142.4	-70.3398
142.6	-70.3401
142.8	-70.3404
143	-70.3407
143.2	-70.341
143.4	-70.3414
143.6	-70.3417
143.8	-70.342
144	-70.3423
144.2	-70.3426
144.4	-70.3429
144.6	-70.3432
144.8	-70.3436
145	-70.3439
145.2	-70.3442
145.4	-70.3445
145.6	-70.3448
145.8	-70.3451
146	-70.3454
146.2	-70.3457
146.4	-70.346
146.6	-70.3464
146.8	-70.3467
147	-70.347
147.2	-70.3473
147.4	-70.3476
147.6	-70.3479
147.8	-70.3482
148	-70.3485
148.2	-70.3488
148.4	-70.3491
148.6	-70.3494
148.8	-70.3497
149	-70.35
149.2	-70.3503
149.4	-70.3506
149.6	-70.3509
149.8	-70.3512
150	-70.3515
150.2	-70.3518
150.4	-70.3521
150.6	-70.3524
150.8	-70.3527
151	-70.353
151.2	-70.3533
151.4	-70.3536
151.6	-70.3539
151.8	-70.3542
152	-70.3545
152.2	-70.3548
152.4	-70.3551
152.6	-70.3554
152.8	-70.3557
153	-70.356
153.2	-70.3563
153.4	-70.3566
153.6	-70.3569
153.8	-70.3572
154	-70.3575
154.2	-70.3578
154.4	-70.3581
154.6	-70.3583
154.8	-70.3586
155	-70.3589
155.2	-70.3592
155.4	-70.3595
155.6	-70.3598
155.8	-70.3601
156	-70.3604
156.2	-70.3607
156.4	-70.361
156.6	-70.3612
156.8	-70.3615
157	-70.3618
157.2	-70.3621
157.4	-70.3624
157.6	-70.3627
157.8	-70.363
158	-70.3633
158.2	-70.3635
158.4	-70.3638
158.6	-70.3641
158.8	-70.3644
159	-70.3647
159.2	-70.365
159.4	-70.3652
159.6	-70.3655
159.8	-70.3658
160	-70.3661
160.2	-70.3664
160.4	-70.3666
160.6	-70.3669
160.8	-70.3672
161	-70.3675
161.2	-70.3678
161.4	-70.368
161.6	-70.3683
161.8	-70.3686
162	-70.3689
162.2	-70.3691
162.4	-70.3694
162.6	-70.3697
162.8	-70.37
163	-70.3703
163.2	-70.3705
163.4	-70.3708
163.6	-70.3711
163.8	-70.3714
164	-70.3716
164.2	-70.3719
164.4	-70.3722
164.6	-70.3724
164.8	-70.3727
165	-70.373
165.2	-70.3733
165.4	-70.3735
165.6	-70.3738
165.8	-70.3741
166	-70.3743
166.2	-70.3746
166.4	-70.3749
166.6	-70.3752
166.8	-70.3754
167	-70.3757
167.2	-70.376
167.4	-70.3762
167.6	-70.3765
167.8	-70.3768
168	-70.377
168.2	-70.3773
168.4	-70.3776
168.6	-70.3778
168.8	-70.3781
169	-70.3783
169.2	-70.3786
169.4	-70.3789
169.6	-70.3791
169.8	-70.3794
170	-70.3797
170.2	-70.3799
170.4	-70.3802
170.6	-70.3805
170.8	-70.3807
171	-70.381
171.2	-70.3812
171.4	-70.3815
171.6	-70.3818
171.8	-70.382
172	-70.3823
172.2	-70.3825
172.4	-70.3828
172.6	-70.383
172.8	-70.3833
173	-70.3836
173.2	-70.3838
173.4	-70.3841
173.6	-70.3843
173.8	-70.3846
174	-70.3848
174.2	-70.3851
174.4	-70.3854
174.6	-70.3856
174.8	-70.3859
175	-70.3861
175.2	-70.3864
175.4	-70.3866
175.6	-70.3869
175.8	-70.3871
176	-70.3874
176.2	-70.3876
176.4	-70.3879
176.6	-70.3881
176.8	-70.3884
177	-70.3886
177.2	-70.3889
177.4	-70.3891
177.6	-70.3894
177.8	-70.3896
178	-70.3899
178.2	-70.3901
178.4	-70.3904
178.6	-70.3906
178.8	-70.3909
179	-70.3911
179.2	-70.3914
179.4	-70.3916
179.6	-70.3919
179.8	-70.3921
180	-70.3924
180.2	-70.3926
180.4	-70.3928
180.6	-70.3931
180.8	-70.3933
181	-70.3936
181.2	-70.3938
181.4	-70.3941
181.6	-70.3943
181.8	-70.3945
182	-70.3948
182.2	-70.395
182.4	-70.3953
182.6	-70.3955
182.8	-70.3958
183	-70.396
183.2	-70.3962
183.4	-70.3965
183.6	-70.3967
183.8	-70.397
184	-70.3972
184.2	-70.3974
184.4	-70.3977
184.6	-70.3979
184.8	-70.3981
185	-70.3984
185.2	-70.3986
185.4	-70.3989
185.6	-70.3991
185.8	-70.3993
186	-70.3996
186.2	-70.3998
186.4	-70.4
186.6	-70.4003
186.8	-70.4005
187	-70.4007
187.2	-70.401
187.4	-70.4012
187.6	-70.4014
187.8	-70.4017
188	-70.4019
188.2	-70.4021
188.4	-70.4024
188.6	-70.4026
188.8	-70.4028
189	-70.4031
189.2	-70.4033
189.4	-70.4035
189.6	-70.4037
189.8	-70.404
190	-70.4042
190.2	-70.4044
190.4	-70.4047
190.6	-70.4049
190.8	-70.4051
191	-70.4053
191.2	-70.4056
191.4	-70.4058
191.6	-70.406
191.8	-70.4062
192	-70.4065
192.2	-70.4067
192.4	-70.4069
192.6	-70.4072
192.8	-70.4074
193	-70.4076
193.2	-70.4078
193.4	-70.4081
193.6	-70.4083
193.8	-70.4085
194	-70.4087
194.2	-70.4089
194.4	-70.4092
194.6	-70.4094
194.8	-70.4096
195	-70.4098
195.2	-70.4101
195.4	-70.4103
195.6	-70.4105
195.8	-70.4107
196	-70.4109
196.2	-70.4112
196.4	-70.4114
196.6	-70.4116
196.8	-70.4118
197	-70.412
197.2	-70.4122
197.4	-70.4125
197.6	-70.4127
197.8	-70.4129
198	-70.4131
198.2	-70.4133
198.4	-70.4136
198.6	-70.4138
198.8	-70.414
199	-70.4142
199.2	-70.4144
199.4	-70.4146
199.6	-70.4148
199.8	-70.4151
200	-70.4153
200.2	-70.4155
200.4	-70.4157
200.6	-70.4159
200.8	-70.4161
201	-70.4163
201.2	-70.4165
201.4	-70.4168
201.6	-70.417
201.8	-70.4172
202	-70.4174
202.2	-70.4176
202.4	-70.4178
202.6	-70.418
202.8	-70.4182
203	-70.4184
203.2	-70.4187
203.4	-70.4189
203.6	-70.4191
203.8	-70.4193
204	-70.4195
204.2	-70.4197
204.4	-70.4199
204.6	-70.4201
204.8	-70.4203
205	-70.4205
205.2	-70.4207
205.4	-70.4209
205.6	-70.4211
205.8	-70.4213
206	-70.4216
206.2	-70.4218
206.4	-70.422
206.6	-70.4222
206.8	-70.4224
207	-70.4226
207.2	-70.4228
207.4	-70.423
207.6	-70.4232
207.8	-70.4234
208	-70.4236
208.2	-70.4238
208.4	-70.424
208.6	-70.4242
208.8	-70.4244
209	-70.4246
209.2	-70.4248
209.4	-70.425
209.6	-70.4252
209.8	-70.4254
210	-70.4256
210.2	-70.4258
210.4	-70.426
210.6	-70.4262
210.8	-70.4264
211	-70.4266
211.2	-70.4268
211.4	-70.427
211.6	-70.4272
211.8	-70.4274
212	-70.4276
212.2	-70.4278
212.4	-70.428
212.6	-70.4282
212.8	-70.4284
213	-70.4286
213.2	-70.4288
213.4	-70.429
213.6	-70.4292
213.8	-70.4293
214	-70.4295
214.2	-70.4297
214.4	-70.4299
214.6	-70.4301
214.8	-70.4303
215	-70.4305
215.2	-70.4307
215.4	-70.4309
215.6	-70.4311
215.8	-70.4313
216	-70.4315
216.2	-70.4317
216.4	-70.4319
216.6	-70.432
216.8	-70.4322
217	-70.4324
217.2	-70.4326
217.4	-70.4328
217.6	-70.433
217.8	-70.4332
218	-70.4334
218.2	-70.4336
218.4	-70.4337
218.6	-70.4339
218.8	-70.4341
219	-70.4343
219.2	-70.4345
219.4	-70.4347
219.6	-70.4349
219.8	-70.4351
220	-70.4352
220.2	-70.4354
220.4	-70.4356
220.6	-70.4358
220.8	-70.436
221	-70.4362
221.2	-70.4364
221.4	-70.4365
221.6	-70.4367
221.8	-70.4369
222	-70.4371
222.2	-70.4373
222.4	-70.4375
222.6	-70.4377
222.8	-70.4378
223	-70.438
223.2	-70.4382
223.4	-70.4384
223.6	-70.4386
223.8	-70.4387
224	-70.4389
224.2	-70.4391
224.4	-70.4393
224.6	-70.4395
224.8	-70.4397
225	-70.4398
225.2	-70.44
225.4	-70.4402
225.6	-70.4404
225.8	-70.4406
226	-70.4407
226.2	-70.4409
226.4	-70.4411
226.6	-70.4413
226.8	-70.4414
227	-70.4416
227.2	-70.4418
227.4	-70.442
227.6	-70.4422
227.8	-70.4423
228	-70.4425
228.2	-70.4427
228.4	-70.4429
228.6	-70.443
228.8	-70.4432
229	-70.4434
229.2	-70.4436
229.4	-70.4437
229.6	-70.4439
229.8	-70.4441
230	-70.4443
230.2	-70.4444
230.4	-70.4446
230.6	-70.4448
230.8	-70.445
231	-70.4451
231.2	-70.4453
231.4	-70.4455
231.6	-70.4456
231.8	-70.4458
232	-70.446
232.2	-70.4462
232.4	-70.4463
232.6	-70.4465
232.8	-70.4467
233	-70.4468
233.2	-70.447
233.4	-70.4472
233.6	-70.4473
233.8	-70.4475
234	-70.4477
234.2	-70.4479
234.4	-70.448
234.6	-70.4482
234.8	-70.4484
235	-70.4485
235.2	-70.4487
235.4	-70.4489
235.6	-70.449
235.8	-70.4492
236	-70.4494
236.2	-70.4495
236.4	-70.4497
236.6	-70.4499
236.8	-70.45
237	-70.4502
237.2	-70.4504
237.4	-70.4505
237.6	-70.4507
237.8	-70.4509
238	-70.451
238.2	-70.4512
238.4	-70.4514
238.6	-70.4515
238.8	-70.4517
239	-70.4519
239.2	-70.452
239.4	-70.4522
239.6	-70.4523
239.8	-70.4525
240	-70.4527
240.2	-70.4528
240.4	-70.453
240.6	-70.4532
240.8	-70.4533
241	-70.4535
241.2	-70.4536
241.4	-70.4538
241.6	-70.454
241.8	-70.4541
242	-70.4543
242.2	-70.4544
242.4	-70.4546
242.6	-70.4548
242.8	-70.4549
243	-70.4551
243.2	-70.4552
243.4	-70.4554
243.6	-70.4556
243.8	-70.4557
244	-70.4559
244.2	-70.456
244.4	-70.4562
244.6	-70.4564
244.8	-70.4565
245	-70.4567
245.2	-70.4568
245.4	-70.457
245.6	-70.4571
245.8	-70.4573
246	-70.4574
246.2	-70.4576
246.4	-70.4578
246.6	-70.4579
246.8	-70.4581
247	-70.4582
247.2	-70.4584
247.4	-70.4585
247.6	-70.4587
247.8	-70.4588
248	-70.459
248.2	-70.4592
248.4	-70.4593
248.6	-70.4595
248.8	-70.4596
249	-70.4598
249.2	-70.4599
249.4	-70.4601
249.6	-70.4602
249.8	-70.4604
250	-70.4605
250.2	-70.4607
250.4	-70.4608
250.6	-70.461
250.8	-70.4611
251	-70.4613
251.2	-70.4614
251.4	-70.4616
251.6	-70.4617
251.8	-70.4619
252	-70.462
252.2	-70.4622
252.4	-70.4623
252.6	-70.4625
252.8	-70.4626
253	-70.4628
253.2	-70.4629
253.4	-70.4631
253.6	-70.4632
253.8	-70.4634
254	-70.4635
254.2	-70.4637
254.4	-70.4638
254.6	-70.464
254.8	-70.4641
255	-70.4643
255.2	-70.4644
255.4	-70.4645
255.6	-70.4647
255.8	-70.4648
256	-70.465
256.2	-70.4651
256.4	-70.4653
256.6	-70.4654
256.8	-70.4656
257	-70.4657
257.2	-70.4659
257.4	-70.466
257.6	-70.4661
257.8	-70.4663
258	-70.4664
258.2	-70.4666
258.4	-70.4667
258.6	-70.4669
258.8	-70.467
259	-70.4671
259.2	-70.4673
259.4	-70.4674
259.6	-70.4676
259.8	-70.4677
260	-70.4679
260.2	-70.468
260.4	-70.4681
260.6	-70.4683
260.8	-70.4684
261	-70.4686
261.2	-70.4687
261.4	-70.4688
261.6	-70.469
261.8	-70.4691
262	-70.4693
262.2	-70.4694
262.4	-70.4695
262.6	-70.4697
262.8	-70.4698
263	-70.47
263.2	-70.4701
263.4	-70.4702
263.6	-70.4704
263.8	-70.4705
264	-70.4707
264.2	-70.4708
264.4	-70.4709
264.6	-70.4711
264.8	-70.4712
265	-70.4713
265.2	-70.4715
265.4	-70.4716
265.6	-70.4717
265.8	-70.4719
266	-70.472
266.2	-70.4722
266.4	-70.4723
266.6	-70.4724
266.8	-70.4726
267	-70.4727
267.2	-70.4728
267.4	-70.473
267.6	-70.4731
267.8	-70.4732
268	-70.4734
268.2	-70.4735
268.4	-70.4736
268.6	-70.4738
268.8	-70.4739
269	-70.474
269.2	-70.4742
269.4	-70.4743
269.6	-70.4744
269.8	-70.4746
270	-70.4747
270.2	-70.4748
270.4	-70.475
270.6	-70.4751
270.8	-70.4752
271	-70.4754
271.2	-70.4755
271.4	-70.4756
271.6	-70.4758
271.8	-70.4759
272	-70.476
272.2	-70.4762
272.4	-70.4763
272.6	-70.4764
272.8	-70.4765
273	-70.4767
273.2	-70.4768
273.4	-70.4769
273.6	-70.4771
273.8	-70.4772
274	-70.4773
274.2	-70.4774
274.4	-70.4776
274.6	-70.4777
274.8	-70.4778
275	-70.478
275.2	-70.4781
275.4	-70.4782
275.6	-70.4783
275.8	-70.4785
276	-70.4786
276.2	-70.4787
276.4	-70.4789
276.6	-70.479
276.8	-70.4791
277	-70.4792
277.2	-70.4794
277.4	-70.4795
277.6	-70.4796
277.8	-70.4797
278	-70.4799
278.2	-70.48
278.4	-70.4801
278.6	-70.4802
278.8	-70.4804
279	-70.4805
279.2	-70.4806
279.4	-70.4807
279.6	-70.4809
279.8	-70.481
280	-70.4811
280.2	-70.4812
280.4	-70.4813
280.6	-70.4815
280.8	-70.4816
281	-70.4817
281.2	-70.4818
281.4	-70.482
281.6	-70.4821
281.8	-70.4822
282	-70.4823
282.2	-70.4825
282.4	-70.4826
282.6	-70.4827
282.8	-70.4828
283	-70.4829
283.2	-70.4831
283.4	-70.4832
283.6	-70.4833
283.8	-70.4834
284	-70.4835
284.2	-70.4837
284.4	-70.4838
284.6	-70.4839
284.8	-70.484
285	-70.4841
285.2	-70.4843
285.4	-70.4844
285.6	-70.4845
285.8	-70.4846
286	-70.4847
286.2	-70.4849
286.4	-70.485
286.6	-70.4851
286.8	-70.4852
287	-70.4853
287.2	-70.4854
287.4	-70.4856
287.6	-70.4857
287.8	-70.4858
288	-70.4859
288.2	-70.486
288.4	-70.4861
288.6	-70.4863
288.8	-70.4864
289	-70.4865
289.2	-70.4866
289.4	-70.4867
289.6	-70.4868
289.8	-70.487
290	-70.4871
290.2	-70.4872
290.4	-70.4873
290.6	-70.4874
290.8	-70.4875
291	-70.4876
291.2	-70.4878
291.4	-70.4879
291.6	-70.488
291.8	-70.4881
292	-70.4882
292.2	-70.4883
292.4	-70.4884
292.6	-70.4886
292.8	-70.4887
293	-70.4888
293.2	-70.4889
293.4	-70.489
293.6	-70.4891
293.8	-70.4892
294	-70.4893
294.2	-70.4895
294.4	-70.4896
294.6	-70.4897
294.8	-70.4898
295	-70.4899
295.2	-70.49
295.4	-70.4901
295.6	-70.4902
295.8	-70.4904
296	-70.4905
296.2	-70.4906
296.4	-70.4907
296.6	-70.4908
296.8	-70.4909
297	-70.491
297.2	-70.4911
297.4	-70.4912
297.6	-70.4913
297.8	-70.4915
298	-70.4916
298.2	-70.4917
298.4	-70.4918
298.6	-70.4919
298.8	-70.492
299	-70.4921
299.2	-70.4922
299.4	-70.4923
299.6	-70.4924
299.8	-70.4925
300	-70.4927
300.2	-70.2886
300.4	-70.0887
300.6	-69.8928
300.8	-69.7008
301	-69.5127
301.2	-69.3283
301.4	-69.1477
301.6	-68.9706
301.8	-68.7971
302	-68.6271
302.2	-68.4605
302.4	-68.2973
302.6	-68.1373
302.8	-67.9805
303	-67.8269
303.2	-67.6763
303.4	-67.5288
303.6	-67.3843
303.8	-67.2426
304	-67.1038
304.2	-66.9678
304.4	-66.8345
304.6	-66.7039
304.8	-66.5759
305	-66.4505
305.2	-66.3276
305.4	-66.2072
305.6	-66.0892
305.8	-65.9735
306	-65.8602
306.2	-65.7492
306.4	-65.6404
306.6	-65.5338
306.8	-65.4294
307	-65.327
307.2	-65.2268
307.4	-65.1285
307.6	-65.0322
307.8	-64.9379
308	-64.8454
308.2	-64.7548
308.4	-64.6661
308.6	-64.5791
308.8	-64.4939
309	-64.4104
309.2	-64.3286
309.4	-64.2485
309.6	-64.1699
309.8	-64.093
310	-64.0176
310.2	-63.9437
310.4	-63.8714
310.6	-63.8005
310.8	-63.731
311	-63.6629
311.2	-63.5962
311.4	-63.5309
311.6	-63.4669
311.8	-63.4042
312	-63.3427
312.2	-63.2825
312.4	-63.2236
312.6	-63.1658
312.8	-63.1092
313	-63.0537
313.2	-62.9994
313.4	-62.9462
313.6	-62.894
313.8	-62.8429
314	-62.7929
314.2	-62.7439
314.4	-62.6958
314.6	-62.6488
314.8	-62.6027
315	-62.5576
315.2	-62.5133
315.4	-62.47
315.6	-62.4276
315.8	-62.386
316	-62.3453
316.2	-62.3054
316.4	-62.2663
316.6	-62.2281
316.8	-62.1906
317	-62.1539
317.2	-62.1179
317.4	-62.0827
317.6	-62.0482
317.8	-62.0144
318	-61.9813
318.2	-61.9489
318.4	-61.9171
318.6	-61.886
318.8	-61.8556
319	-61.8258
319.2	-61.7966
319.4	-61.7679
319.6	-61.7399
319.8	-61.7125
320	-61.6856
320.2	-61.6593
320.4	-61.6336
320.6	-61.6083
320.8	-61.5836
321	-61.5595
321.2	-61.5358
321.4	-61.5126
321.6	-61.4899
321.8	-61.4677
322	-61.4459
322.2	-61.4246
322.4	-61.4037
322.6	-61.3833
322.8	-61.3633
323	-61.3437
323.2	-61.3245
323.4	-61.3058
323.6	-61.2874
323.8	-61.2694
324	-61.2518
324.2	-61.2346
324.4	-61.2177
324.6	-61.2012
324.8	-61.1851
325	-61.1693
325.2	-61.1538
325.4	-61.1387
325.6	-61.1238
325.8	-61.1093
326	-61.0951
326.2	-61.0812
326.4	-61.0677
326.6	-61.0544
326.8	-61.0414
327	-61.0286
327.2	-61.0162
327.4	-61.004
327.6	-60.9921
327.8	-60.9804
328	-60.969
328.2	-60.9578
328.4	-60.9469
328.6	-60.9362
328.8	-60.9258
329	-60.9156
329.2	-60.9056
329.4	-60.8958
329.6	-60.8863
329.8	-60.8769
330	-60.8678
330.2	-60.8589
330.4	-60.8502
330.6	-60.8416
330.8	-60.8333
331	-60.8251
331.2	-60.8172
331.4	-60.8094
331.6	-60.8017
331.8	-60.7943
332	-60.787
332.2	-60.7799
332.4	-60.773
332.6	-60.7662
332.8	-60.7596
333	-60.7531
333.2	-60.7468
333.4	-60.7406
333.6	-60.7346
333.8	-60.7287
334	-60.7229
334.2	-60.7173
334.4	-60.7118
334.6	-60.7065
334.8	-60.7013
335	-60.6962
335.2	-60.6912
335.4	-60.6863
335.6	-60.6816
335.8	-60.677
336	-60.6725
336.2	-60.6681
336.4	-60.6638
336.6	-60.6596
336.8	-60.6555
337	-60.6515
337.2	-60.6476
337.4	-60.6439
337.6	-60.6402
337.8	-60.6366
338	-60.6331
338.2	-60.6297
338.4	-60.6264
338.6	-60.6231
338.8	-60.62
339	-60.6169
339.2	-60.614
339.4	-60.6111
339.6	-60.6082
339.8	-60.6055
340	-60.6028
340.2	-60.6002
340.4	-60.5977
340.6	-60.5952
340.8	-60.5929
341	-60.5905
341.2	-60.5883
341.4	-60.5861
341.6	-60.584
341.8	-60.5819
342	-60.58
342.2	-60.578
342.4	-60.5761
342.6	-60.5743
342.8	-60.5726
343	-60.5709
343.2	-60.5692
343.4	-60.5676
343.6	-60.5661
343.8	-60.5646
344	-60.5631
344.2	-60.5617
344.4	-60.5604
344.6	-60.5591
344.8	-60.5578
345	-60.5566
345.2	-60.5555
345.4	-60.5543
345.6	-60.5532
345.8	-60.5522
346	-60.5512
346.2	-60.5503
346.4	-60.5493
346.6	-60.5485
346.8	-60.5476
347	-60.5468
347.2	-60.546
347.4	-60.5453
347.6	-60.5446
347.8	-60.5439
348	-60.5433
348.2	-60.5427
348.4	-60.5421
348.6	-60.5416
348.8	-60.5411
349	-60.5406
349.2	-60.5402
349.4	-60.5398
349.6	-60.5394
349.8	-60.539
350	-60.5387
350.2	-60.5384
350.4	-60.5381
350.6	-60.5378
350.8	-60.5376
351	-60.5374
351.2	-60.5372
351.4	-60.537
351.6	-60.5369
351.8	-60.5368
352	-60.5367
352.2	-60.5366
352.4	-60.5365
352.6	-60.5365
352.8	-60.5365
353	-60.5365
353.2	-60.5365
353.4	-60.5366
353.6	-60.5366
353.8	-60.5367
354	-60.5368
354.2	-60.5369
354.4	-60.5371
354.6	-60.5372
354.8	-60.5374
355	-60.5376
355.2	-60.5378
355.4	-60.538
355.6	-60.5382
355.8	-60.5384
356	-60.5387
356.2	-60.539
356.4	-60.5392
356.6	-60.5395
356.8	-60.5399
357	-60.5402
357.2	-60.5405
357.4	-60.5409
357.6	-60.5412
357.8	-60.5416
358	-60.542
358.2	-60.5424
358.4	-60.5428
358.6	-60.5432
358.8	-60.5436
359	-60.544
359.2	-60.5445
359.4	-60.5449
359.6	-60.5454
359.8	-60.5459
360	-60.5464
360.2	-60.5469
360.4	-60.5474
360.6	-60.5479
360.8	-60.5484
361	-60.5489
361.2	-60.5495
361.4	-60.55
361.6	-60.5506
361.8	-60.5511
362	-60.5517
362.2	-60.5522
362.4	-60.5528
362.6	-60.5534
362.8	-60.554
363	-60.5546
363.2	-60.5552
363.4	-60.5558
363.6	-60.5564
363.8	-60.5571
364	-60.5577
364.2	-60.5583
364.4	-60.559
364.6	-60.5596
364.8	-60.5603
365	-60.5609
365.2	-60.5616
365.4	-60.5623
365.6	-60.5629
365.8	-60.5636
366	-60.5643
366.2	-60.565
366.4	-60.5657
366.6	-60.5664
366.8	-60.5671
367	-60.5678
367.2	-60.5685
367.4	-60.5692
367.6	-60.5699
367.8	-60.5706
368	-60.5713
368.2	-60.5721
368.4	-60.5728
368.6	-60.5735
368.8	-60.5742
369	-60.575
369.2	-60.5757
369.4	-60.5765
369.6	-60.5772
369.8	-60.578
370	-60.5787
370.2	-60.5795
370.4	-60.5802
370.6	-60.581
370.8	-60.5817
371	-60.5825
371.2	-60.5833
371.4	-60.5841
371.6	-60.5848
371.8	-60.5856
372	-60.5864
372.2	-60.5871
372.4	-60.5879
372.6	-60.5887
372.8	-60.5895
373	-60.5903
373.2	-60.5911
373.4	-60.5919
373.6	-60.5926
373.8	-60.5934
374	-60.5942
374.2	-60.595
374.4	-60.5958
374.6	-60.5966
374.8	-60.5974
375	-60.5982
375.2	-60.599
375.4	-60.5998
375.6	-60.6006
375.8	-60.6014
376	-60.6022
376.2	-60.603
376.4	-60.6038
376.6	-60.6046
376.8	-60.6055
377	-60.6063
377.2	-60.6071
377.4	-60.6079
377.6	-60.6087
377.8	-60.6095
378	-60.6103
378.2	-60.6111
378.4	-60.612
378.6	-60.6128
378.8	-60.6136
379	-60.6144
379.2	-60.6152
379.4	-60.616
379.6	-60.6169
379.8	-60.6177
380	-60.6185
380.2	-60.6193
380.4	-60.6201
380.6	-60.621
380.8	-60.6218
381	-60.6226
381.2	-60.6234
381.4	-60.6242
381.6	-60.6251
381.8	-60.6259
382	-60.6267
382.2	-60.6275
382.4	-60.6284
382.6	-60.6292
382.8	-60.63
383	-60.6308
383.2	-60.6316
383.4	-60.6325
383.6	-60.6333
383.8	-60.6341
384	-60.6349
384.2	-60.6358
384.4	-60.6366
384.6	-60.6374
384.8	-60.6382
385	-60.639
385.2	-60.6399
385.4	-60.6407
385.6	-60.6415
385.8	-60.6423
386	-60.6431
386.2	-60.644
386.4	-60.6448
386.6	-60.6456
386.8	-60.6464
387	-60.6473
387.2	-60.6481
387.4	-60.6489
387.6	-60.6497
387.8	-60.6505
388	-60.6513
388.2	-60.6522
388.4	-60.653
388.6	-60.6538
388.8	-60.6546
389	-60.6554
389.2	-60.6562
389.4	-60.6571
389.6	-60.6579
389.8	-60.6587
390	-60.6595
390.2	-60.6603
390.4	-60.6611
390.6	-60.662
390.8	-60.6628
391	-60.6636
391.2	-60.6644
391.4	-60.6652
391.6	-60.666
391.8	-60.6668
392	-60.6676
392.2	-60.6684
392.4	-60.6693
392.6	-60.6701
392.8	-60.6709
393	-60.6717
393.2	-60.6725
393.4	-60.6733
393.6	-60.6741
393.8	-60.6749
394	-60.6757
394.2	-60.6765
394.4	-60.6773
394.6	-60.6781
394.8	-60.6789
395	-60.6797
395.2	-60.6805
395.4	-60.6813
395.6	-60.6821
395.8	-60.6829
396	-60.6837
396.2	-60.6845
396.4	-60.6853
396.6	-60.6861
396.8	-60.6869
397	-60.6877
397.2	-60.6885
397.4	-60.6893
397.6	-60.6901
397.8	-60.6909
398	-60.6917
398.2	-60.6925
398.4	-60.6933
398.6	-60.694
398.8	-60.6948
399	-60.6956
399.2	-60.6964
399.4	-60.6972
399.6	-60.698
399.8	-60.6988
400	-60.6996
400.2	-60.7003
400.4	-60.7011
400.6	-60.7019
400.8	-60.7027
401	-60.7035
401.2	-60.7043
401.4	-60.705
401.6	-60.7058
401.8	-60.7066
402	-60.7074
402.2	-60.7081
402.4	-60.7089
402.6	-60.7097
402.8	-60.7105
403	-60.7113
403.2	-60.712
403.4	-60.7128
403.6	-60.7136
403.8	-60.7143
404	-60.7151
404.2	-60.7159
404.4	-60.7167
404.6	-60.7174
404.8	-60.7182
405	-60.719
405.2	-60.7197
405.4	-60.7205
405.6	-60.7213
405.8	-60.722
406	-60.7228
406.2	-60.7236
406.4	-60.7243
406.6	-60.7251
406.8	-60.7258
407	-60.7266
407.2	-60.7274
407.4	-60.7281
407.6	-60.7289
407.8	-60.7296
408	-60.7304
408.2	-60.7311
408.4	-60.7319
408.6	-60.7327
408.8	-60.7334
409	-60.7342
409.2	-60.7349
409.4	-60.7357
409.6	-60.7364
409.8	-60.7372
410	-60.7379
410.2	-60.7387
410.4	-60.7394
410.6	-60.7402
410.8	-60.7409
411	-60.7416
411.2	-60.7424
411.4	-60.7431
411.6	-60.7439
411.8	-60.7446
412	-60.7454
412.2	-60.7461
412.4	-60.7468
412.6	-60.7476
412.8	-60.7483
413	-60.7491
413.2	-60.7498
413.4	-60.7505
413.6	-60.7513
413.8	-60.752
414	-60.7527
414.2	-60.7535
414.4	-60.7542
414.6	-60.7549
414.8	-60.7557
415	-60.7564
415.2	-60.7571
415.4	-60.7578
415.6	-60.7586
415.8	-60.7593
416	-60.76
416.2	-60.7608
416.4	-60.7615
416.6	-60.7622
416.8	-60.7629
417	-60.7636
417.2	-60.7644
417.4	-60.7651
417.6	-60.7658
417.8	-60.7665
418	-60.7673
418.2	-60.768
418.4	-60.7687
418.6	-60.7694
418.8	-60.7701
419	-60.7708
419.2	-60.7715
419.4	-60.7723
419.6	-60.773
419.8	-60.7737
420	-60.7744
420.2	-60.7751
420.4	-60.7758
420.6	-60.7765
420.8	-60.7772
421	-60.7779
421.2	-60.7786
421.4	-60.7794
421.6	-60.7801
421.8	-60.7808
422	-60.7815
422.2	-60.7822
422.4	-60.7829
422.6	-60.7836
422.8	-60.7843
423	-60.785
423.2	-60.7857
423.4	-60.7864
423.6	-60.7871
423.8	-60.7878
424	-60.7885
424.2	-60.7892
424.4	-60.7898
424.6	-60.7905
424.8	-60.7912
425	-60.7919
425.2	-60.7926
425.4	-60.7933
425.6	-60.794
425.8	-60.7947
426	-60.7954
426.2	-60.7961
426.4	-60.7967
426.6	-60.7974
426.8	-60.7981
427	-60.7988
427.2	-60.7995
427.4	-60.8002
427.6	-60.8009
427.8	-60.8015
428	-60.8022
428.2	-60.8029
428.4	-60.8036
428.6	-60.8043
428.8	-60.8049
429	-60.8056
429.2	-60.8063
429.4	-60.807
429.6	-60.8076
429.8	-60.8083
430	-60.809
430.2	-60.8097
430.4	-60.8103
430.6	-60.811
430.8	-60.8117
431	-60.8124
431.2	-60.813
431.4	-60.8137
431.6	-60.8144
431.8	-60.815
432	-60.8157
432.2	-60.8164
432.4	-60.817
432.6	-60.8177
432.8	-60.8184
433	-60.819
433.2	-60.8197
433.4	-60.8203
433.6	-60.821
433.8	-60.8217
434	-60.8223
434.2	-60.823
434.4	-60.8236
434.6	-60.8243
434.8	-60.8249
435	-60.8256
435.2	-60.8263
435.4	-60.8269
435.6	-60.8276
435.8	-60.8282
436	-60.8289
436.2	-60.8295
436.4	-60.8302
436.6	-60.8308
436.8	-60.8315
437	-60.8321
437.2	-60.8328
437.4	-60.8334
437.6	-60.8341
437.8	-60.8347
438	-60.8354
438.2	-60.836
438.4	-60.8366
438.6	-60.8373
438.8	-60.8379
439	-60.8386
439.2	-60.8392
439.4	-60.8399
439.6	-60.8405
439.8	-60.8411
440	-60.8418
440.2	-60.8424
440.4	-60.843
440.6	-60.8437
440.8	-60.8443
441	-60.845
441.2	-60.8456
441.4	-60.8462
441.6	-60.8469
441.8	-60.8475
442	-60.8481
442.2	-60.8488
442.4	-60.8494
442.6	-60.85
442.8	-60.8506
443	-60.8513
443.2	-60.8519
443.4	-60.8525
443.6	-60.8531
443.8	-60.8538
444	-60.8544
444.2	-60.855
444.4	-60.8556
444.6	-60.8563
444.8	-60.8569
445	-60.8575
445.2	-60.8581
445.4	-60.8587
445.6	-60.8594
445.8	-60.86
446	-60.8606
446.2	-60.8612
446.4	-60.8618
446.6	-60.8625
446.8	-60.8631
447	-60.8637
447.2	-60.8643
447.4	-60.8649
447.6	-60.8655
447.8	-60.8661
448	-60.8667
448.2	-60.8674
448.4	-60.868
448.6	-60.8686
448.8	-60.8692
449	-60.8698
449.2	-60.8704
449.4	-60.871
449.6	-60.8716
449.8	-60.8722
450	-60.8728
450.2	-60.8734
450.4	-60.874
450.6	-60.8746
450.8	-60.8752
451	-60.8758
451.2	-60.8764
451.4	-60.877
451.6	-60.8776
451.8	-60.8782
452	-60.8788
452.2	-60.8794
452.4	-60.88
452.6	-60.8806
452.8	-60.8812
453	-60.8818
453.2	-60.8824
453.4	-60.883
453.6	-60.8836
453.8	-60.8842
454	-60.8848
454.2	-60.8854
454.4	-60.886
454.6	-60.8865
454.8	-60.8871
455	-60.8877
455.2	-60.8883
455.4	-60.8889
455.6	-60.8895
455.8	-60.8901
456	-60.8907
456.2	-60.8912
456.4	-60.8918
456.6	-60.8924
456.8	-60.893
457	-60.8936
457.2	-60.8942
457.4	-60.8947
457.6	-60.8953
457.8	-60.8959
458	-60.8965
458.2	-60.897
458.4	-60.8976
458.6	-60.8982
458.8	-60.8988
459	-60.8994
459.2	-60.8999
459.4	-60.9005
459.6	-60.9011
459.8	-60.9017
460	-60.9022
460.2	-60.9028
460.4	-60.9034
460.6	-60.9039
460.8	-60.9045
461	-60.9051
461.2	-60.9056
461.4	-60.9062
461.6	-60.9068
461.8	-60.9073
462	-60.9079
462.2	-60.9085
462.4	-60.909
462.6	-60.9096
462.8	-60.9102
463	-60.9107
463.2	-60.9113
463.4	-60.9119
463.6	-60.9124
463.8	-60.913
464	-60.9135
464.2	-60.9141
464.4	-60.9147
464.6	-60.9152
464.8	-60.9158
465	-60.9163
465.2	-60.9169
465.4	-60.9174
465.6	-60.918
465.8	-60.9186
466	-60.9191
466.2	-60.9197
466.4	-60.9202
466.6	-60.9208
466.8	-60.9213
467	-60.9219
467.2	-60.9224
467.4	-60.923
467.6	-60.9235
467.8	-60.9241
468	-60.9246
468.2	-60.9252
468.4	-60.9257
468.6	-60.9263
468.8	-60.9268
469	-60.9274
469.2	-60.9279
469.4	-60.9284
469.6	-60.929
469.8	-60.9295
470	-60.9301
470.2	-60.9306
470.4	-60.9312
470.6	-60.9317
470.8	-60.9322
471	-60.9328
471.2	-60.9333
471.4	-60.9338
471.6	-60.9344
471.8	-60.9349
472	-60.9355
472.2	-60.936
472.4	-60.9365
472.6	-60.9371
472.8	-60.9376
473	-60.9381
473.2	-60.9387
473.4	-60.9392
473.6	-60.9397
473.8	-60.9403
474	-60.9408
474.2	-60.9413
474.4	-60.9418
474.6	-60.9424
474.8	-60.9429
475	-60.9434
475.2	-60.944
475.4	-60.9445
475.6	-60.945
475.8	-60.9455
476	-60.9461
476.2	-60.9466
476.4	-60.9471
476.6	-60.9476
476.8	-60.9482
477	-60.9487
477.2	-60.9492
477.4	-60.9497
477.6	-60.9502
477.8	-60.9508
478	-60.9513
478.2	-60.9518
478.4	-60.9523
478.6	-60.9528
478.8	-60.9533
479	-60.9539
479.2	-60.9544
479.4	-60.9549
479.6	-60.9554
479.8	-60.9559
480	-60.9564
480.2	-60.957
480.4	-60.9575
480.6	-60.958
480.8	-60.9585
481	-60.959
481.2	-60.9595
481.4	-60.96
481.6	-60.9605
481.8	-60.961
482	-60.9615
482.2	-60.962
482.4	-60.9626
482.6	-60.9631
482.8	-60.9636
483	-60.9641
483.2	-60.9646
483.4	-60.9651
483.6	-60.9656
483.8	-60.9661
484	-60.9666
484.2	-60.9671
484.4	-60.9676
484.6	-60.9681
484.8	-60.9686
485	-60.9691
485.2	-60.9696
485.4	-60.9701
485.6	-60.9706
485.8	-60.9711
486	-60.9716
486.2	-60.9721
486.4	-60.9726
486.6	-60.9731
486.8	-60.9736
487	-60.9741
487.2	-60.9746
487.4	-60.975
487.6	-60.9755
487.8	-60.976
488	-60.9765
488.2	-60.977
488.4	-60.9775
488.6	-60.978
488.8	-60.9785
489	-60.979
489.2	-60.9795
489.4	-60.9799
489.6	-60.9804
489.8	-60.9809
490	-60.9814
490.2	-60.9819
490.4	-60.9824
490.6	-60.9829
490.8	-60.9833
491	-60.9838
491.2	-60.9843
491.4	-60.9848
491.6	-60.9853
491.8	-60.9858
492	-60.9862
492.2	-60.9867
492.4	-60.9872
492.6	-60.9877
492.8	-60.9882
493	-60.9886
493.2	-60.9891
493.4	-60.9896
493.6	-60.9901
493.8	-60.9905
494	-60.991
494.2	-60.9915
494.4	-60.992
494.6	-60.9924
494.8	-60.9929
495	-60.9934
495.2	-60.9939
495.4	-60.9943
495.6	-60.9948
495.8	-60.9953
496	-60.9957
496.2	-60.9962
496.4	-60.9967
496.6	-60.9972
496.8	-60.9976
497	-60.9981
497.2	-60.9986
497.4	-60.999
497.6	-60.9995
497.8	-61
498	-61.0004
498.2	-61.0009
498.4	-61.0014
498.6	-61.0018
498.8	-61.0023
499	-61.0027
499.2	-61.0032
499.4	-61.0037
499.6	-61.0041
499.8	-61.0046
500	-61.0051
500.2	-61.0055
500.4	-61.006
500.6	-61.0064
500.8	-61.0069
501	-61.0073
501.2	-61.0078
501.4	-61.0083
501.6	-61.0087
501.8	-61.0092
502	-61.0096
502.2	-61.0101
502.4	-61.0105
502.6	-61.011
502.8	-61.0114
503	-61.0119
503.2	-61.0124
503.4	-61.0128
503.6	-61.0133
503.8	-61.0137
504	-61.0142
504.2	-61.0146
504.4	-61.0151
504.6	-61.0155
504.8	-61.016
505	-61.0164
505.2	-61.0168
505.4	-61.0173
505.6	-61.0177
505.8	-61.0182
506	-61.0186
506.2	-61.0191
506.4	-61.0195
506.6	-61.02
506.8	-61.0204
507	-61.0209
507.2	-61.0213
507.4	-61.0217
507.6	-61.0222
507.8	-61.0226
508	-61.0231
508.2	-61.0235
508.4	-61.0239
508.6	-61.0244
508.8	-61.0248
509	-61.0253
509.2	-61.0257
509.4	-61.0261
509.6	-61.0266
509.8	-61.027
510	-61.0274
510.2	-61.0279
510.4	-61.0283
510.6	-61.0288
510.8	-61.0292
511	-61.0296
511.2	-61.0301
511.4	-61.0305
511.6	-61.0309
511.8	-61.0313
512	-61.0318
512.2	-61.0322
512.4	-61.0326
512.6	-61.0331
512.8	-61.0335
513	-61.0339
513.2	-61.0344
513.4	-61.0348
513.6	-61.0352
513.8	-61.0356
514	-61.0361
514.2	-61.0365
514.4	-61.0369
514.6	-61.0373
514.8	-61.0378
515	-61.0382
515.2	-61.0386
515.4	-61.039
515.6	-61.0395
515.8	-61.0399
516	-61.0403
516.2	-61.0407
516.4	-61.0412
516.6	-61.0416
516.8	-61.042
517	-61.0424
517.2	-61.0428
517.4	-61.0433
517.6	-61.0437
517.8	-61.0441
518	-61.0445
518.2	-61.0449
518.4	-61.0453
518.6	-61.0458
518.8	-61.0462
519	-61.0466
519.2	-61.047
519.4	-61.0474
519.6	-61.0478
519.8	-61.0482
520	-61.0487
520.2	-61.0491
520.4	-61.0495
520.6	-61.0499
520.8	-61.0503
521	-61.0507
521.2	-61.0511
521.4	-61.0515
521.6	-61.0519
521.8	-61.0523
522	-61.0528
522.2	-61.0532
522.4	-61.0536
522.6	-61.054
522.8	-61.0544
523	-61.0548
523.2	-61.0552
523.4	-61.0556
523.6	-61.056
523.8	-61.0564
524	-61.0568
524.2	-61.0572
524.4	-61.0576
524.6	-61.058
524.8	-61.0584
525	-61.0588
525.2	-61.0592
525.4	-61.0596
525.6	-61.06
525.8	-61.0604
526	-61.0608
526.2	-61.0612
526.4	-61.0616
526.6	-61.062
526.8	-61.0624
527	-61.0628
527.2	-61.0632
527.4	-61.0636
527.6	-61.064
527.8	-61.0644
528	-61.0648
528.2	-61.0652
528.4	-61.0656
528.6	-61.066
528.8	-61.0664
529	-61.0668
529.2	-61.0672
529.4	-61.0676
529.6	-61.068
529.8	-61.0683
530	-61.0687
530.2	-61.0691
530.4	-61.0695
530.6	-61.0699
530.8	-61.0703
531	-61.0707
531.2	-61.0711
531.4	-61.0715
531.6	-61.0719
531.8	-61.0722
532	-61.0726
532.2	-61.073
532.4	-61.0734
532.6	-61.0738
532.8	-61.0742
533	-61.0746
533.2	-61.0749
533.4	-61.0753
533.6	-61.0757
533.8	-61.0761
534	-61.0765
534.2	-61.0769
534.4	-61.0772
534.6	-61.0776
534.8	-61.078
535	-61.0784
535.2	-61.0788
535.4	-61.0791
535.6	-61.0795
535.8	-61.0799
536	-61.0803
536.2	-61.0807
536.4	-61.081
536.6	-61.0814
536.8	-61.0818
537	-61.0822
537.2	-61.0825
537.4	-61.0829
537.6	-61.0833
537.8	-61.0837
538	-61.084
538.2	-61.0844
538.4	-61.0848
538.6	-61.0852
538.8	-61.0855
539	-61.0859
539.2	-61.0863
539.4	-61.0867
539.6	-61.087
539.8	-61.0874
540	-61.0878
540.2	-61.0881
540.4	-61.0885
540.6	-61.0889
540.8	-61.0892
541	-61.0896
541.2	-61.09
541.4	-61.0903
541.6	-61.0907
541.8	-61.0911
542	-61.0914
542.2	-61.0918
542.4	-61.0922
542.6	-61.0925
542.8	-61.0929
543	-61.0933
543.2	-61.0936
543.4	-61.094
543.6	-61.0944
543.8	-61.0947
544	-61.0951
544.2	-61.0954
544.4	-61.0958
544.6	-61.0962
544.8	-61.0965
545	-61.0969
545.2	-61.0973
545.4	-61.0976
545.6	-61.098
545.8	-61.0983
546	-61.0987
546.2	-61.099
546.4	-61.0994
546.6	-61.0998
546.8	-61.1001
547	-61.1005
547.2	-61.1008
547.4	-61.1012
547.6	-61.1015
547.8	-61.1019
548	-61.1023
548.2	-61.1026
548.4	-61.103
548.6	-61.1033
548.8	-61.1037
549	-61.104
549.2	-61.1044
549.4	-61.1047
549.6	-61.1051
549.8	-61.1054
550	-61.1058
550.2	-61.1061
550.4	-61.1065
550.6	-61.1068
550.8	-61.1072
551	-61.1075
551.2	-61.1079
551.4	-61.1082
551.6	-61.1086
551.8	-61.1089
552	-61.1093
552.2	-61.1096
552.4	-61.11
552.6	-61.1103
552.8	-61.1106
553	-61.111
553.2	-61.1113
553.4	-61.1117
553.6	-61.112
553.8	-61.1124
554	-61.1127
554.2	-61.1131
554.4	-61.1134
554.6	-61.1137
554.8	-61.1141
555	-61.1144
555.2	-61.1148
555.4	-61.1151
555.6	-61.1154
555.8	-61.1158
556	-61.1161
556.2	-61.1165
556.4	-61.1168
556.6	-61.1171
556.8	-61.1175
557	-61.1178
557.2	-61.1182
557.4	-61.1185
557.6	-61.1188
557.8	-61.1192
558	-61.1195
558.2	-61.1198
558.4	-61.1202
558.6	-61.1205
558.8	-61.1208
559	-61.1212
559.2	-61.1215
559.4	-61.1218
559.6	-61.1222
559.8	-61.1225
560	-61.1228
560.2	-61.1232
560.4	-61.1235
560.6	-61.1238
560.8	-61.1242
561	-61.1245
561.2	-61.1248
561.4	-61.1252
561.6	-61.1255
561.8	-61.1258
562	-61.1261
562.2	-61.1265
562.4	-61.1268
562.6	-61.1271
562.8	-61.1275
563	-61.1278
563.2	-61.1281
563.4	-61.1284
563.6	-61.1288
563.8	-61.1291
564	-61.1294
564.2	-61.1297
564.4	-61.1301
564.6	-61.1304
564.8	-61.1307
565	-61.131
565.2	-61.1314
565.4	-61.1317
565.6	-61.132
565.8	-61.1323
566	-61.1326
566.2	-61.133
566.4	-61.1333
566.6	-61.1336
566.8	-61.1339
567	-61.1342
567.2	-61.1346
567.4	-61.1349
567.6	-61.1352
567.8	-61.1355
568	-61.1358
568.2	-61.1362
568.4	-61.1365
568.6	-61.1368
568.8	-61.1371
569	-61.1374
569.2	-61.1377
569.4	-61.1381
569.6	-61.1384
569.8	-61.1387
570	-61.139
570.2	-61.1393
570.4	-61.1396
570.6	-61.1399
570.8	-61.1403
571	-61.1406
571.2	-61.1409
571.4	-61.1412
571.6	-61.1415
571.8	-61.1418
572	-61.1421
572.2	-61.1424
572.4	-61.1427
572.6	-61.1431
572.8	-61.1434
573	-61.1437
573.2	-61.144
573.4	-61.1443
573.6	-61.1446
573.8	-61.1449
574	-61.1452
574.2	-61.1455
574.4	-61.1458
574.6	-61.1461
574.8	-61.1465
575	-61.1468
575.2	-61.1471
575.4	-61.1474
575.6	-61.1477
575.8	-61.148
576	-61.1483
576.2	-61.1486
576.4	-61.1489
576.6	-61.1492
576.8	-61.1495
577	-61.1498
577.2	-61.1501
577.4	-61.1504
577.6	-61.1507
577.8	-61.151
578	-61.1513
578.2	-61.1516
578.4	-61.1519
578.6	-61.1522
578.8	-61.1525
579	-61.1528
579.2	-61.1531
579.4	-61.1534
579.6	-61.1537
579.8	-61.154
580	-61.1543
580.2	-61.1546
580.4	-61.1549
580.6	-61.1552
580.8	-61.1555
581	-61.1558
581.2	-61.1561
581.4	-61.1564
581.6	-61.1567
581.8	-61.157
582	-61.1573
582.2	-61.1576
582.4	-61.1579
582.6	-61.1581
582.8	-61.1584
583	-61.1587
583.2	-61.159
583.4	-61.1593
583.6	-61.1596
583.8	-61.1599
584	-61.1602
584.2	-61.1605
584.4	-61.1608
584.6	-61.1611
584.8	-61.1614
585	-61.1617
585.2	-61.1619
585.4	-61.1622
585.6	-61.1625
585.8	-61.1628
586	-61.1631
586.2	-61.1634
586.4	-61.1637
586.6	-61.164
586.8	-61.1642
587	-61.1645
587.2	-61.1648
587.4	-61.1651
587.6	-61.1654
587.8	-61.1657
588	-61.166
588.2	-61.1662
588.4	-61.1665
588.6	-61.1668
588.8	-61.1671
589	-61.1674
589.2	-61.1677
589.4	-61.168
589.6	-61.1682
589.8	-61.1685
590	-61.1688
590.2	-61.1691
590.4	-61.1694
590.6	-61.1696
590.8	-61.1699
591	-61.1702
591.2	-61.1705
591.4	-61.1708
591.6	-61.171
591.8	-61.1713
592	-61.1716
592.2	-61.1719
592.4	-61.1722
592.6	-61.1724
592.8	-61.1727
593	-61.173
593.2	-61.1733
593.4	-61.1736
593.6	-61.1738
593.8	-61.1741
594	-61.1744
594.2	-61.1747
594.4	-61.1749
594.6	-61.1752
594.8	-61.1755
595	-61.1758
595.2	-61.176
595.4	-61.1763
595.6	-61.1766
595.8	-61.1769
596	-61.1771
596.2	-61.1774
596.4	-61.1777
596.6	-61.1779
596.8	-61.1782
597	-61.1785
597.2	-61.1788
597.4	-61.179
597.6	-61.1793
597.8	-61.1796
598	-61.1798
598.2	-61.1801
598.4	-61.1804
598.6	-61.1807
598.8	-61.1809
599	-61.1812
599.2	-61.1815
599.4	-61.1817
599.6	-61.182
599.8	-61.1823
600	-61.1825
600.2	-61.1828
600.4	-61.1831
600.6	-61.1833
600.8	-61.1836
601	-61.1839
601.2	-61.1841
601.4	-61.1844
601.6	-61.1847
601.8	-61.1849
602	-61.1852
602.2	-61.1855
602.4	-61.1857
602.6	-61.186
602.8	-61.1862
603	-61.1865
603.2	-61.1868
603.4	-61.187
603.6	-61.1873
603.8	-61.1876
604	-61.1878
604.2	-61.1881
604.4	-61.1883
604.6	-61.1886
604.8	-61.1889
605	-61.1891
605.2	-61.1894
605.4	-61.1896
605.6	-61.1899
605.8	-61.1902
606	-61.1904
606.2	-61.1907
606.4	-61.1909
606.6	-61.1912
606.8	-61.1915
607	-61.1917
607.2	-61.192
607.4	-61.1922
607.6	-61.1925
607.8	-61.1927
608	-61.193
608.2	-61.1932
608.4	-61.1935
608.6	-61.1938
608.8	-61.194
609	-61.1943
609.2	-61.1945
609.4	-61.1948
609.6	-61.195
609.8	-61.1953
610	-61.1955
610.2	-61.1958
610.4	-61.196
610.6	-61.1963
610.8	-61.1965
611	-61.1968
611.2	-61.1971
611.4	-61.1973
611.6	-61.1976
611.8	-61.1978
612	-61.1981
612.2	-61.1983
612.4	-61.1986
612.6	-61.1988
612.8	-61.1991
613	-61.1993
613.2	-61.1996
613.4	-61.1998
613.6	-61.2
613.8	-61.2003
614	-61.2005
614.2	-61.2008
614.4	-61.201
614.6	-61.2013
614.8	-61.2015
615	-61.2018
615.2	-61.202
615.4	-61.2023
615.6	-61.2025
615.8	-61.2028
616	-61.203
616.2	-61.2033
616.4	-61.2035
616.6	-61.2037
616.8	-61.204
617	-61.2042
617.2	-61.2045
617.4	-61.2047
617.6	-61.205
617.8	-61.2052
618	-61.2054
618.2	-61.2057
618.4	-61.2059
618.6	-61.2062
618.8	-61.2064
619	-61.2067
619.2	-61.2069
619.4	-61.2071
619.6	-61.2074
619.8	-61.2076
620	-61.2079
620.2	-61.2081
620.4	-61.2083
620.6	-61.2086
620.8	-61.2088
621	-61.209
621.2	-61.2093
621.4	-61.2095
621.6	-61.2098
621.8	-61.21
622	-61.2102
622.2	-61.2105
622.4	-61.2107
622.6	-61.2109
622.8	-61.2112
623	-61.2114
623.2	-61.2117
623.4	-61.2119
623.6	-61.2121
623.8	-61.2124
624	-61.2126
624.2	-61.2128
624.4	-61.2131
624.6	-61.2133
624.8	-61.2135
625	-61.2138
625.2	-61.214
625.4	-61.2142
625.6	-61.2145
625.8	-61.2147
626	-61.2149
626.2	-61.2152
626.4	-61.2154
626.6	-61.2156
626.8	-61.2159
627	-61.2161
627.2	-61.2163
627.4	-61.2165
627.6	-61.2168
627.8	-61.217
628	-61.2172
628.2	-61.2175
628.4	-61.2177
628.6	-61.2179
628.8	-61.2182
629	-61.2184
629.2	-61.2186
629.4	-61.2188
629.6	-61.2191
629.8	-61.2193
630	-61.2195
630.2	-61.2197
630.4	-61.22
630.6	-61.2202
630.8	-61.2204
631	-61.2207
631.2	-61.2209
631.4	-61.2211
631.6	-61.2213
631.8	-61.2216
632	-61.2218
632.2	-61.222
632.4	-61.2222
632.6	-61.2225
632.8	-61.2227
633	-61.2229
633.2	-61.2231
633.4	-61.2233
633.6	-61.2236
633.8	-61.2238
634	-61.224
634.2	-61.2242
634.4	-61.2245
634.6	-61.2247
634.8	-61.2249
635	-61.2251
635.2	-61.2253
635.4	-61.2256
635.6	-61.2258
635.8	-61.226
636	-61.2262
636.2	-61.2264
636.4	-61.2267
636.6	-61.2269
636.8	-61.2271
637	-61.2273
637.2	-61.2275
637.4	-61.2278
637.6	-61.228
637.8	-61.2282
638	-61.2284
638.2	-61.2286
638.4	-61.2288
638.6	-61.2291
638.8	-61.2293
639	-61.2295
639.2	-61.2297
639.4	-61.2299
639.6	-61.2301
639.8	-61.2304
640	-61.2306
640.2	-61.2308
640.4	-61.231
640.6	-61.2312
640.8	-61.2314
641	-61.2316
641.2	-61.2319
641.4	-61.2321
641.6	-61.2323
641.8	-61.2325
642	-61.2327
642.2	-61.2329
642.4	-61.2331
642.6	-61.2333
642.8	-61.2336
643	-61.2338
643.2	-61.234
643.4	-61.2342
643.6	-61.2344
643.8	-61.2346
644	-61.2348
644.2	-61.235
644.4	-61.2352
644.6	-61.2355
644.8	-61.2357
645	-61.2359
645.2	-61.2361
645.4	-61.2363
645.6	-61.2365
645.8	-61.2367
646	-61.2369
646.2	-61.2371
646.4	-61.2373
646.6	-61.2375
646.8	-61.2378
647	-61.238
647.2	-61.2382
647.4	-61.2384
647.6	-61.2386
647.8	-61.2388
648	-61.239
648.2	-61.2392
648.4	-61.2394
648.6	-61.2396
648.8	-61.2398
649	-61.24
649.2	-61.2402
649.4	-61.2404
649.6	-61.2406
649.8	-61.2408
650	-61.241
650.2	-61.2412
650.4	-61.2414
650.6	-61.2416
650.8	-61.2419
651	-61.2421
651.2	-61.2423
651.4	-61.2425
651.6	-61.2427
651.8	-61.2429
652	-61.2431
652.2	-61.2433
652.4	-61.2435
652.6	-61.2437
652.8	-61.2439
653	-61.2441
653.2	-61.2443
653.4	-61.2445
653.6	-61.2447
653.8	-61.2449
654	-61.2451
654.2	-61.2453
654.4	-61.2455
654.6	-61.2457
654.8	-61.2459
655	-61.2461
655.2	-61.2463
655.4	-61.2465
655.6	-61.2467
655.8	-61.2469
656	-61.2471
656.2	-61.2472
656.4	-61.2474
656.6	-61.2476
656.8	-61.2478
657	-61.248
657.2	-61.2482
657.4	-61.2484
657.6	-61.2486
657.8	-61.2488
658	-61.249
658.2	-61.2492
658.4	-61.2494
658.6	-61.2496
658.8	-61.2498
659	-61.25
659.2	-61.2502
659.4	-61.2504
659.6	-61.2506
659.8	-61.2508
660	-61.251
660.2	-61.2511
660.4	-61.2513
660.6	-61.2515
660.8	-61.2517
661	-61.2519
661.2	-61.2521
661.4	-61.2523
661.6	-61.2525
661.8	-61.2527
662	-61.2529
662.2	-61.2531
662.4	-61.2533
662.6	-61.2534
662.8	-61.2536
663	-61.2538
663.2	-61.254
663.4	-61.2542
663.6	-61.2544
663.8	-61.2546
664	-61.2548
664.2	-61.255
664.4	-61.2551
664.6	-61.2553
664.8	-61.2555
665	-61.2557
665.2	-61.2559
665.4	-61.2561
665.6	-61.2563
665.8	-61.2565
666	-61.2566
666.2	-61.2568
666.4	-61.257
666.6	-61.2572
666.8	-61.2574
667	-61.2576
667.2	-61.2578
667.4	-61.258
667.6	-61.2581
667.8	-61.2583
668	-61.2585
668.2	-61.2587
668.4	-61.2589
668.6	-61.2591
668.8	-61.2592
669	-61.2594
669.2	-61.2596
669.4	-61.2598
669.6	-61.26
669.8	-61.2602
670	-61.2603
670.2	-61.2605
670.4	-61.2607
670.6	-61.2609
670.8	-61.2611
671	-61.2613
671.2	-61.2614
671.4	-61.2616
671.6	-61.2618
671.8	-61.262
672	-61.2622
672.2	-61.2623
672.4	-61.2625
672.6	-61.2627
672.8	-61.2629
673	-61.2631
673.2	-61.2632
673.4	-61.2634
673.6	-61.2636
673.8	-61.2638
674	-61.264
674.2	-61.2641
674.4	-61.2643
674.6	-61.2645
674.8	-61.2647
675	-61.2649
675.2	-61.265
675.4	-61.2652
675.6	-61.2654
675.8	-61.2656
676	-61.2657
676.2	-61.2659
676.4	-61.2661
676.6	-61.2663
676.8	-61.2664
677	-61.2666
677.2	-61.2668
677.4	-61.267
677.6	-61.2671
677.8	-61.2673
678	-61.2675
678.2	-61.2677
678.4	-61.2678
678.6	-61.268
678.8	-61.2682
679	-61.2684
679.2	-61.2685
679.4	-61.2687
679.6	-61.2689
679.8	-61.2691
680	-61.2692
680.2	-61.2694
680.4	-61.2696
680.6	-61.2698
680.8	-61.2699
681	-61.2701
681.2	-61.2703
681.4	-61.2704
681.6	-61.2706
681.8	-61.2708
682	-61.271
682.2	-61.2711
682.4	-61.2713
682.6	-61.2715
682.8	-61.2716
683	-61.2718
683.2	-61.272
683.4	-61.2722
683.6	-61.2723
683.8	-61.2725
684	-61.2727
684.2	-61.2728
684.4	-61.273
684.6	-61.2732
684.8	-61.2733
685	-61.2735
685.2	-61.2737
685.4	-61.2738
685.6	-61.274
685.8	-61.2742
686	-61.2743
686.2	-61.2745
686.4	-61.2747
686.6	-61.2749
686.8	-61.275
687	-61.2752
687.2	-61.2754
687.4	-61.2755
687.6	-61.2757
687.8	-61.2759
688	-61.276
688.2	-61.2762
688.4	-61.2763
688.6	-61.2765
688.8	-61.2767
689	-61.2768
689.2	-61.277
689.4	-61.2772
689.6	-61.2773
689.8	-61.2775
690	-61.2777
690.2	-61.2778
690.4	-61.278
690.6	-61.2782
690.8	-61.2783
691	-61.2785
691.2	-61.2786
691.4	-61.2788
691.6	-61.279
691.8	-61.2791
692	-61.2793
692.2	-61.2795
692.4	-61.2796
692.6	-61.2798
692.8	-61.2799
693	-61.2801
693.2	-61.2803
693.4	-61.2804
693.6	-61.2806
693.8	-61.2808
694	-61.2809
694.2	-61.2811
694.4	-61.2812
694.6	-61.2814
694.8	-61.2816
695	-61.2817
695.2	-61.2819
695.4	-61.282
695.6	-61.2822
695.8	-61.2823
696	-61.2825
696.2	-61.2827
696.4	-61.2828
696.6	-61.283
696.8	-61.2831
697	-61.2833
697.2	-61.2835
697.4	-61.2836
697.6	-61.2838
697.8	-61.2839
698	-61.2841
698.2	-61.2842
698.4	-61.2844
698.6	-61.2846
698.8	-61.2847
699	-61.2849
699.2	-61.285
699.4	-61.2852
699.6	-61.2853
699.8	-61.2855
700	-61.2856
700.2	-61.4898
700.4	-61.6898
700.6	-61.8858
700.8	-62.0777
701	-62.2656
701.2	-62.4497
701.4	-62.63
701.6	-62.8067
701.8	-62.9797
702	-63.1491
702.2	-63.3151
702.4	-63.4776
702.6	-63.6369
702.8	-63.7928
703	-63.9455
703.2	-64.0951
703.4	-64.2417
703.6	-64.3852
703.8	-64.5257
704	-64.6634
704.2	-64.7983
704.4	-64.9303
704.6	-65.0597
704.8	-65.1864
705	-65.3104
705.2	-65.432
705.4	-65.551
705.6	-65.6675
705.8	-65.7817
706	-65.8935
706.2	-66.003
706.4	-66.1103
706.6	-66.2153
706.8	-66.3182
707	-66.4189
707.2	-66.5176
707.4	-66.6143
707.6	-66.7089
707.8	-66.8016
708	-66.8924
708.2	-66.9813
708.4	-67.0683
708.6	-67.1536
708.8	-67.2371
709	-67.3189
709.2	-67.399
709.4	-67.4774
709.6	-67.5542
709.8	-67.6295
710	-67.7031
710.2	-67.7753
710.4	-67.8459
710.6	-67.9151
710.8	-67.9829
711	-68.0492
711.2	-68.1142
711.4	-68.1778
711.6	-68.2402
711.8	-68.3012
712	-68.3609
712.2	-68.4195
712.4	-68.4768
712.6	-68.5329
712.8	-68.5878
713	-68.6416
713.2	-68.6943
713.4	-68.7459
713.6	-68.7964
713.8	-68.8459
714	-68.8943
714.2	-68.9418
714.4	-68.9882
714.6	-69.0337
714.8	-69.0782
715	-69.1218
715.2	-69.1645
715.4	-69.2063
715.6	-69.2473
715.8	-69.2874
716	-69.3266
716.2	-69.365
716.4	-69.4026
716.6	-69.4395
716.8	-69.4755
717	-69.5108
717.2	-69.5454
717.4	-69.5793
717.6	-69.6124
717.8	-69.6448
718	-69.6766
718.2	-69.7077
718.4	-69.7381
718.6	-69.7679
718.8	-69.7971
719	-69.8257
719.2	-69.8536
719.4	-69.881
719.6	-69.9078
719.8	-69.934
720	-69.9597
720.2	-69.9848
720.4	-70.0095
720.6	-70.0335
720.8	-70.0571
721	-70.0802
721.2	-70.1028
721.4	-70.1249
721.6	-70.1465
721.8	-70.1677
722	-70.1885
722.2	-70.2087
722.4	-70.2286
722.6	-70.248
722.8	-70.2671
723	-70.2857
723.2	-70.3039
723.4	-70.3217
723.6	-70.3392
723.8	-70.3563
724	-70.373
724.2	-70.3893
724.4	-70.4053
724.6	-70.421
724.8	-70.4363
725	-70.4513
725.2	-70.466
725.4	-70.4804
725.6	-70.4944
725.8	-70.5081
726	-70.5216
726.2	-70.5347
726.4	-70.5476
726.6	-70.5602
726.8	-70.5725
727	-70.5846
727.2	-70.5963
727.4	-70.6079
727.6	-70.6191
727.8	-70.6302
728	-70.641
728.2	-70.6515
728.4	-70.6618
728.6	-70.6719
728.8	-70.6818
729	-70.6915
729.2	-70.7009
729.4	-70.7101
729.6	-70.7192
729.8	-70.728
730	-70.7366
730.2	-70.745
730.4	-70.7533
730.6	-70.7614
730.8	-70.7692
731	-70.7769
731.2	-70.7845
731.4	-70.7918
731.6	-70.799
731.8	-70.8061
732	-70.813
732.2	-70.8197
732.4	-70.8262
732.6	-70.8326
732.8	-70.8389
733	-70.845
733.2	-70.851
733.4	-70.8569
733.6	-70.8626
733.8	-70.8682
734	-70.8736
734.2	-70.8789
734.4	-70.8841
734.6	-70.8892
734.8	-70.8942
735	-70.899
735.2	-70.9037
735.4	-70.9084
735.6	-70.9129
735.8	-70.9173
736	-70.9215
736.2	-70.9257
736.4	-70.9298
736.6	-70.9338
736.8	-70.9377
737	-70.9415
737.2	-70.9452
737.4	-70.9488
737.6	-70.9523
737.8	-70.9558
738	-70.9591
738.2	-70.9624
738.4	-70.9656
738.6	-70.9687
738.8	-70.9717
739	-70.9747
739.2	-70.9775
739.4	-70.9803
739.6	-70.9831
739.8	-70.9857
740	-70.9883
740.2	-70.9908
740.4	-70.9933
740.6	-70.9957
740.8	-70.998
741	-71.0003
741.2	-71.0025
741.4	-71.0046
741.6	-71.0067
741.8	-71.0087
742	-71.0107
742.2	-71.0126
742.4	-71.0145
742.6	-71.0163
742.8	-71.018
743	-71.0197
743.2	-71.0214
743.4	-71.023
743.6	-71.0246
743.8	-71.0261
744	-71.0275
744.2	-71.029
744.4	-71.0303
744.6	-71.0317
744.8	-71.033
745	-71.0342
745.2	-71.0354
745.4	-71.0366
745.6	-71.0378
745.8	-71.0389
746	-71.0399
746.2	-71.0409
746.4	-71.0419
746.6	-71.0429
746.8	-71.0438
747	-71.0447
747.2	-71.0456
747.4	-71.0464
747.6	-71.0472
747.8	-71.0479
748	-71.0487
748.2	-71.0494
748.4	-71.05
748.6	-71.0507
748.8	-71.0513
749	-71.0519
749.2	-71.0525
749.4	-71.053
749.6	-71.0535
749.8	-71.054
750	-71.0545
750.2	-71.0549
750.4	-71.0553
750.6	-71.0557
750.8	-71.0561
751	-71.0565
751.2	-71.0568
751.4	-71.0571
751.6	-71.0574
751.8	-71.0577
752	-71.0579
752.2	-71.0582
752.4	-71.0584
752.6	-71.0586
752.8	-71.0587
753	-71.0589
753.2	-71.059
753.4	-71.0592
753.6	-71.0593
753.8	-71.0594
754	-71.0594
754.2	-71.0595
754.4	-71.0596
754.6	-71.0596
754.8	-71.0596
755	-71.0596
755.2	-71.0596
755.4	-71.0596
755.6	-71.0595
755.8	-71.0595
756	-71.0594
756.2	-71.0594
756.4	-71.0593
756.6	-71.0592
756.8	-71.0591
757	-71.059
757.2	-71.0588
757.4	-71.0587
757.6	-71.0585
757.8	-71.0584
758	-71.0582
758.2	-71.058
758.4	-71.0578
758.6	-71.0576
758.8	-71.0574
759	-71.0572
759.2	-71.057
759.4	-71.0567
759.6	-71.0565
759.8	-71.0562
760	-71.056
760.2	-71.0557
760.4	-71.0554
760.6	-71.0551
760.8	-71.0548
761	-71.0545
761.2	-71.0542
761.4	-71.0539
761.6	-71.0536
761.8	-71.0533
762	-71.0529
762.2	-71.0526
762.4	-71.0523
762.6	-71.0519
762.8	-71.0516
763	-71.0512
763.2	-71.0508
763.4	-71.0504
763.6	-71.0501
763.8	-71.0497
764	-71.0493
764.2	-71.0489
764.4	-71.0485
764.6	-71.0481
764.8	-71.0477
765	-71.0473
765.2	-71.0469
765.4	-71.0464
765.6	-71.046
765.8	-71.0456
766	-71.0452
766.2	-71.0447
766.4	-71.0443
766.6	-71.0438
766.8	-71.0434
767	-71.0429
767.2	-71.0425
767.4	-71.042
767.6	-71.0416
767.8	-71.0411
768	-71.0406
768.2	-71.0402
768.4	-71.0397
768.6	-71.0392
768.8	-71.0387
769	-71.0383
769.2	-71.0378
769.4	-71.0373
769.6	-71.0368
769.8	-71.0363
770	-71.0358
770.2	-71.0353
770.4	-71.0348
770.6	-71.0343
770.8	-71.0338
771	-71.0333
771.2	-71.0328
771.4	-71.0323
771.6	-71.0318
771.8	-71.0313
772	-71.0308
772.2	-71.0302
772.4	-71.0297
772.6	-71.0292
772.8	-71.0287
773	-71.0282
773.2	-71.0276
773.4	-71.0271
773.6	-71.0266
773.8	-71.0261
774	-71.0255
774.2	-71.025
774.4	-71.0245
774.6	-71.0239
774.8	-71.0234
775	-71.0229
775.2	-71.0223
775.4	-71.0218
775.6	-71.0213
775.8	-71.0207
776	-71.0202
776.2	-71.0197
776.4	-71.0191
776.6	-71.0186
776.8	-71.018
777	-71.0175
777.2	-71.0169
777.4	-71.0164
777.6	-71.0159
777.8	-71.0153
778	-71.0148
778.2	-71.0142
778.4	-71.0137
778.6	-71.0131
778.8	-71.0126
779	-71.012
779.2	-71.0115
779.4	-71.0109
779.6	-71.0104
779.8	-71.0098
780	-71.0093
780.2	-71.0087
780.4	-71.0082
780.6	-71.0076
780.8	-71.0071
781	-71.0065
781.2	-71.006
781.4	-71.0054
781.6	-71.0049
781.8	-71.0043
782	-71.0038
782.2	-71.0032
782.4	-71.0027
782.6	-71.0021
782.8	-71.0016
783	-71.001
783.2	-71.0005
783.4	-70.9999
783.6	-70.9994
783.8	-70.9988
784	-70.9982
784.2	-70.9977
784.4	-70.9971
784.6	-70.9966
784.8	-70.996
785	-70.9955
785.2	-70.9949
785.4	-70.9944
785.6	-70.9938
785.8	-70.9933
786	-70.9927
786.2	-70.9922
786.4	-70.9916
786.6	-70.9911
786.8	-70.9905
787	-70.99
787.2	-70.9894
787.4	-70.9889
787.6	-70.9883
787.8	-70.9878
788	-70.9872
788.2	-70.9867
788.4	-70.9861
788.6	-70.9856
788.8	-70.985
789	-70.9845
789.2	-70.9839
789.4	-70.9834
789.6	-70.9828
789.8	-70.9823
790	-70.9818
790.2	-70.9812
790.4	-70.9807
790.6	-70.9801
790.8	-70.9796
791	-70.979
791.2	-70.9785
791.4	-70.978
791.6	-70.9774
791.8	-70.9769
792	-70.9763
792.2	-70.9758
792.4	-70.9753
792.6	-70.9747
792.8	-70.9742
793	-70.9736
793.2	-70.9731
793.4	-70.9725
793.6	-70.972
793.8	-70.9715
794	-70.9709
794.2	-70.9704
794.4	-70.9699
794.6	-70.9693
794.8	-70.9688
795	-70.9683
795.2	-70.9677
795.4	-70.9672
795.6	-70.9667
795.8	-70.9661
796	-70.9656
796.2	-70.9651
796.4	-70.9645
796.6	-70.964
796.8	-70.9635
797	-70.9629
797.2	-70.9624
797.4	-70.9619
797.6	-70.9614
797.8	-70.9608
798	-70.9603
798.2	-70.9598
798.4	-70.9593
798.6	-70.9587
798.8	-70.9582
799	-70.9577
799.2	-70.9572
799.4	-70.9566
799.6	-70.9561
799.8	-70.9556
800	-70.9551
800.2	-70.9546
800.4	-70.954
800.6	-70.9535
800.8	-70.953
801	-70.9525
801.2	-70.952
801.4	-70.9514
801.6	-70.9509
801.8	-70.9504
802	-70.9499
802.2	-70.9494
802.4	-70.9489
802.6	-70.9484
802.8	-70.9478
803	-70.9473
803.2	-70.9468
803.4	-70.9463
803.6	-70.9458
803.8	-70.9453
804	-70.9448
804.2	-70.9443
804.4	-70.9438
804.6	-70.9433
804.8	-70.9428
805	-70.9423
805.2	-70.9417
805.4	-70.9412
805.6	-70.9407
805.8	-70.9402
806	-70.9397
806.2	-70.9392
806.4	-70.9387
806.6	-70.9382
806.8	-70.9377
807	-70.9372
807.2	-70.9367
807.4	-70.9362
807.6	-70.9357
807.8	-70.9352
808	-70.9347
808.2	-70.9342
808.4	-70.9337
808.6	-70.9333
808.8	-70.9328
809	-70.9323
809.2	-70.9318
809.4	-70.9313
809.6	-70.9308
809.8	-70.9303
810	-70.9298
810.2	-70.9293
810.4	-70.9288
810.6	-70.9283
810.8	-70.9279
811	-70.9274
811.2	-70.9269
811.4	-70.9264
811.6	-70.9259
811.8	-70.9254
812	-70.9249
812.2	-70.9245
812.4	-70.924
812.6	-70.9235
812.8	-70.923
813	-70.9225
813.2	-70.9221
813.4	-70.9216
813.6	-70.9211
813.8	-70.9206
814	-70.9201
814.2	-70.9197
814.4	-70.9192
814.6	-70.9187
814.8	-70.9182
815	-70.9178
815.2	-70.9173
815.4	-70.9168
815.6	-70.9163
815.8	-70.9159
816	-70.9154
816.2	-70.9149
816.4	-70.9145
816.6	-70.914
816.8	-70.9135
817	-70.913
817.2	-70.9126
817.4	-70.9121
817.6	-70.9116
817.8	-70.9112
818	-70.9107
818.2	-70.9102
818.4	-70.9098
818.6	-70.9093
818.8	-70.9089
819	-70.9084
819.2	-70.9079
819.4	-70.9075
819.6	-70.907
819.8	-70.9065
820	-70.9061
820.2	-70.9056
820.4	-70.9052
820.6	-70.9047
820.8	-70.9043
821	-70.9038
821.2	-70.9034
821.4	-70.9029
821.6	-70.9024
821.8	-70.902
822	-70.9015
822.2	-70.9011
822.4	-70.9006
822.6	-70.9002
822.8	-70.8997
823	-70.8993
823.2	-70.8988
823.4	-70.8984
823.6	-70.8979
823.8	-70.8975
824	-70.897
824.2	-70.8966
824.4	-70.8961
824.6	-70.8957
824.8	-70.8953
825	-70.8948
825.2	-70.8944
825.4	-70.8939
825.6	-70.8935
825.8	-70.893
826	-70.8926
826.2	-70.8922
826.4	-70.8917
826.6	-70.8913
826.8	-70.8908
827	-70.8904
827.2	-70.89
827.4	-70.8895
827.6	-70.8891
827.8	-70.8887
828	-70.8882
828.2	-70.8878
828.4	-70.8874
828.6	-70.8869
828.8	-70.8865
829	-70.8861
829.2	-70.8856
829.4	-70.8852
829.6	-70.8848
829.8	-70.8843
830	-70.8839
830.2	-70.8835
830.4	-70.883
830.6	-70.8826
830.8	-70.8822
831	-70.8818
831.2	-70.8813
831.4	-70.8809
831.6	-70.8805
831.8	-70.8801
832	-70.8796
832.2	-70.8792
832.4	-70.8788
832.6	-70.8784
832.8	-70.878
833	-70.8775
833.2	-70.8771
833.4	-70.8767
833.6	-70.8763
833.8	-70.8759
834	-70.8754
834.2	-70.875
834.4	-70.8746
834.6	-70.8742
834.8	-70.8738
835	-70.8734
835.2	-70.8729
835.4	-70.8725
835.6	-70.8721
835.8	-70.8717
836	-70.8713
836.2	-70.8709
836.4	-70.8705
836.6	-70.8701
836.8	-70.8697
837	-70.8692
837.2	-70.8688
837.4	-70.8684
837.6	-70.868
837.8	-70.8676
838	-70.8672
838.2	-70.8668
838.4	-70.8664
838.6	-70.866
838.8	-70.8656
839	-70.8652
839.2	-70.8648
839.4	-70.8644
839.6	-70.864
839.8	-70.8636
840	-70.8632
840.2	-70.8628
840.4	-70.8624
840.6	-70.862
840.8	-70.8616
841	-70.8612
841.2	-70.8608
841.4	-70.8604
841.6	-70.86
841.8	-70.8596
842	-70.8592
842.2	-70.8588
842.4	-70.8584
842.6	-70.858
842.8	-70.8576
843	-70.8572
843.2	-70.8568
843.4	-70.8564
843.6	-70.856
843.8	-70.8557
844	-70.8553
844.2	-70.8549
844.4	-70.8545
844.6	-70.8541
844.8	-70.8537
845	-70.8533
845.2	-70.8529
845.4	-70.8526
845.6	-70.8522
845.8	-70.8518
846	-70.8514
846.2	-70.851
846.4	-70.8506
846.6	-70.8502
846.8	-70.8499
847	-70.8495
847.2	-70.8491
847.4	-70.8487
847.6	-70.8483
847.8	-70.848
848	-70.8476
848.2	-70.8472
848.4	-70.8468
848.6	-70.8464
848.8	-70.8461
849	-70.8457
849.2	-70.8453
849.4	-70.8449
849.6	-70.8446
849.8	-70.8442
850	-70.8438
850.2	-70.8434
850.4	-70.8431
850.6	-70.8427
850.8	-70.8423
851	-70.8419
851.2	-70.8416
851.4	-70.8412
851.6	-70.8408
851.8	-70.8405
852	-70.8401
852.2	-70.8397
852.4	-70.8394
852.6	-70.839
852.8	-70.8386
853	-70.8383
853.2	-70.8379
853.4	-70.8375
853.6	-70.8372
853.8	-70.8368
854	-70.8364
854.2	-70.8361
854.4	-70.8357
854.6	-70.8353
854.8	-70.835
855	-70.8346
855.2	-70.8343
855.4	-70.8339
855.6	-70.8335
855.8	-70.8332
856	-70.8328
856.2	-70.8325
856.4	-70.8321
856.6	-70.8317
856.8	-70.8314
857	-70.831
857.2	-70.8307
857.4	-70.8303
857.6	-70.83
857.8	-70.8296
858	-70.8292
858.2	-70.8289
858.4	-70.8285
858.6	-70.8282
858.8	-70.8278
859	-70.8275
859.2	-70.8271
859.4	-70.8268
859.6	-70.8264
859.8	-70.8261
860	-70.8257
860.2	-70.8254
860.4	-70.825
860.6	-70.8247
860.8	-70.8243
861	-70.824
861.2	-70.8236
861.4	-70.8233
861.6	-70.823
861.8	-70.8226
862	-70.8223
862.2	-70.8219
862.4	-70.8216
862.6	-70.8212
862.8	-70.8209
863	-70.8205
863.2	-70.8202
863.4	-70.8199
863.6	-70.8195
863.8	-70.8192
864	-70.8188
864.2	-70.8185
864.4	-70.8182
864.6	-70.8178
864.8	-70.8175
865	-70.8171
865.2	-70.8168
865.4	-70.8165
865.6	-70.8161
865.8	-70.8158
866	-70.8155
866.2	-70.8151
866.4	-70.8148
866.6	-70.8145
866.8	-70.8141
867	-70.8138
867.2	-70.8135
867.4	-70.8131
867.6	-70.8128
867.8	-70.8125
868	-70.8121
868.2	-70.8118
868.4	-70.8115
868.6	-70.8111
868.8	-70.8108
869	-70.8105
869.2	-70.8102
869.4	-70.8098
869.6	-70.8095
869.8	-70.8092
870	-70.8089
870.2	-70.8085
870.4	-70.8082
870.6	-70.8079
870.8	-70.8075
871	-70.8072
871.2	-70.8069
871.4	-70.8066
871.6	-70.8063
871.8	-70.8059
872	-70.8056
872.2	-70.8053
872.4	-70.805
872.6	-70.8046
872.8	-70.8043
873	-70.804
873.2	-70.8037
873.4	-70.8034
873.6	-70.8031
873.8	-70.8027
874	-70.8024
874.2	-70.8021
874.4	-70.8018
874.6	-70.8015
874.8	-70.8012
875	-70.8008
875.2	-70.8005
875.4	-70.8002
875.6	-70.7999
875.8	-70.7996
876	-70.7993
876.2	-70.799
876.4	-70.7986
876.6	-70.7983
876.8	-70.798
877	-70.7977
877.2	-70.7974
877.4	-70.7971
877.6	-70.7968
877.8	-70.7965
878	-70.7962
878.2	-70.7959
878.4	-70.7955
878.6	-70.7952
878.8	-70.7949
879	-70.7946
879.2	-70.7943
879.4	-70.794
879.6	-70.7937
879.8	-70.7934
880	-70.7931
880.2	-70.7928
880.4	-70.7925
880.6	-70.7922
880.8	-70.7919
881	-70.7916
881.2	-70.7913
881.4	-70.791
881.6	-70.7907
881.8	-70.7904
882	-70.7901
882.2	-70.7898
882.4	-70.7895
882.6	-70.7892
882.8	-70.7889
883	-70.7886
883.2	-70.7883
883.4	-70.788
883.6	-70.7877
883.8	-70.7874
884	-70.7871
884.2	-70.7868
884.4	-70.7865
884.6	-70.7862
884.8	-70.7859
885	-70.7856
885.2	-70.7853
885.4	-70.785
885.6	-70.7847
885.8	-70.7844
886	-70.7841
886.2	-70.7839
886.4	-70.7836
886.6	-70.7833
886.8	-70.783
887	-70.7827
887.2	-70.7824
887.4	-70.7821
887.6	-70.7818
887.8	-70.7815
888	-70.7812
888.2	-70.781
888.4	-70.7807
888.6	-70.7804
888.8	-70.7801
889	-70.7798
889.2	-70.7795
889.4	-70.7792
889.6	-70.7789
889.8	-70.7787
890	-70.7784
890.2	-70.7781
890.4	-70.7778
890.6	-70.7775
890.8	-70.7772
891	-70.777
891.2	-70.7767
891.4	-70.7764
891.6	-70.7761
891.8	-70.7758
892	-70.7756
892.2	-70.7753
892.4	-70.775
892.6	-70.7747
892.8	-70.7744
893	-70.7742
893.2	-70.7739
893.4	-70.7736
893.6	-70.7733
893.8	-70.773
894	-70.7728
894.2	-70.7725
894.4	-70.7722
894.6	-70.7719
894.8	-70.7717
895	-70.7714
895.2	-70.7711
895.4	-70.7708
895.6	-70.7706
895.8	-70.7703
896	-70.77
896.2	-70.7698
896.4	-70.7695
896.6	-70.7692
896.8	-70.7689
897	-70.7687
897.2	-70.7684
897.4	-70.7681
897.6	-70.7679
897.8	-70.7676
898	-70.7673
898.2	-70.767
898.4	-70.7668
898.6	-70.7665
898.8	-70.7662
899	-70.766
899.2	-70.7657
899.4	-70.7654
899.6	-70.7652
899.8	-70.7649
900	-70.7646
900.2	-70.7644
900.4	-70.7641
900.6	-70.7638
900.8	-70.7636
901	-70.7633
901.2	-70.7631
901.4	-70.7628
901.6	-70.7625
901.8	-70.7623
902	-70.762
902.2	-70.7617
902.4	-70.7615
902.6	-70.7612
902.8	-70.761
903	-70.7607
903.2	-70.7604
903.4	-70.7602
903.6	-70.7599
903.8	-70.7597
904	-70.7594
904.2	-70.7591
904.4	-70.7589
904.6	-70.7586
904.8	-70.7584
905	-70.7581
905.2	-70.7579
905.4	-70.7576
905.6	-70.7574
905.8	-70.7571
906	-70.7568
906.2	-70.7566
906.4	-70.7563
906.6	-70.7561
906.8	-70.7558
907	-70.7556
907.2	-70.7553
907.4	-70.7551
907.6	-70.7548
907.8	-70.7546
908	-70.7543
908.2	-70.7541
908.4	-70.7538
908.6	-70.7536
908.8	-70.7533
909	-70.7531
909.2	-70.7528
909.4	-70.7526
909.6	-70.7523
909.8	-70.7521
910	-70.7518
910.2	-70.7516
910.4	-70.7513
910.6	-70.7511
910.8	-70.7508
911	-70.7506
911.2	-70.7503
911.4	-70.7501
911.6	-70.7498
911.8	-70.7496
912	-70.7494
912.2	-70.7491
912.4	-70.7489
912.6	-70.7486
912.8	-70.7484
913	-70.7481
913.2	-70.7479
913.4	-70.7477
913.6	-70.7474
913.8	-70.7472
914	-70.7469
914.2	-70.7467
914.4	-70.7464
914.6	-70.7462
914.8	-70.746
915	-70.7457
915.2	-70.7455
915.4	-70.7452
915.6	-70.745
915.8	-70.7448
916	-70.7445
916.2	-70.7443
916.4	-70.7441
916.6	-70.7438
916.8	-70.7436
917	-70.7433
917.2	-70.7431
917.4	-70.7429
917.6	-70.7426
917.8	-70.7424
918	-70.7422
918.2	-70.7419
918.4	-70.7417
918.6	-70.7415
918.8	-70.7412
919	-70.741
919.2	-70.7408
919.4	-70.7405
919.6	-70.7403
919.8	-70.7401
920	-70.7398
920.2	-70.7396
920.4	-70.7394
920.6	-70.7392
920.8	-70.7389
921	-70.7387
921.2	-70.7385
921.4	-70.7382
921.6	-70.738
921.8	-70.7378
922	-70.7375
922.2	-70.7373
922.4	-70.7371
922.6	-70.7369
922.8	-70.7366
923	-70.7364
923.2	-70.7362
923.4	-70.736
923.6	-70.7357
923.8	-70.7355
924	-70.7353
924.2	-70.7351
924.4	-70.7348
924.6	-70.7346
924.8	-70.7344
925	-70.7342
925.2	-70.7339
925.4	-70.7337
925.6	-70.7335
925.8	-70.7333
926	-70.733
926.2	-70.7328
926.4	-70.7326
926.6	-70.7324
926.8	-70.7322
927	-70.7319
927.2	-70.7317
927.4	-70.7315
927.6	-70.7313
927.8	-70.7311
928	-70.7308
928.2	-70.7306
928.4	-70.7304
928.6	-70.7302
928.8	-70.73
929	-70.7297
929.2	-70.7295
929.4	-70.7293
929.6	-70.7291
929.8	-70.7289
930	-70.7287
930.2	-70.7284
930.4	-70.7282
930.6	-70.728
930.8	-70.7278
931	-70.7276
931.2	-70.7274
931.4	-70.7272
931.6	-70.7269
931.8	-70.7267
932	-70.7265
932.2	-70.7263
932.4	-70.7261
932.6	-70.7259
932.8	-70.7257
933	-70.7255
933.2	-70.7252
933.4	-70.725
933.6	-70.7248
933.8	-70.7246
934	-70.7244
934.2	-70.7242
934.4	-70.724
934.6	-70.7238
934.8	-70.7236
935	-70.7234
935.2	-70.7231
935.4	-70.7229
935.6	-70.7227
935.8	-70.7225
936	-70.7223
936.2	-70.7221
936.4	-70.7219
936.6	-70.7217
936.8	-70.7215
937	-70.7213
937.2	-70.7211
937.4	-70.7209
937.6	-70.7207
937.8	-70.7205
938	-70.7203
938.2	-70.72
938.4	-70.7198
938.6	-70.7196
938.8	-70.7194
939	-70.7192
939.2	-70.719
939.4	-70.7188
939.6	-70.7186
939.8	-70.7184
940	-70.7182
940.2	-70.718
940.4	-70.7178
940.6	-70.7176
940.8	-70.7174
941	-70.7172
941.2	-70.717
941.4	-70.7168
941.6	-70.7166
941.8	-70.7164
942	-70.7162
942.2	-70.716
942.4	-70.7158
942.6	-70.7156
942.8	-70.7154
943	-70.7152
943.2	-70.715
943.4	-70.7148
943.6	-70.7146
943.8	-70.7144
944	-70.7142
944.2	-70.7141
944.4	-70.7139
944.6	-70.7137
944.8	-70.7135
945	-70.7133
945.2	-70.7131
945.4	-70.7129
945.6	-70.7127
945.8	-70.7125
946	-70.7123
946.2	-70.7121
946.4	-70.7119
946.6	-70.7117
946.8	-70.7115
947	-70.7113
947.2	-70.7111
947.4	-70.7109
947.6	-70.7108
947.8	-70.7106
948	-70.7104
948.2	-70.7102
948.4	-70.71
948.6	-70.7098
948.8	-70.7096
949	-70.7094
949.2	-70.7092
949.4	-70.709
949.6	-70.7089
949.8	-70.7087
950	-70.7085
950.2	-70.7083
950.4	-70.7081
950.6	-70.7079
950.8	-70.7077
951	-70.7075
951.2	-70.7074
951.4	-70.7072
951.6	-70.707
951.8	-70.7068
952	-70.7066
952.2	-70.7064
952.4	-70.7062
952.6	-70.7061
952.8	-70.7059
953	-70.7057
953.2	-70.7055
953.4	-70.7053
953.6	-70.7051
953.8	-70.7049
954	-70.7048
954.2	-70.7046
954.4	-70.7044
954.6	-70.7042
954.8	-70.704
955	-70.7038
955.2	-70.7037
955.4	-70.7035
955.6	-70.7033
955.8	-70.7031
956	-70.7029
956.2	-70.7028
956.4	-70.7026
956.6	-70.7024
956.8	-70.7022
957	-70.702
957.2	-70.7019
957.4	-70.7017
957.6	-70.7015
957.8	-70.7013
958	-70.7011
958.2	-70.701
958.4	-70.7008
958.6	-70.7006
958.8	-70.7004
959	-70.7003
959.2	-70.7001
959.4	-70.6999
959.6	-70.6997
959.8	-70.6996
960	-70.6994
960.2	-70.6992
960.4	-70.699
960.6	-70.6989
960.8	-70.6987
961	-70.6985
961.2	-70.6983
961.4	-70.6982
961.6	-70.698
961.8	-70.6978
962	-70.6976
962.2	-70.6975
962.4	-70.6973
962.6	-70.6971
962.8	-70.6969
963	-70.6968
963.2	-70.6966
963.4	-70.6964
963.6	-70.6963
963.8	-70.6961
964	-70.6959
964.2	-70.6957
964.4	-70.6956
964.6	-70.6954
964.8	-70.6952
965	-70.6951
965.2	-70.6949
965.4	-70.6947
965.6	-70.6945
965.8	-70.6944
966	-70.6942
966.2	-70.694
966.4	-70.6939
966.6	-70.6937
966.8	-70.6935
967	-70.6934
967.2	-70.6932
967.4	-70.693
967.6	-70.6929
967.8	-70.6927
968	-70.6925
968.2	-70.6924
968.4	-70.6922
968.6	-70.692
968.8	-70.6919
969	-70.6917
969.2	-70.6915
969.4	-70.6914
969.6	-70.6912
969.8	-70.691
970	-70.6909
970.2	-70.6907
970.4	-70.6906
970.6	-70.6904
970.8	-70.6902
971	-70.6901
971.2	-70.6899
971.4	-70.6897
971.6	-70.6896
971.8	-70.6894
972	-70.6893
972.2	-70.6891
972.4	-70.6889
972.6	-70.6888
972.8	-70.6886
973	-70.6884
973.2	-70.6883
973.4	-70.6881
973.6	-70.688
973.8	-70.6878
974	-70.6876
974.2	-70.6875
974.4	-70.6873
974.6	-70.6872
974.8	-70.687
975	-70.6869
975.2	-70.6867
975.4	-70.6865
975.6	-70.6864
975.8	-70.6862
976	-70.6861
976.2	-70.6859
976.4	-70.6857
976.6	-70.6856
976.8	-70.6854
977	-70.6853
977.2	-70.6851
977.4	-70.685
977.6	-70.6848
977.8	-70.6846
978	-70.6845
978.2	-70.6843
978.4	-70.6842
978.6	-70.684
978.8	-70.6839
979	-70.6837
979.2	-70.6836
979.4	-70.6834
979.6	-70.6833
979.8	-70.6831
980	-70.683
980.2	-70.6828
980.4	-70.6826
980.6	-70.6825
980.8	-70.6823
981	-70.6822
981.2	-70.682
981.4	-70.6819
981.6	-70.6817
981.8	-70.6816
982	-70.6814
982.2	-70.6813
982.4	-70.6811
982.6	-70.681
982.8	-70.6808
983	-70.6807
983.2	-70.6805
983.4	-70.6804
983.6	-70.6802
983.8	-70.6801
984	-70.6799
984.2	-70.6798
984.4	-70.6796
984.6	-70.6795
984.8	-70.6793
985	-70.6792
985.2	-70.679
985.4	-70.6789
985.6	-70.6787
985.8	-70.6786
986	-70.6784
986.2	-70.6783
986.4	-70.6782
986.6	-70.678
986.8	-70.6779
987	-70.6777
987.2	-70.6776
987.4	-70.6774
987.6	-70.6773
987.8	-70.6771
988	-70.677
988.2	-70.6768
988.4	-70.6767
988.6	-70.6766
988.8	-70.6764
989	-70.6763
989.2	-70.6761
989.4	-70.676
989.6	-70.6758
989.8	-70.6757
990	-70.6755
990.2	-70.6754
990.4	-70.6753
990.6	-70.6751
990.8	-70.675
991	-70.6748
991.2	-70.6747
991.4	-70.6745
991.6	-70.6744
991.8	-70.6743
992	-70.6741
992.2	-70.674
992.4	-70.6738
992.6	-70.6737
992.8	-70.6736
993	-70.6734
993.2	-70.6733
993.4	-70.6731
993.6	-70.673
993.8	-70.6729
994	-70.6727
994.2	-70.6726
994.4	-70.6724
994.6	-70.6723
994.8	-70.6722
995	-70.672
995.2	-70.6719
995.4	-70.6718
995.6	-70.6716
995.8	-70.6715
996	-70.6713
996.2	-70.6712
996.4	-70.6711
996.6	-70.6709
996.8	-70.6708
997	-70.6707
997.2	-70.6705
997.4	-70.6704
997.6	-70.6702
997.8	-70.6701
998	-70.67
998.2	-70.6698
998.4	-70.6697
998.6	-70.6696
998.8	-70.6694
999	-70.6693
999.2	-70.6692
999.4	-70.669
999.6	-70.6689
999.8	-70.6688
1000	-70.6686
