label:PY[0].soma.m_im
5001
0	0
0.2	3.70744e-05
0.4	7.41019e-05
0.6	0.000111083
0.8	0.000148016
1	0.000184903
1.2	0.000221743
1.4	0.000258537
1.6	0.000295283
1.8	0.000331983
2	0.000368636
2.2	0.000405243
2.4	0.000441802
2.6	0.000478316
2.8	0.000514782
3	0.000551203
3.2	0.000587576
3.4	0.000623904
3.6	0.000660185
3.8	0.000696419
4	0.000732607
4.2	0.000768749
4.4	0.000804844
4.6	0.000840894
4.8	0.000876897
5	0.000912854
5.2	0.000948765
5.4	0.000984629
5.6	0.00102045
5.8	0.00105622
6	0.00109195
6.2	0.00112763
6.4	0.00116326
6.6	0.00119885
6.8	0.0012344
7	0.00126989
7.2	0.00130534
7.4	0.00134075
7.6	0.00137611
7.8	0.00141143
8	0.00144669
8.2	0.00148192
8.4	0.0015171
8.6	0.00155223
8.8	0.00158732
9	0.00162236
9.2	0.00165736
9.4	0.00169231
9.6	0.00172721
9.8	0.00176207
10	0.00179689
10.2	0.00183166
10.4	0.00186639
10.6	0.00190107
10.8	0.0019357
11	0.00197029
11.2	0.00200484
11.4	0.00203934
11.6	0.0020738
11.8	0.00210821
12	0.00214258
12.2	0.0021769
12.4	0.00221118
12.6	0.00224541
12.8	0.0022796
13	0.00231374
13.2	0.00234784
13.4	0.0023819
13.6	0.00241591
13.8	0.00244988
14	0.0024838
14.2	0.00251768
14.4	0.00255151
14.6	0.0025853
14.8	0.00261905
15	0.00265275
15.2	0.00268641
15.4	0.00272003
15.6	0.0027536
15.8	0.00278712
16	0.00282061
16.2	0.00285405
16.4	0.00288744
16.6	0.00292079
16.8	0.0029541
17	0.00298737
17.2	0.00302059
17.4	0.00305377
17.6	0.0030869
17.8	0.00311999
18	0.00315304
18.2	0.00318605
18.4	0.00321901
18.6	0.00325193
18.8	0.00328481
19	0.00331764
19.2	0.00335043
19.4	0.00338318
19.6	0.00341588
19.8	0.00344854
20	0.00348116
20.2	0.00351374
20.4	0.00354627
20.6	0.00357876
20.8	0.00361121
21	0.00364361
21.2	0.00367598
21.4	0.0037083
21.6	0.00374058
21.8	0.00377281
22	0.003805
22.2	0.00383716
22.4	0.00386927
22.6	0.00390133
22.8	0.00393336
23	0.00396534
23.2	0.00399728
23.4	0.00402918
23.6	0.00406104
23.8	0.00409285
24	0.00412463
24.2	0.00415636
24.4	0.00418805
24.6	0.0042197
24.8	0.00425131
25	0.00428287
25.2	0.00431439
25.4	0.00434588
25.6	0.00437732
25.8	0.00440872
26	0.00444008
26.2	0.00447139
26.4	0.00450267
26.6	0.0045339
26.8	0.0045651
27	0.00459625
27.2	0.00462736
27.4	0.00465843
27.6	0.00468946
27.8	0.00472045
28	0.0047514
28.2	0.00478231
28.4	0.00481318
28.6	0.004844
28.8	0.00487479
29	0.00490553
29.2	0.00493624
29.4	0.0049669
29.6	0.00499753
29.8	0.00502811
30	0.00505865
30.2	0.00508916
30.4	0.00511962
30.6	0.00515004
30.8	0.00518042
31	0.00521077
31.2	0.00524107
31.4	0.00527133
31.6	0.00530155
31.8	0.00533174
32	0.00536188
32.2	0.00539198
32.4	0.00542205
32.6	0.00545207
32.8	0.00548205
33	0.005512
33.2	0.0055419
33.4	0.00557177
33.6	0.0056016
33.8	0.00563138
34	0.00566113
34.2	0.00569084
34.4	0.00572051
34.6	0.00575014
34.8	0.00577973
35	0.00580928
35.2	0.00583879
35.4	0.00586827
35.6	0.0058977
35.8	0.0059271
36	0.00595645
36.2	0.00598577
36.4	0.00601505
36.6	0.00604429
36.8	0.0060735
37	0.00610266
37.2	0.00613178
37.4	0.00616087
37.6	0.00618992
37.8	0.00621893
38	0.0062479
38.2	0.00627683
38.4	0.00630573
38.6	0.00633459
38.8	0.0063634
39	0.00639219
39.2	0.00642093
39.4	0.00644963
39.6	0.0064783
39.8	0.00650693
40	0.00653552
40.2	0.00656407
40.4	0.00659259
40.6	0.00662106
40.8	0.0066495
41	0.00667791
41.2	0.00670627
41.4	0.0067346
41.6	0.00676289
41.8	0.00679114
42	0.00681935
42.2	0.00684753
42.4	0.00687567
42.6	0.00690377
42.8	0.00693184
43	0.00695987
43.2	0.00698786
43.4	0.00701581
43.6	0.00704373
43.8	0.00707161
44	0.00709945
44.2	0.00712726
44.4	0.00715503
44.6	0.00718276
44.8	0.00721046
45	0.00723812
45.2	0.00726574
45.4	0.00729333
45.6	0.00732088
45.8	0.00734839
46	0.00737587
46.2	0.00740331
46.4	0.00743071
46.6	0.00745808
46.8	0.00748541
47	0.0075127
47.2	0.00753996
47.4	0.00756719
47.6	0.00759437
47.8	0.00762152
48	0.00764864
48.2	0.00767572
48.4	0.00770276
48.6	0.00772977
48.8	0.00775674
49	0.00778367
49.2	0.00781057
49.4	0.00783744
49.6	0.00786427
49.8	0.00789106
50	0.00791782
50.2	0.00794454
50.4	0.00797122
50.6	0.00799788
50.8	0.00802449
51	0.00805107
51.2	0.00807762
51.4	0.00810413
51.6	0.0081306
51.8	0.00815704
52	0.00818344
52.2	0.00820981
52.4	0.00823615
52.6	0.00826245
52.8	0.00828871
53	0.00831494
53.2	0.00834114
53.4	0.0083673
53.6	0.00839342
53.8	0.00841951
54	0.00844557
54.2	0.00847159
54.4	0.00849758
54.6	0.00852353
54.8	0.00854945
55	0.00857533
55.2	0.00860118
55.4	0.00862699
55.6	0.00865277
55.8	0.00867852
56	0.00870423
56.2	0.00872991
56.4	0.00875555
56.6	0.00878116
56.8	0.00880674
57	0.00883228
57.2	0.00885779
57.4	0.00888326
57.6	0.0089087
57.8	0.00893411
58	0.00895948
58.2	0.00898482
58.4	0.00901012
58.6	0.00903539
58.8	0.00906063
59	0.00908584
59.2	0.00911101
59.4	0.00913614
59.6	0.00916125
59.8	0.00918632
60	0.00921135
60.2	0.00923636
60.4	0.00926133
60.6	0.00928627
60.8	0.00931117
61	0.00933604
61.2	0.00936088
61.4	0.00938568
61.6	0.00941046
61.8	0.00943519
62	0.0094599
62.2	0.00948457
62.4	0.00950921
62.6	0.00953382
62.8	0.0095584
63	0.00958294
63.2	0.00960745
63.4	0.00963192
63.6	0.00965637
63.8	0.00968078
64	0.00970516
64.2	0.00972951
64.4	0.00975382
64.6	0.0097781
64.8	0.00980235
65	0.00982657
65.2	0.00985075
65.4	0.00987491
65.6	0.00989903
65.8	0.00992312
66	0.00994717
66.2	0.0099712
66.4	0.00999519
66.6	0.0100192
66.8	0.0100431
67	0.010067
67.2	0.0100908
67.4	0.0101147
67.6	0.0101385
67.8	0.0101622
68	0.010186
68.2	0.0102097
68.4	0.0102334
68.6	0.010257
68.8	0.0102806
69	0.0103042
69.2	0.0103278
69.4	0.0103513
69.6	0.0103748
69.8	0.0103982
70	0.0104216
70.2	0.010445
70.4	0.0104684
70.6	0.0104917
70.8	0.010515
71	0.0105383
71.2	0.0105615
71.4	0.0105847
71.6	0.0106079
71.8	0.010631
72	0.0106542
72.2	0.0106772
72.4	0.0107003
72.6	0.0107233
72.8	0.0107463
73	0.0107693
73.2	0.0107922
73.4	0.0108151
73.6	0.010838
73.8	0.0108608
74	0.0108836
74.2	0.0109064
74.4	0.0109291
74.6	0.0109519
74.8	0.0109745
75	0.0109972
75.2	0.0110198
75.4	0.0110424
75.6	0.011065
75.8	0.0110875
76	0.01111
76.2	0.0111325
76.4	0.0111549
76.6	0.0111774
76.8	0.0111997
77	0.0112221
77.2	0.0112444
77.4	0.0112667
77.6	0.011289
77.8	0.0113112
78	0.0113334
78.2	0.0113556
78.4	0.0113777
78.6	0.0113999
78.8	0.011422
79	0.011444
79.2	0.011466
79.4	0.011488
79.6	0.01151
79.8	0.011532
80	0.0115539
80.2	0.0115757
80.4	0.0115976
80.6	0.0116194
80.8	0.0116412
81	0.011663
81.2	0.0116847
81.4	0.0117064
81.6	0.0117281
81.8	0.0117498
82	0.0117714
82.2	0.011793
82.4	0.0118145
82.6	0.0118361
82.8	0.0118576
83	0.011879
83.2	0.0119005
83.4	0.0119219
83.6	0.0119433
83.8	0.0119647
84	0.011986
84.2	0.0120073
84.4	0.0120286
84.6	0.0120498
84.8	0.0120711
85	0.0120922
85.2	0.0121134
85.4	0.0121345
85.6	0.0121557
85.8	0.0121767
86	0.0121978
86.2	0.0122188
86.4	0.0122398
86.6	0.0122608
86.8	0.0122817
87	0.0123026
87.2	0.0123235
87.4	0.0123444
87.6	0.0123652
87.8	0.012386
88	0.0124067
88.2	0.0124275
88.4	0.0124482
88.6	0.0124689
88.8	0.0124896
89	0.0125102
89.2	0.0125308
89.4	0.0125514
89.6	0.0125719
89.8	0.0125924
90	0.0126129
90.2	0.0126334
90.4	0.0126538
90.6	0.0126743
90.8	0.0126946
91	0.012715
91.2	0.0127353
91.4	0.0127556
91.6	0.0127759
91.8	0.0127962
92	0.0128164
92.2	0.0128366
92.4	0.0128567
92.6	0.0128769
92.8	0.012897
93	0.0129171
93.2	0.0129371
93.4	0.0129572
93.6	0.0129772
93.8	0.0129972
94	0.0130171
94.2	0.013037
94.4	0.0130569
94.6	0.0130768
94.8	0.0130967
95	0.0131165
95.2	0.0131363
95.4	0.0131561
95.6	0.0131758
95.8	0.0131955
96	0.0132152
96.2	0.0132349
96.4	0.0132545
96.6	0.0132741
96.8	0.0132937
97	0.0133132
97.2	0.0133328
97.4	0.0133523
97.6	0.0133718
97.8	0.0133912
98	0.0134106
98.2	0.01343
98.4	0.0134494
98.6	0.0134688
98.8	0.0134881
99	0.0135074
99.2	0.0135266
99.4	0.0135459
99.6	0.0135651
99.8	0.0135843
100	0.0136035
100.2	0.0136226
100.4	0.0136417
100.6	0.0136608
100.8	0.0136799
101	0.0136989
101.2	0.0137179
101.4	0.0137369
101.6	0.0137559
101.8	0.0137748
102	0.0137937
102.2	0.0138126
102.4	0.0138315
102.6	0.0138503
102.8	0.0138691
103	0.0138879
103.2	0.0139067
103.4	0.0139254
103.6	0.0139441
103.8	0.0139628
104	0.0139815
104.2	0.0140001
104.4	0.0140187
104.6	0.0140373
104.8	0.0140559
105	0.0140744
105.2	0.0140929
105.4	0.0141114
105.6	0.0141298
105.8	0.0141483
106	0.0141667
106.2	0.0141851
106.4	0.0142034
106.6	0.0142218
106.8	0.0142401
107	0.0142584
107.2	0.0142766
107.4	0.0142949
107.6	0.0143131
107.8	0.0143313
108	0.0143495
108.2	0.0143676
108.4	0.0143857
108.6	0.0144038
108.8	0.0144219
109	0.0144399
109.2	0.0144579
109.4	0.0144759
109.6	0.0144939
109.8	0.0145119
110	0.0145298
110.2	0.0145477
110.4	0.0145656
110.6	0.0145834
110.8	0.0146012
111	0.014619
111.2	0.0146368
111.4	0.0146546
111.6	0.0146723
111.8	0.01469
112	0.0147077
112.2	0.0147254
112.4	0.014743
112.6	0.0147606
112.8	0.0147782
113	0.0147958
113.2	0.0148133
113.4	0.0148308
113.6	0.0148483
113.8	0.0148658
114	0.0148833
114.2	0.0149007
114.4	0.0149181
114.6	0.0149355
114.8	0.0149528
115	0.0149701
115.2	0.0149875
115.4	0.0150047
115.6	0.015022
115.8	0.0150392
116	0.0150565
116.2	0.0150736
116.4	0.0150908
116.6	0.015108
116.8	0.0151251
117	0.0151422
117.2	0.0151593
117.4	0.0151763
117.6	0.0151934
117.8	0.0152104
118	0.0152274
118.2	0.0152443
118.4	0.0152613
118.6	0.0152782
118.8	0.0152951
119	0.0153119
119.2	0.0153288
119.4	0.0153456
119.6	0.0153624
119.8	0.0153792
120	0.015396
120.2	0.0154127
120.4	0.0154294
120.6	0.0154461
120.8	0.0154628
121	0.0154794
121.2	0.015496
121.4	0.0155127
121.6	0.0155292
121.8	0.0155458
122	0.0155623
122.2	0.0155788
122.4	0.0155953
122.6	0.0156118
122.8	0.0156282
123	0.0156447
123.2	0.0156611
123.4	0.0156775
123.6	0.0156938
123.8	0.0157102
124	0.0157265
124.2	0.0157428
124.4	0.015759
124.6	0.0157753
124.8	0.0157915
125	0.0158077
125.2	0.0158239
125.4	0.0158401
125.6	0.0158562
125.8	0.0158723
126	0.0158884
126.2	0.0159045
126.4	0.0159205
126.6	0.0159366
126.8	0.0159526
127	0.0159686
127.2	0.0159845
127.4	0.0160005
127.6	0.0160164
127.8	0.0160323
128	0.0160482
128.2	0.0160641
128.4	0.0160799
128.6	0.0160957
128.8	0.0161115
129	0.0161273
129.2	0.016143
129.4	0.0161588
129.6	0.0161745
129.8	0.0161902
130	0.0162058
130.2	0.0162215
130.4	0.0162371
130.6	0.0162527
130.8	0.0162683
131	0.0162839
131.2	0.0162994
131.4	0.0163149
131.6	0.0163304
131.8	0.0163459
132	0.0163614
132.2	0.0163768
132.4	0.0163922
132.6	0.0164076
132.8	0.016423
133	0.0164384
133.2	0.0164537
133.4	0.016469
133.6	0.0164843
133.8	0.0164996
134	0.0165148
134.2	0.0165301
134.4	0.0165453
134.6	0.0165605
134.8	0.0165756
135	0.0165908
135.2	0.0166059
135.4	0.016621
135.6	0.0166361
135.8	0.0166512
136	0.0166662
136.2	0.0166813
136.4	0.0166963
136.6	0.0167113
136.8	0.0167262
137	0.0167412
137.2	0.0167561
137.4	0.016771
137.6	0.0167859
137.8	0.0168008
138	0.0168156
138.2	0.0168304
138.4	0.0168453
138.6	0.01686
138.8	0.0168748
139	0.0168896
139.2	0.0169043
139.4	0.016919
139.6	0.0169337
139.8	0.0169483
140	0.016963
140.2	0.0169776
140.4	0.0169922
140.6	0.0170068
140.8	0.0170214
141	0.0170359
141.2	0.0170505
141.4	0.017065
141.6	0.0170795
141.8	0.0170939
142	0.0171084
142.2	0.0171228
142.4	0.0171372
142.6	0.0171516
142.8	0.017166
143	0.0171804
143.2	0.0171947
143.4	0.017209
143.6	0.0172233
143.8	0.0172376
144	0.0172519
144.2	0.0172661
144.4	0.0172803
144.6	0.0172945
144.8	0.0173087
145	0.0173229
145.2	0.017337
145.4	0.0173511
145.6	0.0173652
145.8	0.0173793
146	0.0173934
146.2	0.0174074
146.4	0.0174215
146.6	0.0174355
146.8	0.0174495
147	0.0174635
147.2	0.0174774
147.4	0.0174913
147.6	0.0175053
147.8	0.0175192
148	0.017533
148.2	0.0175469
148.4	0.0175607
148.6	0.0175746
148.8	0.0175884
149	0.0176022
149.2	0.0176159
149.4	0.0176297
149.6	0.0176434
149.8	0.0176571
150	0.0176708
150.2	0.0176845
150.4	0.0176981
150.6	0.0177118
150.8	0.0177254
151	0.017739
151.2	0.0177526
151.4	0.0177662
151.6	0.0177797
151.8	0.0177932
152	0.0178067
152.2	0.0178202
152.4	0.0178337
152.6	0.0178472
152.8	0.0178606
153	0.017874
153.2	0.0178874
153.4	0.0179008
153.6	0.0179142
153.8	0.0179275
154	0.0179408
154.2	0.0179542
154.4	0.0179674
154.6	0.0179807
154.8	0.017994
155	0.0180072
155.2	0.0180204
155.4	0.0180336
155.6	0.0180468
155.8	0.01806
156	0.0180731
156.2	0.0180863
156.4	0.0180994
156.6	0.0181125
156.8	0.0181256
157	0.0181386
157.2	0.0181517
157.4	0.0181647
157.6	0.0181777
157.8	0.0181907
158	0.0182037
158.2	0.0182166
158.4	0.0182296
158.6	0.0182425
158.8	0.0182554
159	0.0182683
159.2	0.0182811
159.4	0.018294
159.6	0.0183068
159.8	0.0183196
160	0.0183324
160.2	0.0183452
160.4	0.018358
160.6	0.0183707
160.8	0.0183835
161	0.0183962
161.2	0.0184089
161.4	0.0184216
161.6	0.0184342
161.8	0.0184469
162	0.0184595
162.2	0.0184721
162.4	0.0184847
162.6	0.0184973
162.8	0.0185098
163	0.0185224
163.2	0.0185349
163.4	0.0185474
163.6	0.0185599
163.8	0.0185724
164	0.0185848
164.2	0.0185973
164.4	0.0186097
164.6	0.0186221
164.8	0.0186345
165	0.0186469
165.2	0.0186592
165.4	0.0186716
165.6	0.0186839
165.8	0.0186962
166	0.0187085
166.2	0.0187208
166.4	0.018733
166.6	0.0187453
166.8	0.0187575
167	0.0187697
167.2	0.0187819
167.4	0.0187941
167.6	0.0188062
167.8	0.0188184
168	0.0188305
168.2	0.0188426
168.4	0.0188547
168.6	0.0188668
168.8	0.0188789
169	0.0188909
169.2	0.0189029
169.4	0.0189149
169.6	0.0189269
169.8	0.0189389
170	0.0189509
170.2	0.0189628
170.4	0.0189748
170.6	0.0189867
170.8	0.0189986
171	0.0190104
171.2	0.0190223
171.4	0.0190342
171.6	0.019046
171.8	0.0190578
172	0.0190696
172.2	0.0190814
172.4	0.0190932
172.6	0.0191049
172.8	0.0191167
173	0.0191284
173.2	0.0191401
173.4	0.0191518
173.6	0.0191635
173.8	0.0191751
174	0.0191868
174.2	0.0191984
174.4	0.01921
174.6	0.0192216
174.8	0.0192332
175	0.0192448
175.2	0.0192563
175.4	0.0192678
175.6	0.0192794
175.8	0.0192909
176	0.0193024
176.2	0.0193138
176.4	0.0193253
176.6	0.0193367
176.8	0.0193481
177	0.0193596
177.2	0.019371
177.4	0.0193823
177.6	0.0193937
177.8	0.019405
178	0.0194164
178.2	0.0194277
178.4	0.019439
178.6	0.0194503
178.8	0.0194616
179	0.0194728
179.2	0.0194841
179.4	0.0194953
179.6	0.0195065
179.8	0.0195177
180	0.0195289
180.2	0.01954
180.4	0.0195512
180.6	0.0195623
180.8	0.0195734
181	0.0195845
181.2	0.0195956
181.4	0.0196067
181.6	0.0196178
181.8	0.0196288
182	0.0196398
182.2	0.0196509
182.4	0.0196619
182.6	0.0196729
182.8	0.0196838
183	0.0196948
183.2	0.0197057
183.4	0.0197166
183.6	0.0197276
183.8	0.0197385
184	0.0197493
184.2	0.0197602
184.4	0.0197711
184.6	0.0197819
184.8	0.0197927
185	0.0198035
185.2	0.0198143
185.4	0.0198251
185.6	0.0198359
185.8	0.0198466
186	0.0198574
186.2	0.0198681
186.4	0.0198788
186.6	0.0198895
186.8	0.0199002
187	0.0199108
187.2	0.0199215
187.4	0.0199321
187.6	0.0199427
187.8	0.0199533
188	0.0199639
188.2	0.0199745
188.4	0.0199851
188.6	0.0199956
188.8	0.0200061
189	0.0200167
189.2	0.0200272
189.4	0.0200377
189.6	0.0200481
189.8	0.0200586
190	0.020069
190.2	0.0200795
190.4	0.0200899
190.6	0.0201003
190.8	0.0201107
191	0.0201211
191.2	0.0201314
191.4	0.0201418
191.6	0.0201521
191.8	0.0201625
192	0.0201728
192.2	0.0201831
192.4	0.0201933
192.6	0.0202036
192.8	0.0202139
193	0.0202241
193.2	0.0202343
193.4	0.0202445
193.6	0.0202547
193.8	0.0202649
194	0.0202751
194.2	0.0202852
194.4	0.0202954
194.6	0.0203055
194.8	0.0203156
195	0.0203257
195.2	0.0203358
195.4	0.0203459
195.6	0.0203559
195.8	0.020366
196	0.020376
196.2	0.020386
196.4	0.020396
196.6	0.020406
196.8	0.020416
197	0.020426
197.2	0.0204359
197.4	0.0204459
197.6	0.0204558
197.8	0.0204657
198	0.0204756
198.2	0.0204855
198.4	0.0204954
198.6	0.0205052
198.8	0.0205151
199	0.0205249
199.2	0.0205347
199.4	0.0205445
199.6	0.0205543
199.8	0.0205641
200	0.0205738
200.2	0.0205836
200.4	0.0205933
200.6	0.0206031
200.8	0.0206128
201	0.0206225
201.2	0.0206322
201.4	0.0206418
201.6	0.0206515
201.8	0.0206611
202	0.0206708
202.2	0.0206804
202.4	0.02069
202.6	0.0206996
202.8	0.0207092
203	0.0207187
203.2	0.0207283
203.4	0.0207378
203.6	0.0207474
203.8	0.0207569
204	0.0207664
204.2	0.0207759
204.4	0.0207854
204.6	0.0207948
204.8	0.0208043
205	0.0208137
205.2	0.0208231
205.4	0.0208325
205.6	0.0208419
205.8	0.0208513
206	0.0208607
206.2	0.0208701
206.4	0.0208794
206.6	0.0208888
206.8	0.0208981
207	0.0209074
207.2	0.0209167
207.4	0.020926
207.6	0.0209353
207.8	0.0209445
208	0.0209538
208.2	0.020963
208.4	0.0209722
208.6	0.0209814
208.8	0.0209906
209	0.0209998
209.2	0.021009
209.4	0.0210182
209.6	0.0210273
209.8	0.0210364
210	0.0210456
210.2	0.0210547
210.4	0.0210638
210.6	0.0210729
210.8	0.0210819
211	0.021091
211.2	0.0211001
211.4	0.0211091
211.6	0.0211181
211.8	0.0211271
212	0.0211361
212.2	0.0211451
212.4	0.0211541
212.6	0.0211631
212.8	0.021172
213	0.021181
213.2	0.0211899
213.4	0.0211988
213.6	0.0212077
213.8	0.0212166
214	0.0212255
214.2	0.0212343
214.4	0.0212432
214.6	0.021252
214.8	0.0212609
215	0.0212697
215.2	0.0212785
215.4	0.0212873
215.6	0.0212961
215.8	0.0213049
216	0.0213136
216.2	0.0213224
216.4	0.0213311
216.6	0.0213398
216.8	0.0213485
217	0.0213572
217.2	0.0213659
217.4	0.0213746
217.6	0.0213833
217.8	0.0213919
218	0.0214006
218.2	0.0214092
218.4	0.0214178
218.6	0.0214264
218.8	0.021435
219	0.0214436
219.2	0.0214522
219.4	0.0214607
219.6	0.0214693
219.8	0.0214778
220	0.0214863
220.2	0.0214949
220.4	0.0215034
220.6	0.0215118
220.8	0.0215203
221	0.0215288
221.2	0.0215373
221.4	0.0215457
221.6	0.0215541
221.8	0.0215626
222	0.021571
222.2	0.0215794
222.4	0.0215878
222.6	0.0215961
222.8	0.0216045
223	0.0216128
223.2	0.0216212
223.4	0.0216295
223.6	0.0216378
223.8	0.0216461
224	0.0216544
224.2	0.0216627
224.4	0.021671
224.6	0.0216793
224.8	0.0216875
225	0.0216958
225.2	0.021704
225.4	0.0217122
225.6	0.0217204
225.8	0.0217286
226	0.0217368
226.2	0.021745
226.4	0.0217531
226.6	0.0217613
226.8	0.0217694
227	0.0217776
227.2	0.0217857
227.4	0.0217938
227.6	0.0218019
227.8	0.02181
228	0.021818
228.2	0.0218261
228.4	0.0218342
228.6	0.0218422
228.8	0.0218502
229	0.0218583
229.2	0.0218663
229.4	0.0218743
229.6	0.0218822
229.8	0.0218902
230	0.0218982
230.2	0.0219061
230.4	0.0219141
230.6	0.021922
230.8	0.0219299
231	0.0219379
231.2	0.0219458
231.4	0.0219537
231.6	0.0219615
231.8	0.0219694
232	0.0219773
232.2	0.0219851
232.4	0.0219929
232.6	0.0220008
232.8	0.0220086
233	0.0220164
233.2	0.0220242
233.4	0.022032
233.6	0.0220397
233.8	0.0220475
234	0.0220553
234.2	0.022063
234.4	0.0220707
234.6	0.0220785
234.8	0.0220862
235	0.0220939
235.2	0.0221016
235.4	0.0221092
235.6	0.0221169
235.8	0.0221246
236	0.0221322
236.2	0.0221398
236.4	0.0221475
236.6	0.0221551
236.8	0.0221627
237	0.0221703
237.2	0.0221779
237.4	0.0221854
237.6	0.022193
237.8	0.0222006
238	0.0222081
238.2	0.0222156
238.4	0.0222232
238.6	0.0222307
238.8	0.0222382
239	0.0222457
239.2	0.0222532
239.4	0.0222606
239.6	0.0222681
239.8	0.0222756
240	0.022283
240.2	0.0222904
240.4	0.0222978
240.6	0.0223053
240.8	0.0223127
241	0.0223201
241.2	0.0223274
241.4	0.0223348
241.6	0.0223422
241.8	0.0223495
242	0.0223569
242.2	0.0223642
242.4	0.0223715
242.6	0.0223788
242.8	0.0223861
243	0.0223934
243.2	0.0224007
243.4	0.022408
243.6	0.0224152
243.8	0.0224225
244	0.0224297
244.2	0.022437
244.4	0.0224442
244.6	0.0224514
244.8	0.0224586
245	0.0224658
245.2	0.022473
245.4	0.0224802
245.6	0.0224873
245.8	0.0224945
246	0.0225016
246.2	0.0225088
246.4	0.0225159
246.6	0.022523
246.8	0.0225301
247	0.0225372
247.2	0.0225443
247.4	0.0225514
247.6	0.0225584
247.8	0.0225655
248	0.0225725
248.2	0.0225796
248.4	0.0225866
248.6	0.0225936
248.8	0.0226006
249	0.0226076
249.2	0.0226146
249.4	0.0226216
249.6	0.0226286
249.8	0.0226356
250	0.0226425
250.2	0.0226495
250.4	0.0226564
250.6	0.0226633
250.8	0.0226702
251	0.0226771
251.2	0.022684
251.4	0.0226909
251.6	0.0226978
251.8	0.0227047
252	0.0227115
252.2	0.0227184
252.4	0.0227252
252.6	0.022732
252.8	0.0227389
253	0.0227457
253.2	0.0227525
253.4	0.0227593
253.6	0.0227661
253.8	0.0227728
254	0.0227796
254.2	0.0227864
254.4	0.0227931
254.6	0.0227999
254.8	0.0228066
255	0.0228133
255.2	0.02282
255.4	0.0228267
255.6	0.0228334
255.8	0.0228401
256	0.0228468
256.2	0.0228534
256.4	0.0228601
256.6	0.0228667
256.8	0.0228734
257	0.02288
257.2	0.0228866
257.4	0.0228932
257.6	0.0228998
257.8	0.0229064
258	0.022913
258.2	0.0229196
258.4	0.0229262
258.6	0.0229327
258.8	0.0229393
259	0.0229458
259.2	0.0229523
259.4	0.0229589
259.6	0.0229654
259.8	0.0229719
260	0.0229784
260.2	0.0229849
260.4	0.0229913
260.6	0.0229978
260.8	0.0230043
261	0.0230107
261.2	0.0230172
261.4	0.0230236
261.6	0.02303
261.8	0.0230365
262	0.0230429
262.2	0.0230493
262.4	0.0230556
262.6	0.023062
262.8	0.0230684
263	0.0230748
263.2	0.0230811
263.4	0.0230875
263.6	0.0230938
263.8	0.0231001
264	0.0231065
264.2	0.0231128
264.4	0.0231191
264.6	0.0231254
264.8	0.0231317
265	0.0231379
265.2	0.0231442
265.4	0.0231505
265.6	0.0231567
265.8	0.023163
266	0.0231692
266.2	0.0231754
266.4	0.0231817
266.6	0.0231879
266.8	0.0231941
267	0.0232003
267.2	0.0232064
267.4	0.0232126
267.6	0.0232188
267.8	0.0232249
268	0.0232311
268.2	0.0232372
268.4	0.0232434
268.6	0.0232495
268.8	0.0232556
269	0.0232617
269.2	0.0232678
269.4	0.0232739
269.6	0.02328
269.8	0.0232861
270	0.0232922
270.2	0.0232982
270.4	0.0233043
270.6	0.0233103
270.8	0.0233164
271	0.0233224
271.2	0.0233284
271.4	0.0233344
271.6	0.0233404
271.8	0.0233464
272	0.0233524
272.2	0.0233584
272.4	0.0233643
272.6	0.0233703
272.8	0.0233763
273	0.0233822
273.2	0.0233881
273.4	0.0233941
273.6	0.0234
273.8	0.0234059
274	0.0234118
274.2	0.0234177
274.4	0.0234236
274.6	0.0234295
274.8	0.0234354
275	0.0234412
275.2	0.0234471
275.4	0.0234529
275.6	0.0234588
275.8	0.0234646
276	0.0234704
276.2	0.0234762
276.4	0.0234821
276.6	0.0234879
276.8	0.0234936
277	0.0234994
277.2	0.0235052
277.4	0.023511
277.6	0.0235167
277.8	0.0235225
278	0.0235282
278.2	0.023534
278.4	0.0235397
278.6	0.0235454
278.8	0.0235512
279	0.0235569
279.2	0.0235626
279.4	0.0235683
279.6	0.0235739
279.8	0.0235796
280	0.0235853
280.2	0.0235909
280.4	0.0235966
280.6	0.0236022
280.8	0.0236079
281	0.0236135
281.2	0.0236191
281.4	0.0236248
281.6	0.0236304
281.8	0.023636
282	0.0236416
282.2	0.0236471
282.4	0.0236527
282.6	0.0236583
282.8	0.0236638
283	0.0236694
283.2	0.0236749
283.4	0.0236805
283.6	0.023686
283.8	0.0236915
284	0.0236971
284.2	0.0237026
284.4	0.0237081
284.6	0.0237136
284.8	0.023719
285	0.0237245
285.2	0.02373
285.4	0.0237355
285.6	0.0237409
285.8	0.0237464
286	0.0237518
286.2	0.0237572
286.4	0.0237627
286.6	0.0237681
286.8	0.0237735
287	0.0237789
287.2	0.0237843
287.4	0.0237897
287.6	0.0237951
287.8	0.0238005
288	0.0238058
288.2	0.0238112
288.4	0.0238165
288.6	0.0238219
288.8	0.0238272
289	0.0238326
289.2	0.0238379
289.4	0.0238432
289.6	0.0238485
289.8	0.0238538
290	0.0238591
290.2	0.0238644
290.4	0.0238697
290.6	0.023875
290.8	0.0238802
291	0.0238855
291.2	0.0238907
291.4	0.023896
291.6	0.0239012
291.8	0.0239064
292	0.0239117
292.2	0.0239169
292.4	0.0239221
292.6	0.0239273
292.8	0.0239325
293	0.0239377
293.2	0.0239429
293.4	0.023948
293.6	0.0239532
293.8	0.0239584
294	0.0239635
294.2	0.0239687
294.4	0.0239738
294.6	0.0239789
294.8	0.0239841
295	0.0239892
295.2	0.0239943
295.4	0.0239994
295.6	0.0240045
295.8	0.0240096
296	0.0240147
296.2	0.0240197
296.4	0.0240248
296.6	0.0240299
296.8	0.0240349
297	0.02404
297.2	0.024045
297.4	0.0240501
297.6	0.0240551
297.8	0.0240601
298	0.0240651
298.2	0.0240701
298.4	0.0240751
298.6	0.0240801
298.8	0.0240851
299	0.0240901
299.2	0.0240951
299.4	0.0241
299.6	0.024105
299.8	0.0241099
300	0.0241149
300.2	0.0241203
300.4	0.0241264
300.6	0.0241332
300.8	0.0241406
301	0.0241486
301.2	0.0241572
301.4	0.0241665
301.6	0.0241763
301.8	0.0241867
302	0.0241977
302.2	0.0242092
302.4	0.0242213
302.6	0.0242339
302.8	0.0242471
303	0.0242608
303.2	0.024275
303.4	0.0242897
303.6	0.0243049
303.8	0.0243206
304	0.0243368
304.2	0.0243535
304.4	0.0243706
304.6	0.0243881
304.8	0.0244062
305	0.0244246
305.2	0.0244435
305.4	0.0244628
305.6	0.0244825
305.8	0.0245027
306	0.0245232
306.2	0.0245442
306.4	0.0245655
306.6	0.0245872
306.8	0.0246093
307	0.0246317
307.2	0.0246545
307.4	0.0246777
307.6	0.0247012
307.8	0.0247251
308	0.0247492
308.2	0.0247738
308.4	0.0247986
308.6	0.0248238
308.8	0.0248492
309	0.024875
309.2	0.0249011
309.4	0.0249274
309.6	0.0249541
309.8	0.024981
310	0.0250082
310.2	0.0250357
310.4	0.0250635
310.6	0.0250915
310.8	0.0251198
311	0.0251483
311.2	0.0251771
311.4	0.0252061
311.6	0.0252353
311.8	0.0252648
312	0.0252945
312.2	0.0253244
312.4	0.0253546
312.6	0.0253849
312.8	0.0254155
313	0.0254463
313.2	0.0254772
313.4	0.0255084
313.6	0.0255398
313.8	0.0255713
314	0.0256031
314.2	0.025635
314.4	0.0256671
314.6	0.0256993
314.8	0.0257317
315	0.0257643
315.2	0.0257971
315.4	0.02583
315.6	0.0258631
315.8	0.0258963
316	0.0259297
316.2	0.0259632
316.4	0.0259968
316.6	0.0260306
316.8	0.0260645
317	0.0260986
317.2	0.0261328
317.4	0.0261671
317.6	0.0262015
317.8	0.026236
318	0.0262707
318.2	0.0263055
318.4	0.0263403
318.6	0.0263753
318.8	0.0264104
319	0.0264456
319.2	0.0264809
319.4	0.0265163
319.6	0.0265518
319.8	0.0265874
320	0.026623
320.2	0.0266588
320.4	0.0266946
320.6	0.0267305
320.8	0.0267665
321	0.0268026
321.2	0.0268388
321.4	0.026875
321.6	0.0269113
321.8	0.0269476
322	0.0269841
322.2	0.0270206
322.4	0.0270571
322.6	0.0270938
322.8	0.0271304
323	0.0271672
323.2	0.027204
323.4	0.0272408
323.6	0.0272777
323.8	0.0273147
324	0.0273517
324.2	0.0273887
324.4	0.0274258
324.6	0.0274629
324.8	0.0275001
325	0.0275373
325.2	0.0275746
325.4	0.0276119
325.6	0.0276492
325.8	0.0276865
326	0.0277239
326.2	0.0277614
326.4	0.0277988
326.6	0.0278363
326.8	0.0278738
327	0.0279113
327.2	0.0279489
327.4	0.0279865
327.6	0.0280241
327.8	0.0280617
328	0.0280994
328.2	0.028137
328.4	0.0281747
328.6	0.0282124
328.8	0.0282502
329	0.0282879
329.2	0.0283256
329.4	0.0283634
329.6	0.0284012
329.8	0.0284389
330	0.0284767
330.2	0.0285145
330.4	0.0285523
330.6	0.0285902
330.8	0.028628
331	0.0286658
331.2	0.0287036
331.4	0.0287415
331.6	0.0287793
331.8	0.0288171
332	0.028855
332.2	0.0288928
332.4	0.0289306
332.6	0.0289685
332.8	0.0290063
333	0.0290441
333.2	0.029082
333.4	0.0291198
333.6	0.0291576
333.8	0.0291954
334	0.0292332
334.2	0.029271
334.4	0.0293088
334.6	0.0293466
334.8	0.0293844
335	0.0294221
335.2	0.0294599
335.4	0.0294976
335.6	0.0295354
335.8	0.0295731
336	0.0296108
336.2	0.0296485
336.4	0.0296862
336.6	0.0297238
336.8	0.0297615
337	0.0297991
337.2	0.0298368
337.4	0.0298744
337.6	0.029912
337.8	0.0299496
338	0.0299871
338.2	0.0300247
338.4	0.0300622
338.6	0.0300997
338.8	0.0301372
339	0.0301747
339.2	0.0302121
339.4	0.0302496
339.6	0.030287
339.8	0.0303244
340	0.0303617
340.2	0.0303991
340.4	0.0304364
340.6	0.0304737
340.8	0.030511
341	0.0305483
341.2	0.0305855
341.4	0.0306227
341.6	0.0306599
341.8	0.0306971
342	0.0307343
342.2	0.0307714
342.4	0.0308085
342.6	0.0308456
342.8	0.0308826
343	0.0309196
343.2	0.0309567
343.4	0.0309936
343.6	0.0310306
343.8	0.0310675
344	0.0311044
344.2	0.0311413
344.4	0.0311781
344.6	0.0312149
344.8	0.0312517
345	0.0312885
345.2	0.0313252
345.4	0.031362
345.6	0.0313986
345.8	0.0314353
346	0.0314719
346.2	0.0315085
346.4	0.0315451
346.6	0.0315816
346.8	0.0316181
347	0.0316546
347.2	0.0316911
347.4	0.0317275
347.6	0.0317639
347.8	0.0318003
348	0.0318366
348.2	0.0318729
348.4	0.0319092
348.6	0.0319455
348.8	0.0319817
349	0.0320179
349.2	0.032054
349.4	0.0320901
349.6	0.0321262
349.8	0.0321623
350	0.0321983
350.2	0.0322343
350.4	0.0322703
350.6	0.0323063
350.8	0.0323422
351	0.0323781
351.2	0.0324139
351.4	0.0324497
351.6	0.0324855
351.8	0.0325213
352	0.032557
352.2	0.0325927
352.4	0.0326283
352.6	0.032664
352.8	0.0326996
353	0.0327351
353.2	0.0327706
353.4	0.0328061
353.6	0.0328416
353.8	0.032877
354	0.0329124
354.2	0.0329478
354.4	0.0329832
354.6	0.0330185
354.8	0.0330537
355	0.033089
355.2	0.0331242
355.4	0.0331593
355.6	0.0331945
355.8	0.0332296
356	0.0332647
356.2	0.0332997
356.4	0.0333347
356.6	0.0333697
356.8	0.0334046
357	0.0334395
357.2	0.0334744
357.4	0.0335093
357.6	0.0335441
357.8	0.0335789
358	0.0336136
358.2	0.0336483
358.4	0.033683
358.6	0.0337176
358.8	0.0337522
359	0.0337868
359.2	0.0338214
359.4	0.0338559
359.6	0.0338903
359.8	0.0339248
360	0.0339592
360.2	0.0339936
360.4	0.0340279
360.6	0.0340622
360.8	0.0340965
361	0.0341308
361.2	0.034165
361.4	0.0341991
361.6	0.0342333
361.8	0.0342674
362	0.0343015
362.2	0.0343355
362.4	0.0343695
362.6	0.0344035
362.8	0.0344374
363	0.0344713
363.2	0.0345052
363.4	0.0345391
363.6	0.0345729
363.8	0.0346066
364	0.0346404
364.2	0.0346741
364.4	0.0347077
364.6	0.0347414
364.8	0.034775
365	0.0348086
365.2	0.0348421
365.4	0.0348756
365.6	0.0349091
365.8	0.0349425
366	0.0349759
366.2	0.0350093
366.4	0.0350426
366.6	0.0350759
366.8	0.0351092
367	0.0351424
367.2	0.0351756
367.4	0.0352088
367.6	0.0352419
367.8	0.035275
368	0.0353081
368.2	0.0353411
368.4	0.0353741
368.6	0.0354071
368.8	0.03544
369	0.0354729
369.2	0.0355058
369.4	0.0355386
369.6	0.0355714
369.8	0.0356042
370	0.0356369
370.2	0.0356696
370.4	0.0357023
370.6	0.0357349
370.8	0.0357675
371	0.0358001
371.2	0.0358326
371.4	0.0358651
371.6	0.0358976
371.8	0.03593
372	0.0359624
372.2	0.0359948
372.4	0.0360272
372.6	0.0360595
372.8	0.0360917
373	0.036124
373.2	0.0361562
373.4	0.0361883
373.6	0.0362205
373.8	0.0362526
374	0.0362846
374.2	0.0363167
374.4	0.0363487
374.6	0.0363807
374.8	0.0364126
375	0.0364445
375.2	0.0364764
375.4	0.0365082
375.6	0.03654
375.8	0.0365718
376	0.0366035
376.2	0.0366352
376.4	0.0366669
376.6	0.0366986
376.8	0.0367302
377	0.0367618
377.2	0.0367933
377.4	0.0368248
377.6	0.0368563
377.8	0.0368878
378	0.0369192
378.2	0.0369506
378.4	0.0369819
378.6	0.0370132
378.8	0.0370445
379	0.0370758
379.2	0.037107
379.4	0.0371382
379.6	0.0371693
379.8	0.0372005
380	0.0372315
380.2	0.0372626
380.4	0.0372936
380.6	0.0373246
380.8	0.0373556
381	0.0373865
381.2	0.0374174
381.4	0.0374483
381.6	0.0374791
381.8	0.0375099
382	0.0375407
382.2	0.0375714
382.4	0.0376021
382.6	0.0376328
382.8	0.0376635
383	0.0376941
383.2	0.0377246
383.4	0.0377552
383.6	0.0377857
383.8	0.0378162
384	0.0378467
384.2	0.0378771
384.4	0.0379075
384.6	0.0379378
384.8	0.0379681
385	0.0379984
385.2	0.0380287
385.4	0.0380589
385.6	0.0380891
385.8	0.0381193
386	0.0381494
386.2	0.0381795
386.4	0.0382096
386.6	0.0382397
386.8	0.0382697
387	0.0382996
387.2	0.0383296
387.4	0.0383595
387.6	0.0383894
387.8	0.0384193
388	0.0384491
388.2	0.0384789
388.4	0.0385086
388.6	0.0385384
388.8	0.0385681
389	0.0385977
389.2	0.0386274
389.4	0.038657
389.6	0.0386866
389.8	0.0387161
390	0.0387456
390.2	0.0387751
390.4	0.0388045
390.6	0.038834
390.8	0.0388634
391	0.0388927
391.2	0.038922
391.4	0.0389513
391.6	0.0389806
391.8	0.0390099
392	0.0390391
392.2	0.0390682
392.4	0.0390974
392.6	0.0391265
392.8	0.0391556
393	0.0391846
393.2	0.0392137
393.4	0.0392426
393.6	0.0392716
393.8	0.0393005
394	0.0393294
394.2	0.0393583
394.4	0.0393872
394.6	0.039416
394.8	0.0394448
395	0.0394735
395.2	0.0395022
395.4	0.0395309
395.6	0.0395596
395.8	0.0395882
396	0.0396168
396.2	0.0396454
396.4	0.0396739
396.6	0.0397024
396.8	0.0397309
397	0.0397594
397.2	0.0397878
397.4	0.0398162
397.6	0.0398445
397.8	0.0398729
398	0.0399012
398.2	0.0399294
398.4	0.0399577
398.6	0.0399859
398.8	0.0400141
399	0.0400422
399.2	0.0400704
399.4	0.0400985
399.6	0.0401265
399.8	0.0401546
400	0.0401826
400.2	0.0402106
400.4	0.0402385
400.6	0.0402664
400.8	0.0402943
401	0.0403222
401.2	0.04035
401.4	0.0403778
401.6	0.0404056
401.8	0.0404333
402	0.040461
402.2	0.0404887
402.4	0.0405164
402.6	0.040544
402.8	0.0405716
403	0.0405992
403.2	0.0406267
403.4	0.0406542
403.6	0.0406817
403.8	0.0407092
404	0.0407366
404.2	0.040764
404.4	0.0407914
404.6	0.0408187
404.8	0.040846
405	0.0408733
405.2	0.0409005
405.4	0.0409278
405.6	0.040955
405.8	0.0409821
406	0.0410093
406.2	0.0410364
406.4	0.0410634
406.6	0.0410905
406.8	0.0411175
407	0.0411445
407.2	0.0411715
407.4	0.0411984
407.6	0.0412253
407.8	0.0412522
408	0.0412791
408.2	0.0413059
408.4	0.0413327
408.6	0.0413595
408.8	0.0413862
409	0.0414129
409.2	0.0414396
409.4	0.0414663
409.6	0.0414929
409.8	0.0415195
410	0.0415461
410.2	0.0415726
410.4	0.0415991
410.6	0.0416256
410.8	0.0416521
411	0.0416785
411.2	0.0417049
411.4	0.0417313
411.6	0.0417577
411.8	0.041784
412	0.0418103
412.2	0.0418365
412.4	0.0418628
412.6	0.041889
412.8	0.0419152
413	0.0419413
413.2	0.0419675
413.4	0.0419936
413.6	0.0420196
413.8	0.0420457
414	0.0420717
414.2	0.0420977
414.4	0.0421237
414.6	0.0421496
414.8	0.0421755
415	0.0422014
415.2	0.0422272
415.4	0.0422531
415.6	0.0422789
415.8	0.0423046
416	0.0423304
416.2	0.0423561
416.4	0.0423818
416.6	0.0424075
416.8	0.0424331
417	0.0424587
417.2	0.0424843
417.4	0.0425099
417.6	0.0425354
417.8	0.0425609
418	0.0425864
418.2	0.0426118
418.4	0.0426373
418.6	0.0426627
418.8	0.042688
419	0.0427134
419.2	0.0427387
419.4	0.042764
419.6	0.0427892
419.8	0.0428145
420	0.0428397
420.2	0.0428649
420.4	0.04289
420.6	0.0429152
420.8	0.0429403
421	0.0429653
421.2	0.0429904
421.4	0.0430154
421.6	0.0430404
421.8	0.0430654
422	0.0430903
422.2	0.0431152
422.4	0.0431401
422.6	0.043165
422.8	0.0431898
423	0.0432147
423.2	0.0432394
423.4	0.0432642
423.6	0.0432889
423.8	0.0433137
424	0.0433383
424.2	0.043363
424.4	0.0433876
424.6	0.0434122
424.8	0.0434368
425	0.0434614
425.2	0.0434859
425.4	0.0435104
425.6	0.0435349
425.8	0.0435593
426	0.0435838
426.2	0.0436082
426.4	0.0436325
426.6	0.0436569
426.8	0.0436812
427	0.0437055
427.2	0.0437298
427.4	0.043754
427.6	0.0437782
427.8	0.0438024
428	0.0438266
428.2	0.0438507
428.4	0.0438748
428.6	0.0438989
428.8	0.043923
429	0.043947
429.2	0.0439711
429.4	0.0439951
429.6	0.044019
429.8	0.044043
430	0.0440669
430.2	0.0440908
430.4	0.0441146
430.6	0.0441385
430.8	0.0441623
431	0.0441861
431.2	0.0442098
431.4	0.0442336
431.6	0.0442573
431.8	0.044281
432	0.0443046
432.2	0.0443283
432.4	0.0443519
432.6	0.0443755
432.8	0.044399
433	0.0444226
433.2	0.0444461
433.4	0.0444696
433.6	0.044493
433.8	0.0445165
434	0.0445399
434.2	0.0445633
434.4	0.0445867
434.6	0.04461
434.8	0.0446333
435	0.0446566
435.2	0.0446799
435.4	0.0447031
435.6	0.0447263
435.8	0.0447495
436	0.0447727
436.2	0.0447958
436.4	0.044819
436.6	0.0448421
436.8	0.0448651
437	0.0448882
437.2	0.0449112
437.4	0.0449342
437.6	0.0449572
437.8	0.0449801
438	0.045003
438.2	0.0450259
438.4	0.0450488
438.6	0.0450717
438.8	0.0450945
439	0.0451173
439.2	0.0451401
439.4	0.0451628
439.6	0.0451856
439.8	0.0452083
440	0.045231
440.2	0.0452536
440.4	0.0452763
440.6	0.0452989
440.8	0.0453215
441	0.045344
441.2	0.0453666
441.4	0.0453891
441.6	0.0454116
441.8	0.0454341
442	0.0454565
442.2	0.0454789
442.4	0.0455013
442.6	0.0455237
442.8	0.045546
443	0.0455684
443.2	0.0455907
443.4	0.045613
443.6	0.0456352
443.8	0.0456574
444	0.0456797
444.2	0.0457018
444.4	0.045724
444.6	0.0457461
444.8	0.0457683
445	0.0457904
445.2	0.0458124
445.4	0.0458345
445.6	0.0458565
445.8	0.0458785
446	0.0459005
446.2	0.0459224
446.4	0.0459444
446.6	0.0459663
446.8	0.0459881
447	0.04601
447.2	0.0460318
447.4	0.0460537
447.6	0.0460754
447.8	0.0460972
448	0.046119
448.2	0.0461407
448.4	0.0461624
448.6	0.046184
448.8	0.0462057
449	0.0462273
449.2	0.0462489
449.4	0.0462705
449.6	0.0462921
449.8	0.0463136
450	0.0463351
450.2	0.0463566
450.4	0.0463781
450.6	0.0463995
450.8	0.046421
451	0.0464424
451.2	0.0464638
451.4	0.0464851
451.6	0.0465064
451.8	0.0465278
452	0.046549
452.2	0.0465703
452.4	0.0465916
452.6	0.0466128
452.8	0.046634
453	0.0466552
453.2	0.0466763
453.4	0.0466974
453.6	0.0467186
453.8	0.0467396
454	0.0467607
454.2	0.0467817
454.4	0.0468028
454.6	0.0468238
454.8	0.0468447
455	0.0468657
455.2	0.0468866
455.4	0.0469075
455.6	0.0469284
455.8	0.0469493
456	0.0469701
456.2	0.046991
456.4	0.0470118
456.6	0.0470325
456.8	0.0470533
457	0.047074
457.2	0.0470947
457.4	0.0471154
457.6	0.0471361
457.8	0.0471567
458	0.0471774
458.2	0.047198
458.4	0.0472185
458.6	0.0472391
458.8	0.0472596
459	0.0472801
459.2	0.0473006
459.4	0.0473211
459.6	0.0473416
459.8	0.047362
460	0.0473824
460.2	0.0474028
460.4	0.0474231
460.6	0.0474435
460.8	0.0474638
461	0.0474841
461.2	0.0475044
461.4	0.0475246
461.6	0.0475449
461.8	0.0475651
462	0.0475853
462.2	0.0476054
462.4	0.0476256
462.6	0.0476457
462.8	0.0476658
463	0.0476859
463.2	0.047706
463.4	0.047726
463.6	0.047746
463.8	0.047766
464	0.047786
464.2	0.047806
464.4	0.0478259
464.6	0.0478458
464.8	0.0478657
465	0.0478856
465.2	0.0479054
465.4	0.0479253
465.6	0.0479451
465.8	0.0479649
466	0.0479846
466.2	0.0480044
466.4	0.0480241
466.6	0.0480438
466.8	0.0480635
467	0.0480831
467.2	0.0481028
467.4	0.0481224
467.6	0.048142
467.8	0.0481616
468	0.0481812
468.2	0.0482007
468.4	0.0482202
468.6	0.0482397
468.8	0.0482592
469	0.0482786
469.2	0.0482981
469.4	0.0483175
469.6	0.0483369
469.8	0.0483562
470	0.0483756
470.2	0.0483949
470.4	0.0484142
470.6	0.0484335
470.8	0.0484528
471	0.0484721
471.2	0.0484913
471.4	0.0485105
471.6	0.0485297
471.8	0.0485489
472	0.048568
472.2	0.0485871
472.4	0.0486062
472.6	0.0486253
472.8	0.0486444
473	0.0486634
473.2	0.0486825
473.4	0.0487015
473.6	0.0487205
473.8	0.0487394
474	0.0487584
474.2	0.0487773
474.4	0.0487962
474.6	0.0488151
474.8	0.048834
475	0.0488528
475.2	0.0488716
475.4	0.0488904
475.6	0.0489092
475.8	0.048928
476	0.0489467
476.2	0.0489655
476.4	0.0489842
476.6	0.0490029
476.8	0.0490215
477	0.0490402
477.2	0.0490588
477.4	0.0490774
477.6	0.049096
477.8	0.0491146
478	0.0491331
478.2	0.0491516
478.4	0.0491701
478.6	0.0491886
478.8	0.0492071
479	0.0492256
479.2	0.049244
479.4	0.0492624
479.6	0.0492808
479.8	0.0492992
480	0.0493175
480.2	0.0493358
480.4	0.0493542
480.6	0.0493725
480.8	0.0493907
481	0.049409
481.2	0.0494272
481.4	0.0494454
481.6	0.0494636
481.8	0.0494818
482	0.0495
482.2	0.0495181
482.4	0.0495362
482.6	0.0495543
482.8	0.0495724
483	0.0495905
483.2	0.0496085
483.4	0.0496265
483.6	0.0496445
483.8	0.0496625
484	0.0496805
484.2	0.0496984
484.4	0.0497164
484.6	0.0497343
484.8	0.0497522
485	0.04977
485.2	0.0497879
485.4	0.0498057
485.6	0.0498235
485.8	0.0498413
486	0.0498591
486.2	0.0498769
486.4	0.0498946
486.6	0.0499123
486.8	0.04993
487	0.0499477
487.2	0.0499654
487.4	0.049983
487.6	0.0500007
487.8	0.0500183
488	0.0500358
488.2	0.0500534
488.4	0.050071
488.6	0.0500885
488.8	0.050106
489	0.0501235
489.2	0.050141
489.4	0.0501584
489.6	0.0501759
489.8	0.0501933
490	0.0502107
490.2	0.0502281
490.4	0.0502455
490.6	0.0502628
490.8	0.0502801
491	0.0502975
491.2	0.0503147
491.4	0.050332
491.6	0.0503493
491.8	0.0503665
492	0.0503837
492.2	0.0504009
492.4	0.0504181
492.6	0.0504353
492.8	0.0504524
493	0.0504696
493.2	0.0504867
493.4	0.0505037
493.6	0.0505208
493.8	0.0505379
494	0.0505549
494.2	0.0505719
494.4	0.0505889
494.6	0.0506059
494.8	0.0506229
495	0.0506398
495.2	0.0506568
495.4	0.0506737
495.6	0.0506906
495.8	0.0507074
496	0.0507243
496.2	0.0507411
496.4	0.050758
496.6	0.0507748
496.8	0.0507915
497	0.0508083
497.2	0.0508251
497.4	0.0508418
497.6	0.0508585
497.8	0.0508752
498	0.0508919
498.2	0.0509085
498.4	0.0509252
498.6	0.0509418
498.8	0.0509584
499	0.050975
499.2	0.0509916
499.4	0.0510081
499.6	0.0510247
499.8	0.0510412
500	0.0510577
500.2	0.0510742
500.4	0.0510906
500.6	0.0511071
500.8	0.0511235
501	0.0511399
501.2	0.0511563
501.4	0.0511727
501.6	0.0511891
501.8	0.0512054
502	0.0512217
502.2	0.0512381
502.4	0.0512543
502.6	0.0512706
502.8	0.0512869
503	0.0513031
503.2	0.0513193
503.4	0.0513355
503.6	0.0513517
503.8	0.0513679
504	0.0513841
504.2	0.0514002
504.4	0.0514163
504.6	0.0514324
504.8	0.0514485
505	0.0514646
505.2	0.0514806
505.4	0.0514967
505.6	0.0515127
505.8	0.0515287
506	0.0515447
506.2	0.0515606
506.4	0.0515766
506.6	0.0515925
506.8	0.0516084
507	0.0516243
507.2	0.0516402
507.4	0.0516561
507.6	0.0516719
507.8	0.0516877
508	0.0517036
508.2	0.0517194
508.4	0.0517351
508.6	0.0517509
508.8	0.0517666
509	0.0517824
509.2	0.0517981
509.4	0.0518138
509.6	0.0518295
509.8	0.0518451
510	0.0518608
510.2	0.0518764
510.4	0.051892
510.6	0.0519076
510.8	0.0519232
511	0.0519388
511.2	0.0519543
511.4	0.0519698
511.6	0.0519854
511.8	0.0520009
512	0.0520163
512.2	0.0520318
512.4	0.0520472
512.6	0.0520627
512.8	0.0520781
513	0.0520935
513.2	0.0521089
513.4	0.0521242
513.6	0.0521396
513.8	0.0521549
514	0.0521702
514.2	0.0521855
514.4	0.0522008
514.6	0.0522161
514.8	0.0522313
515	0.0522466
515.2	0.0522618
515.4	0.052277
515.6	0.0522922
515.8	0.0523074
516	0.0523225
516.2	0.0523377
516.4	0.0523528
516.6	0.0523679
516.8	0.052383
517	0.052398
517.2	0.0524131
517.4	0.0524281
517.6	0.0524432
517.8	0.0524582
518	0.0524732
518.2	0.0524881
518.4	0.0525031
518.6	0.0525181
518.8	0.052533
519	0.0525479
519.2	0.0525628
519.4	0.0525777
519.6	0.0525925
519.8	0.0526074
520	0.0526222
520.2	0.0526371
520.4	0.0526519
520.6	0.0526666
520.8	0.0526814
521	0.0526962
521.2	0.0527109
521.4	0.0527256
521.6	0.0527404
521.8	0.052755
522	0.0527697
522.2	0.0527844
522.4	0.052799
522.6	0.0528137
522.8	0.0528283
523	0.0528429
523.2	0.0528575
523.4	0.052872
523.6	0.0528866
523.8	0.0529011
524	0.0529156
524.2	0.0529301
524.4	0.0529446
524.6	0.0529591
524.8	0.0529736
525	0.052988
525.2	0.0530024
525.4	0.0530169
525.6	0.0530313
525.8	0.0530456
526	0.05306
526.2	0.0530744
526.4	0.0530887
526.6	0.053103
526.8	0.0531173
527	0.0531316
527.2	0.0531459
527.4	0.0531602
527.6	0.0531744
527.8	0.0531886
528	0.0532029
528.2	0.0532171
528.4	0.0532312
528.6	0.0532454
528.8	0.0532596
529	0.0532737
529.2	0.0532878
529.4	0.0533019
529.6	0.053316
529.8	0.0533301
530	0.0533442
530.2	0.0533582
530.4	0.0533723
530.6	0.0533863
530.8	0.0534003
531	0.0534143
531.2	0.0534283
531.4	0.0534422
531.6	0.0534562
531.8	0.0534701
532	0.053484
532.2	0.0534979
532.4	0.0535118
532.6	0.0535257
532.8	0.0535395
533	0.0535534
533.2	0.0535672
533.4	0.053581
533.6	0.0535948
533.8	0.0536086
534	0.0536223
534.2	0.0536361
534.4	0.0536498
534.6	0.0536636
534.8	0.0536773
535	0.053691
535.2	0.0537046
535.4	0.0537183
535.6	0.053732
535.8	0.0537456
536	0.0537592
536.2	0.0537728
536.4	0.0537864
536.6	0.0538
536.8	0.0538136
537	0.0538271
537.2	0.0538406
537.4	0.0538542
537.6	0.0538677
537.8	0.0538812
538	0.0538946
538.2	0.0539081
538.4	0.0539216
538.6	0.053935
538.8	0.0539484
539	0.0539618
539.2	0.0539752
539.4	0.0539886
539.6	0.0540019
539.8	0.0540153
540	0.0540286
540.2	0.0540419
540.4	0.0540553
540.6	0.0540685
540.8	0.0540818
541	0.0540951
541.2	0.0541083
541.4	0.0541216
541.6	0.0541348
541.8	0.054148
542	0.0541612
542.2	0.0541744
542.4	0.0541875
542.6	0.0542007
542.8	0.0542138
543	0.0542269
543.2	0.05424
543.4	0.0542531
543.6	0.0542662
543.8	0.0542793
544	0.0542923
544.2	0.0543054
544.4	0.0543184
544.6	0.0543314
544.8	0.0543444
545	0.0543574
545.2	0.0543704
545.4	0.0543833
545.6	0.0543963
545.8	0.0544092
546	0.0544221
546.2	0.054435
546.4	0.0544479
546.6	0.0544608
546.8	0.0544736
547	0.0544865
547.2	0.0544993
547.4	0.0545121
547.6	0.0545249
547.8	0.0545377
548	0.0545505
548.2	0.0545633
548.4	0.054576
548.6	0.0545887
548.8	0.0546015
549	0.0546142
549.2	0.0546269
549.4	0.0546395
549.6	0.0546522
549.8	0.0546649
550	0.0546775
550.2	0.0546901
550.4	0.0547027
550.6	0.0547153
550.8	0.0547279
551	0.0547405
551.2	0.0547531
551.4	0.0547656
551.6	0.0547781
551.8	0.0547907
552	0.0548032
552.2	0.0548157
552.4	0.0548281
552.6	0.0548406
552.8	0.0548531
553	0.0548655
553.2	0.0548779
553.4	0.0548903
553.6	0.0549027
553.8	0.0549151
554	0.0549275
554.2	0.0549399
554.4	0.0549522
554.6	0.0549645
554.8	0.0549769
555	0.0549892
555.2	0.0550015
555.4	0.0550138
555.6	0.055026
555.8	0.0550383
556	0.0550505
556.2	0.0550627
556.4	0.055075
556.6	0.0550872
556.8	0.0550994
557	0.0551115
557.2	0.0551237
557.4	0.0551358
557.6	0.055148
557.8	0.0551601
558	0.0551722
558.2	0.0551843
558.4	0.0551964
558.6	0.0552085
558.8	0.0552205
559	0.0552326
559.2	0.0552446
559.4	0.0552566
559.6	0.0552687
559.8	0.0552807
560	0.0552926
560.2	0.0553046
560.4	0.0553166
560.6	0.0553285
560.8	0.0553404
561	0.0553524
561.2	0.0553643
561.4	0.0553762
561.6	0.055388
561.8	0.0553999
562	0.0554118
562.2	0.0554236
562.4	0.0554354
562.6	0.0554473
562.8	0.0554591
563	0.0554709
563.2	0.0554826
563.4	0.0554944
563.6	0.0555062
563.8	0.0555179
564	0.0555296
564.2	0.0555413
564.4	0.055553
564.6	0.0555647
564.8	0.0555764
565	0.0555881
565.2	0.0555997
565.4	0.0556114
565.6	0.055623
565.8	0.0556346
566	0.0556462
566.2	0.0556578
566.4	0.0556694
566.6	0.055681
566.8	0.0556925
567	0.0557041
567.2	0.0557156
567.4	0.0557271
567.6	0.0557386
567.8	0.0557501
568	0.0557616
568.2	0.0557731
568.4	0.0557845
568.6	0.055796
568.8	0.0558074
569	0.0558188
569.2	0.0558302
569.4	0.0558416
569.6	0.055853
569.8	0.0558644
570	0.0558758
570.2	0.0558871
570.4	0.0558984
570.6	0.0559098
570.8	0.0559211
571	0.0559324
571.2	0.0559437
571.4	0.0559549
571.6	0.0559662
571.8	0.0559774
572	0.0559887
572.2	0.0559999
572.4	0.0560111
572.6	0.0560223
572.8	0.0560335
573	0.0560447
573.2	0.0560559
573.4	0.056067
573.6	0.0560782
573.8	0.0560893
574	0.0561004
574.2	0.0561115
574.4	0.0561226
574.6	0.0561337
574.8	0.0561448
575	0.0561558
575.2	0.0561669
575.4	0.0561779
575.6	0.0561889
575.8	0.0561999
576	0.0562109
576.2	0.0562219
576.4	0.0562329
576.6	0.0562439
576.8	0.0562548
577	0.0562658
577.2	0.0562767
577.4	0.0562876
577.6	0.0562985
577.8	0.0563094
578	0.0563203
578.2	0.0563312
578.4	0.056342
578.6	0.0563529
578.8	0.0563637
579	0.0563746
579.2	0.0563854
579.4	0.0563962
579.6	0.056407
579.8	0.0564177
580	0.0564285
580.2	0.0564393
580.4	0.05645
580.6	0.0564607
580.8	0.0564715
581	0.0564822
581.2	0.0564929
581.4	0.0565036
581.6	0.0565142
581.8	0.0565249
582	0.0565356
582.2	0.0565462
582.4	0.0565568
582.6	0.0565674
582.8	0.0565781
583	0.0565886
583.2	0.0565992
583.4	0.0566098
583.6	0.0566204
583.8	0.0566309
584	0.0566415
584.2	0.056652
584.4	0.0566625
584.6	0.056673
584.8	0.0566835
585	0.056694
585.2	0.0567045
585.4	0.0567149
585.6	0.0567254
585.8	0.0567358
586	0.0567462
586.2	0.0567567
586.4	0.0567671
586.6	0.0567775
586.8	0.0567878
587	0.0567982
587.2	0.0568086
587.4	0.0568189
587.6	0.0568293
587.8	0.0568396
588	0.0568499
588.2	0.0568602
588.4	0.0568705
588.6	0.0568808
588.8	0.0568911
589	0.0569013
589.2	0.0569116
589.4	0.0569218
589.6	0.056932
589.8	0.0569423
590	0.0569525
590.2	0.0569627
590.4	0.0569728
590.6	0.056983
590.8	0.0569932
591	0.0570033
591.2	0.0570135
591.4	0.0570236
591.6	0.0570337
591.8	0.0570438
592	0.0570539
592.2	0.057064
592.4	0.0570741
592.6	0.0570842
592.8	0.0570942
593	0.0571043
593.2	0.0571143
593.4	0.0571243
593.6	0.0571343
593.8	0.0571443
594	0.0571543
594.2	0.0571643
594.4	0.0571743
594.6	0.0571842
594.8	0.0571942
595	0.0572041
595.2	0.057214
595.4	0.0572239
595.6	0.0572338
595.8	0.0572437
596	0.0572536
596.2	0.0572635
596.4	0.0572734
596.6	0.0572832
596.8	0.0572931
597	0.0573029
597.2	0.0573127
597.4	0.0573225
597.6	0.0573323
597.8	0.0573421
598	0.0573519
598.2	0.0573616
598.4	0.0573714
598.6	0.0573812
598.8	0.0573909
599	0.0574006
599.2	0.0574103
599.4	0.05742
599.6	0.0574297
599.8	0.0574394
600	0.0574491
600.2	0.0574588
600.4	0.0574684
600.6	0.0574781
600.8	0.0574877
601	0.0574973
601.2	0.0575069
601.4	0.0575165
601.6	0.0575261
601.8	0.0575357
602	0.0575453
602.2	0.0575548
602.4	0.0575644
602.6	0.0575739
602.8	0.0575834
603	0.057593
603.2	0.0576025
603.4	0.057612
603.6	0.0576215
603.8	0.0576309
604	0.0576404
604.2	0.0576499
604.4	0.0576593
604.6	0.0576688
604.8	0.0576782
605	0.0576876
605.2	0.057697
605.4	0.0577064
605.6	0.0577158
605.8	0.0577252
606	0.0577345
606.2	0.0577439
606.4	0.0577533
606.6	0.0577626
606.8	0.0577719
607	0.0577812
607.2	0.0577905
607.4	0.0577998
607.6	0.0578091
607.8	0.0578184
608	0.0578277
608.2	0.0578369
608.4	0.0578462
608.6	0.0578554
608.8	0.0578647
609	0.0578739
609.2	0.0578831
609.4	0.0578923
609.6	0.0579015
609.8	0.0579106
610	0.0579198
610.2	0.057929
610.4	0.0579381
610.6	0.0579473
610.8	0.0579564
611	0.0579655
611.2	0.0579746
611.4	0.0579837
611.6	0.0579928
611.8	0.0580019
612	0.058011
612.2	0.05802
612.4	0.0580291
612.6	0.0580381
612.8	0.0580472
613	0.0580562
613.2	0.0580652
613.4	0.0580742
613.6	0.0580832
613.8	0.0580922
614	0.0581012
614.2	0.0581101
614.4	0.0581191
614.6	0.058128
614.8	0.058137
615	0.0581459
615.2	0.0581548
615.4	0.0581637
615.6	0.0581726
615.8	0.0581815
616	0.0581904
616.2	0.0581992
616.4	0.0582081
616.6	0.058217
616.8	0.0582258
617	0.0582346
617.2	0.0582435
617.4	0.0582523
617.6	0.0582611
617.8	0.0582699
618	0.0582787
618.2	0.0582874
618.4	0.0582962
618.6	0.0583049
618.8	0.0583137
619	0.0583224
619.2	0.0583312
619.4	0.0583399
619.6	0.0583486
619.8	0.0583573
620	0.058366
620.2	0.0583747
620.4	0.0583833
620.6	0.058392
620.8	0.0584006
621	0.0584093
621.2	0.0584179
621.4	0.0584266
621.6	0.0584352
621.8	0.0584438
622	0.0584524
622.2	0.058461
622.4	0.0584695
622.6	0.0584781
622.8	0.0584867
623	0.0584952
623.2	0.0585038
623.4	0.0585123
623.6	0.0585208
623.8	0.0585293
624	0.0585379
624.2	0.0585463
624.4	0.0585548
624.6	0.0585633
624.8	0.0585718
625	0.0585802
625.2	0.0585887
625.4	0.0585971
625.6	0.0586056
625.8	0.058614
626	0.0586224
626.2	0.0586308
626.4	0.0586392
626.6	0.0586476
626.8	0.058656
627	0.0586644
627.2	0.0586727
627.4	0.0586811
627.6	0.0586894
627.8	0.0586977
628	0.0587061
628.2	0.0587144
628.4	0.0587227
628.6	0.058731
628.8	0.0587393
629	0.0587476
629.2	0.0587558
629.4	0.0587641
629.6	0.0587724
629.8	0.0587806
630	0.0587888
630.2	0.0587971
630.4	0.0588053
630.6	0.0588135
630.8	0.0588217
631	0.0588299
631.2	0.0588381
631.4	0.0588463
631.6	0.0588544
631.8	0.0588626
632	0.0588707
632.2	0.0588789
632.4	0.058887
632.6	0.0588951
632.8	0.0589032
633	0.0589113
633.2	0.0589194
633.4	0.0589275
633.6	0.0589356
633.8	0.0589437
634	0.0589517
634.2	0.0589598
634.4	0.0589678
634.6	0.0589759
634.8	0.0589839
635	0.0589919
635.2	0.0589999
635.4	0.0590079
635.6	0.0590159
635.8	0.0590239
636	0.0590319
636.2	0.0590398
636.4	0.0590478
636.6	0.0590558
636.8	0.0590637
637	0.0590716
637.2	0.0590796
637.4	0.0590875
637.6	0.0590954
637.8	0.0591033
638	0.0591112
638.2	0.0591191
638.4	0.0591269
638.6	0.0591348
638.8	0.0591426
639	0.0591505
639.2	0.0591583
639.4	0.0591662
639.6	0.059174
639.8	0.0591818
640	0.0591896
640.2	0.0591974
640.4	0.0592052
640.6	0.059213
640.8	0.0592208
641	0.0592285
641.2	0.0592363
641.4	0.059244
641.6	0.0592518
641.8	0.0592595
642	0.0592672
642.2	0.0592749
642.4	0.0592826
642.6	0.0592903
642.8	0.059298
643	0.0593057
643.2	0.0593134
643.4	0.059321
643.6	0.0593287
643.8	0.0593364
644	0.059344
644.2	0.0593516
644.4	0.0593593
644.6	0.0593669
644.8	0.0593745
645	0.0593821
645.2	0.0593897
645.4	0.0593973
645.6	0.0594048
645.8	0.0594124
646	0.05942
646.2	0.0594275
646.4	0.059435
646.6	0.0594426
646.8	0.0594501
647	0.0594576
647.2	0.0594651
647.4	0.0594726
647.6	0.0594801
647.8	0.0594876
648	0.0594951
648.2	0.0595026
648.4	0.05951
648.6	0.0595175
648.8	0.0595249
649	0.0595324
649.2	0.0595398
649.4	0.0595472
649.6	0.0595546
649.8	0.059562
650	0.0595694
650.2	0.0595768
650.4	0.0595842
650.6	0.0595916
650.8	0.059599
651	0.0596063
651.2	0.0596137
651.4	0.059621
651.6	0.0596283
651.8	0.0596357
652	0.059643
652.2	0.0596503
652.4	0.0596576
652.6	0.0596649
652.8	0.0596722
653	0.0596795
653.2	0.0596867
653.4	0.059694
653.6	0.0597013
653.8	0.0597085
654	0.0597158
654.2	0.059723
654.4	0.0597302
654.6	0.0597374
654.8	0.0597446
655	0.0597518
655.2	0.059759
655.4	0.0597662
655.6	0.0597734
655.8	0.0597806
656	0.0597877
656.2	0.0597949
656.4	0.059802
656.6	0.0598092
656.8	0.0598163
657	0.0598234
657.2	0.0598306
657.4	0.0598377
657.6	0.0598448
657.8	0.0598519
658	0.059859
658.2	0.059866
658.4	0.0598731
658.6	0.0598802
658.8	0.0598872
659	0.0598943
659.2	0.0599013
659.4	0.0599084
659.6	0.0599154
659.8	0.0599224
660	0.0599294
660.2	0.0599364
660.4	0.0599434
660.6	0.0599504
660.8	0.0599574
661	0.0599644
661.2	0.0599713
661.4	0.0599783
661.6	0.0599852
661.8	0.0599922
662	0.0599991
662.2	0.060006
662.4	0.060013
662.6	0.0600199
662.8	0.0600268
663	0.0600337
663.2	0.0600406
663.4	0.0600475
663.6	0.0600543
663.8	0.0600612
664	0.0600681
664.2	0.0600749
664.4	0.0600818
664.6	0.0600886
664.8	0.0600954
665	0.0601023
665.2	0.0601091
665.4	0.0601159
665.6	0.0601227
665.8	0.0601295
666	0.0601363
666.2	0.0601431
666.4	0.0601498
666.6	0.0601566
666.8	0.0601634
667	0.0601701
667.2	0.0601769
667.4	0.0601836
667.6	0.0601903
667.8	0.0601971
668	0.0602038
668.2	0.0602105
668.4	0.0602172
668.6	0.0602239
668.8	0.0602306
669	0.0602373
669.2	0.0602439
669.4	0.0602506
669.6	0.0602573
669.8	0.0602639
670	0.0602706
670.2	0.0602772
670.4	0.0602838
670.6	0.0602904
670.8	0.0602971
671	0.0603037
671.2	0.0603103
671.4	0.0603169
671.6	0.0603235
671.8	0.06033
672	0.0603366
672.2	0.0603432
672.4	0.0603497
672.6	0.0603563
672.8	0.0603628
673	0.0603694
673.2	0.0603759
673.4	0.0603824
673.6	0.0603889
673.8	0.0603955
674	0.060402
674.2	0.0604085
674.4	0.0604149
674.6	0.0604214
674.8	0.0604279
675	0.0604344
675.2	0.0604408
675.4	0.0604473
675.6	0.0604537
675.8	0.0604602
676	0.0604666
676.2	0.060473
676.4	0.0604795
676.6	0.0604859
676.8	0.0604923
677	0.0604987
677.2	0.0605051
677.4	0.0605115
677.6	0.0605178
677.8	0.0605242
678	0.0605306
678.2	0.0605369
678.4	0.0605433
678.6	0.0605496
678.8	0.060556
679	0.0605623
679.2	0.0605686
679.4	0.0605749
679.6	0.0605812
679.8	0.0605875
680	0.0605938
680.2	0.0606001
680.4	0.0606064
680.6	0.0606127
680.8	0.060619
681	0.0606252
681.2	0.0606315
681.4	0.0606377
681.6	0.060644
681.8	0.0606502
682	0.0606564
682.2	0.0606627
682.4	0.0606689
682.6	0.0606751
682.8	0.0606813
683	0.0606875
683.2	0.0606937
683.4	0.0606999
683.6	0.060706
683.8	0.0607122
684	0.0607184
684.2	0.0607245
684.4	0.0607307
684.6	0.0607368
684.8	0.060743
685	0.0607491
685.2	0.0607552
685.4	0.0607613
685.6	0.0607674
685.8	0.0607735
686	0.0607796
686.2	0.0607857
686.4	0.0607918
686.6	0.0607979
686.8	0.060804
687	0.06081
687.2	0.0608161
687.4	0.0608221
687.6	0.0608282
687.8	0.0608342
688	0.0608402
688.2	0.0608463
688.4	0.0608523
688.6	0.0608583
688.8	0.0608643
689	0.0608703
689.2	0.0608763
689.4	0.0608823
689.6	0.0608883
689.8	0.0608942
690	0.0609002
690.2	0.0609062
690.4	0.0609121
690.6	0.0609181
690.8	0.060924
691	0.0609299
691.2	0.0609359
691.4	0.0609418
691.6	0.0609477
691.8	0.0609536
692	0.0609595
692.2	0.0609654
692.4	0.0609713
692.6	0.0609772
692.8	0.0609831
693	0.060989
693.2	0.0609948
693.4	0.0610007
693.6	0.0610065
693.8	0.0610124
694	0.0610182
694.2	0.061024
694.4	0.0610299
694.6	0.0610357
694.8	0.0610415
695	0.0610473
695.2	0.0610531
695.4	0.0610589
695.6	0.0610647
695.8	0.0610705
696	0.0610763
696.2	0.061082
696.4	0.0610878
696.6	0.0610936
696.8	0.0610993
697	0.0611051
697.2	0.0611108
697.4	0.0611165
697.6	0.0611223
697.8	0.061128
698	0.0611337
698.2	0.0611394
698.4	0.0611451
698.6	0.0611508
698.8	0.0611565
699	0.0611622
699.2	0.0611679
699.4	0.0611735
699.6	0.0611792
699.8	0.0611849
700	0.0611905
700.2	0.0611953
700.4	0.061199
700.6	0.0612016
700.8	0.0612031
701	0.0612035
701.2	0.061203
701.4	0.0612014
701.6	0.061199
701.8	0.0611955
702	0.0611912
702.2	0.0611859
702.4	0.0611798
702.6	0.0611729
702.8	0.0611651
703	0.0611565
703.2	0.0611472
703.4	0.061137
703.6	0.0611261
703.8	0.0611145
704	0.0611022
704.2	0.0610891
704.4	0.0610754
704.6	0.061061
704.8	0.061046
705	0.0610303
705.2	0.0610141
705.4	0.0609972
705.6	0.0609797
705.8	0.0609616
706	0.060943
706.2	0.0609238
706.4	0.0609041
706.6	0.0608839
706.8	0.0608632
707	0.0608419
707.2	0.0608202
707.4	0.060798
707.6	0.0607753
707.8	0.0607522
708	0.0607286
708.2	0.0607046
708.4	0.0606802
708.6	0.0606553
708.8	0.0606301
709	0.0606044
709.2	0.0605784
709.4	0.060552
709.6	0.0605252
709.8	0.0604981
710	0.0604706
710.2	0.0604428
710.4	0.0604146
710.6	0.0603861
710.8	0.0603573
711	0.0603282
711.2	0.0602988
711.4	0.0602691
711.6	0.0602391
711.8	0.0602089
712	0.0601783
712.2	0.0601475
712.4	0.0601165
712.6	0.0600851
712.8	0.0600536
713	0.0600218
713.2	0.0599897
713.4	0.0599575
713.6	0.059925
713.8	0.0598923
714	0.0598594
714.2	0.0598262
714.4	0.0597929
714.6	0.0597594
714.8	0.0597257
715	0.0596918
715.2	0.0596577
715.4	0.0596235
715.6	0.0595891
715.8	0.0595545
716	0.0595198
716.2	0.0594849
716.4	0.0594499
716.6	0.0594147
716.8	0.0593793
717	0.0593439
717.2	0.0593083
717.4	0.0592725
717.6	0.0592367
717.8	0.0592007
718	0.0591646
718.2	0.0591284
718.4	0.059092
718.6	0.0590556
718.8	0.0590191
719	0.0589824
719.2	0.0589457
719.4	0.0589088
719.6	0.0588719
719.8	0.0588349
720	0.0587978
720.2	0.0587606
720.4	0.0587233
720.6	0.058686
720.8	0.0586486
721	0.0586111
721.2	0.0585736
721.4	0.0585359
721.6	0.0584982
721.8	0.0584605
722	0.0584227
722.2	0.0583848
722.4	0.0583469
722.6	0.058309
722.8	0.0582709
723	0.0582329
723.2	0.0581948
723.4	0.0581566
723.6	0.0581184
723.8	0.0580802
724	0.0580419
724.2	0.0580036
724.4	0.0579653
724.6	0.0579269
724.8	0.0578885
725	0.0578501
725.2	0.0578117
725.4	0.0577732
725.6	0.0577347
725.8	0.0576962
726	0.0576577
726.2	0.0576191
726.4	0.0575805
726.6	0.057542
726.8	0.0575034
727	0.0574648
727.2	0.0574262
727.4	0.0573875
727.6	0.0573489
727.8	0.0573103
728	0.0572716
728.2	0.057233
728.4	0.0571943
728.6	0.0571557
728.8	0.057117
729	0.0570784
729.2	0.0570397
729.4	0.0570011
729.6	0.0569624
729.8	0.0569238
730	0.0568852
730.2	0.0568465
730.4	0.0568079
730.6	0.0567693
730.8	0.0567307
731	0.0566921
731.2	0.0566536
731.4	0.056615
731.6	0.0565765
731.8	0.0565379
732	0.0564994
732.2	0.0564609
732.4	0.0564225
732.6	0.056384
732.8	0.0563455
733	0.0563071
733.2	0.0562687
733.4	0.0562303
733.6	0.056192
733.8	0.0561536
734	0.0561153
734.2	0.056077
734.4	0.0560388
734.6	0.0560005
734.8	0.0559623
735	0.0559241
735.2	0.0558859
735.4	0.0558478
735.6	0.0558097
735.8	0.0557716
736	0.0557335
736.2	0.0556955
736.4	0.0556575
736.6	0.0556195
736.8	0.0555816
737	0.0555437
737.2	0.0555058
737.4	0.055468
737.6	0.0554301
737.8	0.0553924
738	0.0553546
738.2	0.0553169
738.4	0.0552792
738.6	0.0552416
738.8	0.0552039
739	0.0551664
739.2	0.0551288
739.4	0.0550913
739.6	0.0550538
739.8	0.0550164
740	0.054979
740.2	0.0549416
740.4	0.0549043
740.6	0.054867
740.8	0.0548298
741	0.0547926
741.2	0.0547554
741.4	0.0547183
741.6	0.0546812
741.8	0.0546441
742	0.0546071
742.2	0.0545701
742.4	0.0545331
742.6	0.0544962
742.8	0.0544594
743	0.0544226
743.2	0.0543858
743.4	0.054349
743.6	0.0543123
743.8	0.0542757
744	0.0542391
744.2	0.0542025
744.4	0.0541659
744.6	0.0541294
744.8	0.054093
745	0.0540566
745.2	0.0540202
745.4	0.0539839
745.6	0.0539476
745.8	0.0539114
746	0.0538752
746.2	0.053839
746.4	0.0538029
746.6	0.0537668
746.8	0.0537308
747	0.0536948
747.2	0.0536589
747.4	0.053623
747.6	0.0535871
747.8	0.0535513
748	0.0535155
748.2	0.0534798
748.4	0.0534441
748.6	0.0534085
748.8	0.0533729
749	0.0533373
749.2	0.0533018
749.4	0.0532664
749.6	0.053231
749.8	0.0531956
750	0.0531603
750.2	0.053125
750.4	0.0530898
750.6	0.0530546
750.8	0.0530194
751	0.0529843
751.2	0.0529492
751.4	0.0529142
751.6	0.0528793
751.8	0.0528443
752	0.0528095
752.2	0.0527746
752.4	0.0527398
752.6	0.0527051
752.8	0.0526704
753	0.0526357
753.2	0.0526011
753.4	0.0525666
753.6	0.0525321
753.8	0.0524976
754	0.0524631
754.2	0.0524288
754.4	0.0523944
754.6	0.0523601
754.8	0.0523259
755	0.0522917
755.2	0.0522575
755.4	0.0522234
755.6	0.0521893
755.8	0.0521553
756	0.0521213
756.2	0.0520874
756.4	0.0520535
756.6	0.0520197
756.8	0.0519859
757	0.0519521
757.2	0.0519184
757.4	0.0518848
757.6	0.0518512
757.8	0.0518176
758	0.0517841
758.2	0.0517506
758.4	0.0517172
758.6	0.0516838
758.8	0.0516504
759	0.0516171
759.2	0.0515839
759.4	0.0515507
759.6	0.0515175
759.8	0.0514844
760	0.0514513
760.2	0.0514183
760.4	0.0513853
760.6	0.0513524
760.8	0.0513195
761	0.0512866
761.2	0.0512538
761.4	0.051221
761.6	0.0511883
761.8	0.0511557
762	0.051123
762.2	0.0510905
762.4	0.0510579
762.6	0.0510254
762.8	0.050993
763	0.0509606
763.2	0.0509282
763.4	0.0508959
763.6	0.0508636
763.8	0.0508314
764	0.0507992
764.2	0.0507671
764.4	0.050735
764.6	0.050703
764.8	0.050671
765	0.050639
765.2	0.0506071
765.4	0.0505752
765.6	0.0505434
765.8	0.0505116
766	0.0504799
766.2	0.0504482
766.4	0.0504165
766.6	0.0503849
766.8	0.0503534
767	0.0503219
767.2	0.0502904
767.4	0.050259
767.6	0.0502276
767.8	0.0501962
768	0.0501649
768.2	0.0501337
768.4	0.0501025
768.6	0.0500713
768.8	0.0500402
769	0.0500091
769.2	0.049978
769.4	0.049947
769.6	0.0499161
769.8	0.0498852
770	0.0498543
770.2	0.0498235
770.4	0.0497927
770.6	0.049762
770.8	0.0497313
771	0.0497006
771.2	0.04967
771.4	0.0496395
771.6	0.0496089
771.8	0.0495784
772	0.049548
772.2	0.0495176
772.4	0.0494873
772.6	0.049457
772.8	0.0494267
773	0.0493965
773.2	0.0493663
773.4	0.0493361
773.6	0.049306
773.8	0.049276
774	0.049246
774.2	0.049216
774.4	0.0491861
774.6	0.0491562
774.8	0.0491263
775	0.0490965
775.2	0.0490668
775.4	0.049037
775.6	0.0490074
775.8	0.0489777
776	0.0489481
776.2	0.0489186
776.4	0.0488891
776.6	0.0488596
776.8	0.0488302
777	0.0488008
777.2	0.0487714
777.4	0.0487421
777.6	0.0487129
777.8	0.0486836
778	0.0486544
778.2	0.0486253
778.4	0.0485962
778.6	0.0485671
778.8	0.0485381
779	0.0485091
779.2	0.0484802
779.4	0.0484513
779.6	0.0484225
779.8	0.0483936
780	0.0483649
780.2	0.0483361
780.4	0.0483074
780.6	0.0482788
780.8	0.0482502
781	0.0482216
781.2	0.0481931
781.4	0.0481646
781.6	0.0481361
781.8	0.0481077
782	0.0480793
782.2	0.048051
782.4	0.0480227
782.6	0.0479945
782.8	0.0479662
783	0.0479381
783.2	0.0479099
783.4	0.0478818
783.6	0.0478538
783.8	0.0478258
784	0.0477978
784.2	0.0477699
784.4	0.047742
784.6	0.0477141
784.8	0.0476863
785	0.0476585
785.2	0.0476308
785.4	0.0476031
785.6	0.0475754
785.8	0.0475478
786	0.0475202
786.2	0.0474927
786.4	0.0474651
786.6	0.0474377
786.8	0.0474103
787	0.0473829
787.2	0.0473555
787.4	0.0473282
787.6	0.0473009
787.8	0.0472737
788	0.0472465
788.2	0.0472193
788.4	0.0471922
788.6	0.0471651
788.8	0.0471381
789	0.0471111
789.2	0.0470841
789.4	0.0470572
789.6	0.0470303
789.8	0.0470034
790	0.0469766
790.2	0.0469498
790.4	0.0469231
790.6	0.0468964
790.8	0.0468697
791	0.0468431
791.2	0.0468165
791.4	0.0467899
791.6	0.0467634
791.8	0.046737
792	0.0467105
792.2	0.0466841
792.4	0.0466577
792.6	0.0466314
792.8	0.0466051
793	0.0465789
793.2	0.0465526
793.4	0.0465265
793.6	0.0465003
793.8	0.0464742
794	0.0464481
794.2	0.0464221
794.4	0.0463961
794.6	0.0463701
794.8	0.0463442
795	0.0463183
795.2	0.0462925
795.4	0.0462667
795.6	0.0462409
795.8	0.0462151
796	0.0461894
796.2	0.0461638
796.4	0.0461381
796.6	0.0461125
796.8	0.046087
797	0.0460614
797.2	0.046036
797.4	0.0460105
797.6	0.0459851
797.8	0.0459597
798	0.0459344
798.2	0.0459091
798.4	0.0458838
798.6	0.0458585
798.8	0.0458333
799	0.0458082
799.2	0.045783
799.4	0.0457579
799.6	0.0457329
799.8	0.0457078
800	0.0456829
800.2	0.0456579
800.4	0.045633
800.6	0.0456081
800.8	0.0455832
801	0.0455584
801.2	0.0455336
801.4	0.0455089
801.6	0.0454842
801.8	0.0454595
802	0.0454349
802.2	0.0454103
802.4	0.0453857
802.6	0.0453612
802.8	0.0453366
803	0.0453122
803.2	0.0452877
803.4	0.0452634
803.6	0.045239
803.8	0.0452147
804	0.0451904
804.2	0.0451661
804.4	0.0451419
804.6	0.0451177
804.8	0.0450935
805	0.0450694
805.2	0.0450453
805.4	0.0450212
805.6	0.0449972
805.8	0.0449732
806	0.0449493
806.2	0.0449253
806.4	0.0449014
806.6	0.0448776
806.8	0.0448538
807	0.04483
807.2	0.0448062
807.4	0.0447825
807.6	0.0447588
807.8	0.0447352
808	0.0447115
808.2	0.0446879
808.4	0.0446644
808.6	0.0446409
808.8	0.0446174
809	0.0445939
809.2	0.0445705
809.4	0.0445471
809.6	0.0445238
809.8	0.0445004
810	0.0444771
810.2	0.0444539
810.4	0.0444307
810.6	0.0444075
810.8	0.0443843
811	0.0443612
811.2	0.0443381
811.4	0.044315
811.6	0.044292
811.8	0.044269
812	0.044246
812.2	0.0442231
812.4	0.0442002
812.6	0.0441773
812.8	0.0441545
813	0.0441317
813.2	0.0441089
813.4	0.0440862
813.6	0.0440634
813.8	0.0440408
814	0.0440181
814.2	0.0439955
814.4	0.0439729
814.6	0.0439504
814.8	0.0439279
815	0.0439054
815.2	0.0438829
815.4	0.0438605
815.6	0.0438381
815.8	0.0438157
816	0.0437934
816.2	0.0437711
816.4	0.0437489
816.6	0.0437266
816.8	0.0437044
817	0.0436822
817.2	0.0436601
817.4	0.043638
817.6	0.0436159
817.8	0.0435939
818	0.0435718
818.2	0.0435499
818.4	0.0435279
818.6	0.043506
818.8	0.0434841
819	0.0434622
819.2	0.0434404
819.4	0.0434186
819.6	0.0433968
819.8	0.0433751
820	0.0433534
820.2	0.0433317
820.4	0.04331
820.6	0.0432884
820.8	0.0432668
821	0.0432453
821.2	0.0432237
821.4	0.0432023
821.6	0.0431808
821.8	0.0431593
822	0.0431379
822.2	0.0431166
822.4	0.0430952
822.6	0.0430739
822.8	0.0430526
823	0.0430314
823.2	0.0430101
823.4	0.0429889
823.6	0.0429678
823.8	0.0429466
824	0.0429255
824.2	0.0429044
824.4	0.0428834
824.6	0.0428624
824.8	0.0428414
825	0.0428204
825.2	0.0427995
825.4	0.0427786
825.6	0.0427577
825.8	0.0427369
826	0.0427161
826.2	0.0426953
826.4	0.0426745
826.6	0.0426538
826.8	0.0426331
827	0.0426124
827.2	0.0425918
827.4	0.0425712
827.6	0.0425506
827.8	0.04253
828	0.0425095
828.2	0.042489
828.4	0.0424686
828.6	0.0424481
828.8	0.0424277
829	0.0424073
829.2	0.042387
829.4	0.0423667
829.6	0.0423464
829.8	0.0423261
830	0.0423059
830.2	0.0422857
830.4	0.0422655
830.6	0.0422453
830.8	0.0422252
831	0.0422051
831.2	0.042185
831.4	0.042165
831.6	0.042145
831.8	0.042125
832	0.042105
832.2	0.0420851
832.4	0.0420652
832.6	0.0420453
832.8	0.0420255
833	0.0420057
833.2	0.0419859
833.4	0.0419661
833.6	0.0419464
833.8	0.0419267
834	0.041907
834.2	0.0418874
834.4	0.0418677
834.6	0.0418482
834.8	0.0418286
835	0.041809
835.2	0.0417895
835.4	0.04177
835.6	0.0417506
835.8	0.0417312
836	0.0417118
836.2	0.0416924
836.4	0.041673
836.6	0.0416537
836.8	0.0416344
837	0.0416151
837.2	0.0415959
837.4	0.0415767
837.6	0.0415575
837.8	0.0415383
838	0.0415192
838.2	0.0415001
838.4	0.041481
838.6	0.041462
838.8	0.0414429
839	0.0414239
839.2	0.041405
839.4	0.041386
839.6	0.0413671
839.8	0.0413482
840	0.0413293
840.2	0.0413105
840.4	0.0412917
840.6	0.0412729
840.8	0.0412541
841	0.0412354
841.2	0.0412167
841.4	0.041198
841.6	0.0411794
841.8	0.0411607
842	0.0411421
842.2	0.0411235
842.4	0.041105
842.6	0.0410865
842.8	0.041068
843	0.0410495
843.2	0.041031
843.4	0.0410126
843.6	0.0409942
843.8	0.0409758
844	0.0409575
844.2	0.0409392
844.4	0.0409209
844.6	0.0409026
844.8	0.0408844
845	0.0408662
845.2	0.040848
845.4	0.0408298
845.6	0.0408117
845.8	0.0407935
846	0.0407754
846.2	0.0407574
846.4	0.0407393
846.6	0.0407213
846.8	0.0407033
847	0.0406854
847.2	0.0406674
847.4	0.0406495
847.6	0.0406316
847.8	0.0406138
848	0.0405959
848.2	0.0405781
848.4	0.0405603
848.6	0.0405426
848.8	0.0405248
849	0.0405071
849.2	0.0404894
849.4	0.0404717
849.6	0.0404541
849.8	0.0404365
850	0.0404189
850.2	0.0404013
850.4	0.0403838
850.6	0.0403663
850.8	0.0403488
851	0.0403313
851.2	0.0403139
851.4	0.0402964
851.6	0.040279
851.8	0.0402617
852	0.0402443
852.2	0.040227
852.4	0.0402097
852.6	0.0401924
852.8	0.0401752
853	0.040158
853.2	0.0401408
853.4	0.0401236
853.6	0.0401064
853.8	0.0400893
854	0.0400722
854.2	0.0400551
854.4	0.040038
854.6	0.040021
854.8	0.040004
855	0.039987
855.2	0.0399701
855.4	0.0399531
855.6	0.0399362
855.8	0.0399193
856	0.0399024
856.2	0.0398856
856.4	0.0398688
856.6	0.039852
856.8	0.0398352
857	0.0398184
857.2	0.0398017
857.4	0.039785
857.6	0.0397683
857.8	0.0397517
858	0.039735
858.2	0.0397184
858.4	0.0397018
858.6	0.0396853
858.8	0.0396687
859	0.0396522
859.2	0.0396357
859.4	0.0396193
859.6	0.0396028
859.8	0.0395864
860	0.03957
860.2	0.0395536
860.4	0.0395372
860.6	0.0395209
860.8	0.0395046
861	0.0394883
861.2	0.039472
861.4	0.0394558
861.6	0.0394396
861.8	0.0394234
862	0.0394072
862.2	0.039391
862.4	0.0393749
862.6	0.0393588
862.8	0.0393427
863	0.0393267
863.2	0.0393106
863.4	0.0392946
863.6	0.0392786
863.8	0.0392626
864	0.0392467
864.2	0.0392307
864.4	0.0392148
864.6	0.0391989
864.8	0.0391831
865	0.0391672
865.2	0.0391514
865.4	0.0391356
865.6	0.0391199
865.8	0.0391041
866	0.0390884
866.2	0.0390727
866.4	0.039057
866.6	0.0390413
866.8	0.0390257
867	0.0390101
867.2	0.0389945
867.4	0.0389789
867.6	0.0389633
867.8	0.0389478
868	0.0389323
868.2	0.0389168
868.4	0.0389013
868.6	0.0388859
868.8	0.0388704
869	0.038855
869.2	0.0388397
869.4	0.0388243
869.6	0.038809
869.8	0.0387936
870	0.0387783
870.2	0.0387631
870.4	0.0387478
870.6	0.0387326
870.8	0.0387174
871	0.0387022
871.2	0.038687
871.4	0.0386719
871.6	0.0386567
871.8	0.0386416
872	0.0386265
872.2	0.0386115
872.4	0.0385964
872.6	0.0385814
872.8	0.0385664
873	0.0385514
873.2	0.0385365
873.4	0.0385215
873.6	0.0385066
873.8	0.0384917
874	0.0384768
874.2	0.038462
874.4	0.0384471
874.6	0.0384323
874.8	0.0384175
875	0.0384028
875.2	0.038388
875.4	0.0383733
875.6	0.0383586
875.8	0.0383439
876	0.0383292
876.2	0.0383146
876.4	0.0382999
876.6	0.0382853
876.8	0.0382707
877	0.0382562
877.2	0.0382416
877.4	0.0382271
877.6	0.0382126
877.8	0.0381981
878	0.0381836
878.2	0.0381692
878.4	0.0381548
878.6	0.0381404
878.8	0.038126
879	0.0381116
879.2	0.0380973
879.4	0.0380829
879.6	0.0380686
879.8	0.0380543
880	0.0380401
880.2	0.0380258
880.4	0.0380116
880.6	0.0379974
880.8	0.0379832
881	0.037969
881.2	0.0379549
881.4	0.0379408
881.6	0.0379267
881.8	0.0379126
882	0.0378985
882.2	0.0378844
882.4	0.0378704
882.6	0.0378564
882.8	0.0378424
883	0.0378284
883.2	0.0378145
883.4	0.0378006
883.6	0.0377866
883.8	0.0377728
884	0.0377589
884.2	0.037745
884.4	0.0377312
884.6	0.0377174
884.8	0.0377036
885	0.0376898
885.2	0.037676
885.4	0.0376623
885.6	0.0376486
885.8	0.0376349
886	0.0376212
886.2	0.0376075
886.4	0.0375939
886.6	0.0375803
886.8	0.0375667
887	0.0375531
887.2	0.0375395
887.4	0.0375259
887.6	0.0375124
887.8	0.0374989
888	0.0374854
888.2	0.0374719
888.4	0.0374585
888.6	0.037445
888.8	0.0374316
889	0.0374182
889.2	0.0374048
889.4	0.0373915
889.6	0.0373781
889.8	0.0373648
890	0.0373515
890.2	0.0373382
890.4	0.037325
890.6	0.0373117
890.8	0.0372985
891	0.0372853
891.2	0.0372721
891.4	0.0372589
891.6	0.0372457
891.8	0.0372326
892	0.0372195
892.2	0.0372064
892.4	0.0371933
892.6	0.0371802
892.8	0.0371672
893	0.0371541
893.2	0.0371411
893.4	0.0371281
893.6	0.0371151
893.8	0.0371022
894	0.0370892
894.2	0.0370763
894.4	0.0370634
894.6	0.0370505
894.8	0.0370376
895	0.0370248
895.2	0.037012
895.4	0.0369991
895.6	0.0369864
895.8	0.0369736
896	0.0369608
896.2	0.0369481
896.4	0.0369353
896.6	0.0369226
896.8	0.0369099
897	0.0368973
897.2	0.0368846
897.4	0.036872
897.6	0.0368593
897.8	0.0368467
898	0.0368342
898.2	0.0368216
898.4	0.036809
898.6	0.0367965
898.8	0.036784
899	0.0367715
899.2	0.036759
899.4	0.0367465
899.6	0.0367341
899.8	0.0367217
900	0.0367093
900.2	0.0366969
900.4	0.0366845
900.6	0.0366721
900.8	0.0366598
901	0.0366475
901.2	0.0366351
901.4	0.0366229
901.6	0.0366106
901.8	0.0365983
902	0.0365861
902.2	0.0365739
902.4	0.0365617
902.6	0.0365495
902.8	0.0365373
903	0.0365251
903.2	0.036513
903.4	0.0365009
903.6	0.0364888
903.8	0.0364767
904	0.0364646
904.2	0.0364526
904.4	0.0364405
904.6	0.0364285
904.8	0.0364165
905	0.0364045
905.2	0.0363925
905.4	0.0363806
905.6	0.0363686
905.8	0.0363567
906	0.0363448
906.2	0.0363329
906.4	0.0363211
906.6	0.0363092
906.8	0.0362974
907	0.0362855
907.2	0.0362737
907.4	0.0362619
907.6	0.0362502
907.8	0.0362384
908	0.0362267
908.2	0.036215
908.4	0.0362032
908.6	0.0361916
908.8	0.0361799
909	0.0361682
909.2	0.0361566
909.4	0.0361449
909.6	0.0361333
909.8	0.0361217
910	0.0361102
910.2	0.0360986
910.4	0.0360871
910.6	0.0360755
910.8	0.036064
911	0.0360525
911.2	0.036041
911.4	0.0360296
911.6	0.0360181
911.8	0.0360067
912	0.0359953
912.2	0.0359839
912.4	0.0359725
912.6	0.0359611
912.8	0.0359497
913	0.0359384
913.2	0.0359271
913.4	0.0359158
913.6	0.0359045
913.8	0.0358932
914	0.0358819
914.2	0.0358707
914.4	0.0358595
914.6	0.0358483
914.8	0.0358371
915	0.0358259
915.2	0.0358147
915.4	0.0358036
915.6	0.0357924
915.8	0.0357813
916	0.0357702
916.2	0.0357591
916.4	0.035748
916.6	0.035737
916.8	0.0357259
917	0.0357149
917.2	0.0357039
917.4	0.0356929
917.6	0.0356819
917.8	0.0356709
918	0.03566
918.2	0.035649
918.4	0.0356381
918.6	0.0356272
918.8	0.0356163
919	0.0356054
919.2	0.0355946
919.4	0.0355837
919.6	0.0355729
919.8	0.0355621
920	0.0355513
920.2	0.0355405
920.4	0.0355297
920.6	0.035519
920.8	0.0355082
921	0.0354975
921.2	0.0354868
921.4	0.0354761
921.6	0.0354654
921.8	0.0354548
922	0.0354441
922.2	0.0354335
922.4	0.0354228
922.6	0.0354122
922.8	0.0354016
923	0.0353911
923.2	0.0353805
923.4	0.0353699
923.6	0.0353594
923.8	0.0353489
924	0.0353384
924.2	0.0353279
924.4	0.0353174
924.6	0.035307
924.8	0.0352965
925	0.0352861
925.2	0.0352757
925.4	0.0352653
925.6	0.0352549
925.8	0.0352445
926	0.0352341
926.2	0.0352238
926.4	0.0352134
926.6	0.0352031
926.8	0.0351928
927	0.0351825
927.2	0.0351723
927.4	0.035162
927.6	0.0351518
927.8	0.0351415
928	0.0351313
928.2	0.0351211
928.4	0.0351109
928.6	0.0351007
928.8	0.0350906
929	0.0350804
929.2	0.0350703
929.4	0.0350602
929.6	0.0350501
929.8	0.03504
930	0.0350299
930.2	0.0350198
930.4	0.0350098
930.6	0.0349998
930.8	0.0349897
931	0.0349797
931.2	0.0349697
931.4	0.0349598
931.6	0.0349498
931.8	0.0349398
932	0.0349299
932.2	0.03492
932.4	0.0349101
932.6	0.0349002
932.8	0.0348903
933	0.0348804
933.2	0.0348706
933.4	0.0348607
933.6	0.0348509
933.8	0.0348411
934	0.0348313
934.2	0.0348215
934.4	0.0348117
934.6	0.0348019
934.8	0.0347922
935	0.0347825
935.2	0.0347727
935.4	0.034763
935.6	0.0347533
935.8	0.0347437
936	0.034734
936.2	0.0347243
936.4	0.0347147
936.6	0.0347051
936.8	0.0346955
937	0.0346859
937.2	0.0346763
937.4	0.0346667
937.6	0.0346571
937.8	0.0346476
938	0.0346381
938.2	0.0346285
938.4	0.034619
938.6	0.0346095
938.8	0.0346001
939	0.0345906
939.2	0.0345811
939.4	0.0345717
939.6	0.0345623
939.8	0.0345529
940	0.0345435
940.2	0.0345341
940.4	0.0345247
940.6	0.0345153
940.8	0.034506
941	0.0344966
941.2	0.0344873
941.4	0.034478
941.6	0.0344687
941.8	0.0344594
942	0.0344502
942.2	0.0344409
942.4	0.0344316
942.6	0.0344224
942.8	0.0344132
943	0.034404
943.2	0.0343948
943.4	0.0343856
943.6	0.0343764
943.8	0.0343673
944	0.0343581
944.2	0.034349
944.4	0.0343399
944.6	0.0343308
944.8	0.0343217
945	0.0343126
945.2	0.0343035
945.4	0.0342945
945.6	0.0342854
945.8	0.0342764
946	0.0342674
946.2	0.0342584
946.4	0.0342494
946.6	0.0342404
946.8	0.0342314
947	0.0342225
947.2	0.0342135
947.4	0.0342046
947.6	0.0341957
947.8	0.0341868
948	0.0341779
948.2	0.034169
948.4	0.0341601
948.6	0.0341513
948.8	0.0341424
949	0.0341336
949.2	0.0341248
949.4	0.0341159
949.6	0.0341071
949.8	0.0340984
950	0.0340896
950.2	0.0340808
950.4	0.0340721
950.6	0.0340633
950.8	0.0340546
951	0.0340459
951.2	0.0340372
951.4	0.0340285
951.6	0.0340198
951.8	0.0340112
952	0.0340025
952.2	0.0339939
952.4	0.0339853
952.6	0.0339766
952.8	0.033968
953	0.0339595
953.2	0.0339509
953.4	0.0339423
953.6	0.0339337
953.8	0.0339252
954	0.0339167
954.2	0.0339081
954.4	0.0338996
954.6	0.0338911
954.8	0.0338827
955	0.0338742
955.2	0.0338657
955.4	0.0338573
955.6	0.0338488
955.8	0.0338404
956	0.033832
956.2	0.0338236
956.4	0.0338152
956.6	0.0338068
956.8	0.0337984
957	0.0337901
957.2	0.0337817
957.4	0.0337734
957.6	0.0337651
957.8	0.0337568
958	0.0337485
958.2	0.0337402
958.4	0.0337319
958.6	0.0337236
958.8	0.0337154
959	0.0337071
959.2	0.0336989
959.4	0.0336907
959.6	0.0336825
959.8	0.0336743
960	0.0336661
960.2	0.0336579
960.4	0.0336498
960.6	0.0336416
960.8	0.0336335
961	0.0336253
961.2	0.0336172
961.4	0.0336091
961.6	0.033601
961.8	0.0335929
962	0.0335849
962.2	0.0335768
962.4	0.0335688
962.6	0.0335607
962.8	0.0335527
963	0.0335447
963.2	0.0335367
963.4	0.0335287
963.6	0.0335207
963.8	0.0335127
964	0.0335048
964.2	0.0334968
964.4	0.0334889
964.6	0.0334809
964.8	0.033473
965	0.0334651
965.2	0.0334572
965.4	0.0334493
965.6	0.0334415
965.8	0.0334336
966	0.0334257
966.2	0.0334179
966.4	0.0334101
966.6	0.0334022
966.8	0.0333944
967	0.0333866
967.2	0.0333788
967.4	0.0333711
967.6	0.0333633
967.8	0.0333555
968	0.0333478
968.2	0.0333401
968.4	0.0333323
968.6	0.0333246
968.8	0.0333169
969	0.0333092
969.2	0.0333016
969.4	0.0332939
969.6	0.0332862
969.8	0.0332786
970	0.0332709
970.2	0.0332633
970.4	0.0332557
970.6	0.0332481
970.8	0.0332405
971	0.0332329
971.2	0.0332253
971.4	0.0332178
971.6	0.0332102
971.8	0.0332027
972	0.0331951
972.2	0.0331876
972.4	0.0331801
972.6	0.0331726
972.8	0.0331651
973	0.0331576
973.2	0.0331502
973.4	0.0331427
973.6	0.0331352
973.8	0.0331278
974	0.0331204
974.2	0.033113
974.4	0.0331055
974.6	0.0330981
974.8	0.0330908
975	0.0330834
975.2	0.033076
975.4	0.0330686
975.6	0.0330613
975.8	0.033054
976	0.0330466
976.2	0.0330393
976.4	0.033032
976.6	0.0330247
976.8	0.0330174
977	0.0330102
977.2	0.0330029
977.4	0.0329956
977.6	0.0329884
977.8	0.0329811
978	0.0329739
978.2	0.0329667
978.4	0.0329595
978.6	0.0329523
978.8	0.0329451
979	0.0329379
979.2	0.0329308
979.4	0.0329236
979.6	0.0329165
979.8	0.0329093
980	0.0329022
980.2	0.0328951
980.4	0.032888
980.6	0.0328809
980.8	0.0328738
981	0.0328667
981.2	0.0328596
981.4	0.0328526
981.6	0.0328455
981.8	0.0328385
982	0.0328314
982.2	0.0328244
982.4	0.0328174
982.6	0.0328104
982.8	0.0328034
983	0.0327964
983.2	0.0327895
983.4	0.0327825
983.6	0.0327756
983.8	0.0327686
984	0.0327617
984.2	0.0327548
984.4	0.0327478
984.6	0.0327409
984.8	0.032734
985	0.0327272
985.2	0.0327203
985.4	0.0327134
985.6	0.0327066
985.8	0.0326997
986	0.0326929
986.2	0.032686
986.4	0.0326792
986.6	0.0326724
986.8	0.0326656
987	0.0326588
987.2	0.032652
987.4	0.0326453
987.6	0.0326385
987.8	0.0326317
988	0.032625
988.2	0.0326183
988.4	0.0326115
988.6	0.0326048
988.8	0.0325981
989	0.0325914
989.2	0.0325847
989.4	0.0325781
989.6	0.0325714
989.8	0.0325647
990	0.0325581
990.2	0.0325514
990.4	0.0325448
990.6	0.0325382
990.8	0.0325316
991	0.0325249
991.2	0.0325183
991.4	0.0325118
991.6	0.0325052
991.8	0.0324986
992	0.0324921
992.2	0.0324855
992.4	0.032479
992.6	0.0324724
992.8	0.0324659
993	0.0324594
993.2	0.0324529
993.4	0.0324464
993.6	0.0324399
993.8	0.0324334
994	0.0324269
994.2	0.0324205
994.4	0.032414
994.6	0.0324076
994.8	0.0324012
995	0.0323947
995.2	0.0323883
995.4	0.0323819
995.6	0.0323755
995.8	0.0323691
996	0.0323627
996.2	0.0323564
996.4	0.03235
996.6	0.0323436
996.8	0.0323373
997	0.032331
997.2	0.0323246
997.4	0.0323183
997.6	0.032312
997.8	0.0323057
998	0.0322994
998.2	0.0322931
998.4	0.0322868
998.6	0.0322806
998.8	0.0322743
999	0.0322681
999.2	0.0322618
999.4	0.0322556
999.6	0.0322494
999.8	0.0322431
1000	0.0322369
