label:PY[0].soma.v(0.5)
5001
0	-70
0.2	-70
0.4	-70
0.6	-70.0001
0.8	-70.0001
1	-70.0002
1.2	-70.0002
1.4	-70.0003
1.6	-70.0004
1.8	-70.0006
2	-70.0007
2.2	-70.0008
2.4	-70.001
2.6	-70.0012
2.8	-70.0013
3	-70.0015
3.2	-70.0017
3.4	-70.0019
3.6	-70.0022
3.8	-70.0024
4	-70.0026
4.2	-70.0029
4.4	-70.0032
4.6	-70.0034
4.8	-70.0037
5	-70.004
5.2	-70.0043
5.4	-70.0046
5.6	-70.0049
5.8	-70.0053
6	-70.0056
6.2	-70.006
6.4	-70.0063
6.6	-70.0067
6.8	-70.007
7	-70.0074
7.2	-70.0078
7.4	-70.0082
7.6	-70.0086
7.8	-70.009
8	-70.0094
8.2	-70.0098
8.4	-70.0102
8.6	-70.0107
8.8	-70.0111
9	-70.0115
9.2	-70.012
9.4	-70.0124
9.6	-70.0129
9.8	-70.0134
10	-70.0138
10.2	-70.0143
10.4	-70.0148
10.6	-70.0153
10.8	-70.0158
11	-70.0163
11.2	-70.0167
11.4	-70.0173
11.6	-70.0178
11.8	-70.0183
12	-70.0188
12.2	-70.0193
12.4	-70.0198
12.6	-70.0204
12.8	-70.0209
13	-70.0214
13.2	-70.022
13.4	-70.0225
13.6	-70.023
13.8	-70.0236
14	-70.0241
14.2	-70.0247
14.4	-70.0253
14.6	-70.0258
14.8	-70.0264
15	-70.0269
15.2	-70.0275
15.4	-70.0281
15.6	-70.0287
15.8	-70.0292
16	-70.0298
16.2	-70.0304
16.4	-70.031
16.6	-70.0316
16.8	-70.0322
17	-70.0327
17.2	-70.0333
17.4	-70.0339
17.6	-70.0345
17.8	-70.0351
18	-70.0357
18.2	-70.0363
18.4	-70.0369
18.6	-70.0375
18.8	-70.0381
19	-70.0388
19.2	-70.0394
19.4	-70.04
19.6	-70.0406
19.8	-70.0412
20	-70.0418
20.2	-70.0424
20.4	-70.0431
20.6	-70.0437
20.8	-70.0443
21	-70.0449
21.2	-70.0455
21.4	-70.0462
21.6	-70.0468
21.8	-70.0474
22	-70.048
22.2	-70.0487
22.4	-70.0493
22.6	-70.0499
22.8	-70.0506
23	-70.0512
23.2	-70.0518
23.4	-70.0525
23.6	-70.0531
23.8	-70.0537
24	-70.0544
24.2	-70.055
24.4	-70.0556
24.6	-70.0563
24.8	-70.0569
25	-70.0576
25.2	-70.0582
25.4	-70.0588
25.6	-70.0595
25.8	-70.0601
26	-70.0607
26.2	-70.0614
26.4	-70.062
26.6	-70.0627
26.8	-70.0633
27	-70.0639
27.2	-70.0646
27.4	-70.0652
27.6	-70.0659
27.8	-70.0665
28	-70.0672
28.2	-70.0678
28.4	-70.0684
28.6	-70.0691
28.8	-70.0697
29	-70.0704
29.2	-70.071
29.4	-70.0716
29.6	-70.0723
29.8	-70.0729
30	-70.0736
30.2	-70.0742
30.4	-70.0749
30.6	-70.0755
30.8	-70.0761
31	-70.0768
31.2	-70.0774
31.4	-70.0781
31.6	-70.0787
31.8	-70.0793
32	-70.08
32.2	-70.0806
32.4	-70.0813
32.6	-70.0819
32.8	-70.0825
33	-70.0832
33.2	-70.0838
33.4	-70.0844
33.6	-70.0851
33.8	-70.0857
34	-70.0864
34.2	-70.087
34.4	-70.0876
34.6	-70.0883
34.8	-70.0889
35	-70.0895
35.2	-70.0902
35.4	-70.0908
35.6	-70.0914
35.8	-70.0921
36	-70.0927
36.2	-70.0933
36.4	-70.094
36.6	-70.0946
36.8	-70.0952
37	-70.0959
37.2	-70.0965
37.4	-70.0971
37.6	-70.0978
37.8	-70.0984
38	-70.099
38.2	-70.0997
38.4	-70.1003
38.6	-70.1009
38.8	-70.1015
39	-70.1022
39.2	-70.1028
39.4	-70.1034
39.6	-70.104
39.8	-70.1047
40	-70.1053
40.2	-70.1059
40.4	-70.1065
40.6	-70.1072
40.8	-70.1078
41	-70.1084
41.2	-70.109
41.4	-70.1096
41.6	-70.1103
41.8	-70.1109
42	-70.1115
42.2	-70.1121
42.4	-70.1127
42.6	-70.1133
42.8	-70.114
43	-70.1146
43.2	-70.1152
43.4	-70.1158
43.6	-70.1164
43.8	-70.117
44	-70.1176
44.2	-70.1182
44.4	-70.1189
44.6	-70.1195
44.8	-70.1201
45	-70.1207
45.2	-70.1213
45.4	-70.1219
45.6	-70.1225
45.8	-70.1231
46	-70.1237
46.2	-70.1243
46.4	-70.1249
46.6	-70.1255
46.8	-70.1261
47	-70.1267
47.2	-70.1273
47.4	-70.1279
47.6	-70.1285
47.8	-70.1291
48	-70.1297
48.2	-70.1303
48.4	-70.1309
48.6	-70.1315
48.8	-70.1321
49	-70.1327
49.2	-70.1333
49.4	-70.1339
49.6	-70.1345
49.8	-70.1351
50	-70.1357
50.2	-70.1363
50.4	-70.1369
50.6	-70.1374
50.8	-70.138
51	-70.1386
51.2	-70.1392
51.4	-70.1398
51.6	-70.1404
51.8	-70.141
52	-70.1415
52.2	-70.1421
52.4	-70.1427
52.6	-70.1433
52.8	-70.1439
53	-70.1445
53.2	-70.145
53.4	-70.1456
53.6	-70.1462
53.8	-70.1468
54	-70.1474
54.2	-70.1479
54.4	-70.1485
54.6	-70.1491
54.8	-70.1497
55	-70.1502
55.2	-70.1508
55.4	-70.1514
55.6	-70.1519
55.8	-70.1525
56	-70.1531
56.2	-70.1537
56.4	-70.1542
56.6	-70.1548
56.8	-70.1554
57	-70.1559
57.2	-70.1565
57.4	-70.1571
57.6	-70.1576
57.8	-70.1582
58	-70.1587
58.2	-70.1593
58.4	-70.1599
58.6	-70.1604
58.8	-70.161
59	-70.1616
59.2	-70.1621
59.4	-70.1627
59.6	-70.1632
59.8	-70.1638
60	-70.1643
60.2	-70.1649
60.4	-70.1654
60.6	-70.166
60.8	-70.1665
61	-70.1671
61.2	-70.1677
61.4	-70.1682
61.6	-70.1688
61.8	-70.1693
62	-70.1699
62.2	-70.1704
62.4	-70.1709
62.6	-70.1715
62.8	-70.172
63	-70.1726
63.2	-70.1731
63.4	-70.1737
63.6	-70.1742
63.8	-70.1748
64	-70.1753
64.2	-70.1758
64.4	-70.1764
64.6	-70.1769
64.8	-70.1775
65	-70.178
65.2	-70.1785
65.4	-70.1791
65.6	-70.1796
65.8	-70.1801
66	-70.1807
66.2	-70.1812
66.4	-70.1817
66.6	-70.1823
66.8	-70.1828
67	-70.1833
67.2	-70.1839
67.4	-70.1844
67.6	-70.1849
67.8	-70.1854
68	-70.186
68.2	-70.1865
68.4	-70.187
68.6	-70.1876
68.8	-70.1881
69	-70.1886
69.2	-70.1891
69.4	-70.1896
69.6	-70.1902
69.8	-70.1907
70	-70.1912
70.2	-70.1917
70.4	-70.1922
70.6	-70.1928
70.8	-70.1933
71	-70.1938
71.2	-70.1943
71.4	-70.1948
71.6	-70.1953
71.8	-70.1959
72	-70.1964
72.2	-70.1969
72.4	-70.1974
72.6	-70.1979
72.8	-70.1984
73	-70.1989
73.2	-70.1994
73.4	-70.1999
73.6	-70.2005
73.8	-70.201
74	-70.2015
74.2	-70.202
74.4	-70.2025
74.6	-70.203
74.8	-70.2035
75	-70.204
75.2	-70.2045
75.4	-70.205
75.6	-70.2055
75.8	-70.206
76	-70.2065
76.2	-70.207
76.4	-70.2075
76.6	-70.208
76.8	-70.2085
77	-70.209
77.2	-70.2095
77.4	-70.21
77.6	-70.2105
77.8	-70.211
78	-70.2114
78.2	-70.2119
78.4	-70.2124
78.6	-70.2129
78.8	-70.2134
79	-70.2139
79.2	-70.2144
79.4	-70.2149
79.6	-70.2154
79.8	-70.2159
80	-70.2163
80.2	-70.2168
80.4	-70.2173
80.6	-70.2178
80.8	-70.2183
81	-70.2188
81.2	-70.2192
81.4	-70.2197
81.6	-70.2202
81.8	-70.2207
82	-70.2212
82.2	-70.2216
82.4	-70.2221
82.6	-70.2226
82.8	-70.2231
83	-70.2236
83.2	-70.224
83.4	-70.2245
83.6	-70.225
83.8	-70.2255
84	-70.2259
84.2	-70.2264
84.4	-70.2269
84.6	-70.2273
84.8	-70.2278
85	-70.2283
85.2	-70.2288
85.4	-70.2292
85.6	-70.2297
85.8	-70.2302
86	-70.2306
86.2	-70.2311
86.4	-70.2316
86.6	-70.232
86.8	-70.2325
87	-70.2329
87.2	-70.2334
87.4	-70.2339
87.6	-70.2343
87.8	-70.2348
88	-70.2353
88.2	-70.2357
88.4	-70.2362
88.6	-70.2366
88.8	-70.2371
89	-70.2375
89.2	-70.238
89.4	-70.2385
89.6	-70.2389
89.8	-70.2394
90	-70.2398
90.2	-70.2403
90.4	-70.2407
90.6	-70.2412
90.8	-70.2416
91	-70.2421
91.2	-70.2425
91.4	-70.243
91.6	-70.2434
91.8	-70.2439
92	-70.2443
92.2	-70.2448
92.4	-70.2452
92.6	-70.2457
92.8	-70.2461
93	-70.2466
93.2	-70.247
93.4	-70.2475
93.6	-70.2479
93.8	-70.2483
94	-70.2488
94.2	-70.2492
94.4	-70.2497
94.6	-70.2501
94.8	-70.2505
95	-70.251
95.2	-70.2514
95.4	-70.2519
95.6	-70.2523
95.8	-70.2527
96	-70.2532
96.2	-70.2536
96.4	-70.254
96.6	-70.2545
96.8	-70.2549
97	-70.2553
97.2	-70.2558
97.4	-70.2562
97.6	-70.2566
97.8	-70.2571
98	-70.2575
98.2	-70.2579
98.4	-70.2584
98.6	-70.2588
98.8	-70.2592
99	-70.2596
99.2	-70.2601
99.4	-70.2605
99.6	-70.2609
99.8	-70.2613
100	-70.2618
100.2	-70.2622
100.4	-70.2626
100.6	-70.263
100.8	-70.2635
101	-70.2639
101.2	-70.2643
101.4	-70.2647
101.6	-70.2651
101.8	-70.2656
102	-70.266
102.2	-70.2664
102.4	-70.2668
102.6	-70.2672
102.8	-70.2676
103	-70.2681
103.2	-70.2685
103.4	-70.2689
103.6	-70.2693
103.8	-70.2697
104	-70.2701
104.2	-70.2705
104.4	-70.271
104.6	-70.2714
104.8	-70.2718
105	-70.2722
105.2	-70.2726
105.4	-70.273
105.6	-70.2734
105.8	-70.2738
106	-70.2742
106.2	-70.2746
106.4	-70.275
106.6	-70.2754
106.8	-70.2759
107	-70.2763
107.2	-70.2767
107.4	-70.2771
107.6	-70.2775
107.8	-70.2779
108	-70.2783
108.2	-70.2787
108.4	-70.2791
108.6	-70.2795
108.8	-70.2799
109	-70.2803
109.2	-70.2807
109.4	-70.2811
109.6	-70.2815
109.8	-70.2819
110	-70.2823
110.2	-70.2827
110.4	-70.2831
110.6	-70.2834
110.8	-70.2838
111	-70.2842
111.2	-70.2846
111.4	-70.285
111.6	-70.2854
111.8	-70.2858
112	-70.2862
112.2	-70.2866
112.4	-70.287
112.6	-70.2874
112.8	-70.2878
113	-70.2881
113.2	-70.2885
113.4	-70.2889
113.6	-70.2893
113.8	-70.2897
114	-70.2901
114.2	-70.2905
114.4	-70.2908
114.6	-70.2912
114.8	-70.2916
115	-70.292
115.2	-70.2924
115.4	-70.2928
115.6	-70.2931
115.8	-70.2935
116	-70.2939
116.2	-70.2943
116.4	-70.2947
116.6	-70.295
116.8	-70.2954
117	-70.2958
117.2	-70.2962
117.4	-70.2965
117.6	-70.2969
117.8	-70.2973
118	-70.2977
118.2	-70.298
118.4	-70.2984
118.6	-70.2988
118.8	-70.2992
119	-70.2995
119.2	-70.2999
119.4	-70.3003
119.6	-70.3007
119.8	-70.301
120	-70.3014
120.2	-70.3018
120.4	-70.3021
120.6	-70.3025
120.8	-70.3029
121	-70.3032
121.2	-70.3036
121.4	-70.304
121.6	-70.3043
121.8	-70.3047
122	-70.3051
122.2	-70.3054
122.4	-70.3058
122.6	-70.3062
122.8	-70.3065
123	-70.3069
123.2	-70.3072
123.4	-70.3076
123.6	-70.308
123.8	-70.3083
124	-70.3087
124.2	-70.309
124.4	-70.3094
124.6	-70.3098
124.8	-70.3101
125	-70.3105
125.2	-70.3108
125.4	-70.3112
125.6	-70.3115
125.8	-70.3119
126	-70.3123
126.2	-70.3126
126.4	-70.313
126.6	-70.3133
126.8	-70.3137
127	-70.314
127.2	-70.3144
127.4	-70.3147
127.6	-70.3151
127.8	-70.3154
128	-70.3158
128.2	-70.3161
128.4	-70.3165
128.6	-70.3168
128.8	-70.3172
129	-70.3175
129.2	-70.3179
129.4	-70.3182
129.6	-70.3186
129.8	-70.3189
130	-70.3193
130.2	-70.3196
130.4	-70.32
130.6	-70.3203
130.8	-70.3206
131	-70.321
131.2	-70.3213
131.4	-70.3217
131.6	-70.322
131.8	-70.3223
132	-70.3227
132.2	-70.323
132.4	-70.3234
132.6	-70.3237
132.8	-70.3241
133	-70.3244
133.2	-70.3247
133.4	-70.3251
133.6	-70.3254
133.8	-70.3257
134	-70.3261
134.2	-70.3264
134.4	-70.3267
134.6	-70.3271
134.8	-70.3274
135	-70.3277
135.2	-70.3281
135.4	-70.3284
135.6	-70.3287
135.8	-70.3291
136	-70.3294
136.2	-70.3297
136.4	-70.3301
136.6	-70.3304
136.8	-70.3307
137	-70.3311
137.2	-70.3314
137.4	-70.3317
137.6	-70.332
137.8	-70.3324
138	-70.3327
138.2	-70.333
138.4	-70.3334
138.6	-70.3337
138.8	-70.334
139	-70.3343
139.2	-70.3347
139.4	-70.335
139.6	-70.3353
139.8	-70.3356
140	-70.3359
140.2	-70.3363
140.4	-70.3366
140.6	-70.3369
140.8	-70.3372
141	-70.3376
141.2	-70.3379
141.4	-70.3382
141.6	-70.3385
141.8	-70.3388
142	-70.3391
142.2	-70.3395
142.4	-70.3398
142.6	-70.3401
142.8	-70.3404
143	-70.3407
143.2	-70.341
143.4	-70.3414
143.6	-70.3417
143.8	-70.342
144	-70.3423
144.2	-70.3426
144.4	-70.3429
144.6	-70.3432
144.8	-70.3436
145	-70.3439
145.2	-70.3442
145.4	-70.3445
145.6	-70.3448
145.8	-70.3451
146	-70.3454
146.2	-70.3457
146.4	-70.346
146.6	-70.3464
146.8	-70.3467
147	-70.347
147.2	-70.3473
147.4	-70.3476
147.6	-70.3479
147.8	-70.3482
148	-70.3485
148.2	-70.3488
148.4	-70.3491
148.6	-70.3494
148.8	-70.3497
149	-70.35
149.2	-70.3503
149.4	-70.3506
149.6	-70.3509
149.8	-70.3512
150	-70.3515
150.2	-70.3518
150.4	-70.3521
150.6	-70.3524
150.8	-70.3527
151	-70.353
151.2	-70.3533
151.4	-70.3536
151.6	-70.3539
151.8	-70.3542
152	-70.3545
152.2	-70.3548
152.4	-70.3551
152.6	-70.3554
152.8	-70.3557
153	-70.356
153.2	-70.3563
153.4	-70.3566
153.6	-70.3569
153.8	-70.3572
154	-70.3575
154.2	-70.3578
154.4	-70.3581
154.6	-70.3583
154.8	-70.3586
155	-70.3589
155.2	-70.3592
155.4	-70.3595
155.6	-70.3598
155.8	-70.3601
156	-70.3604
156.2	-70.3607
156.4	-70.361
156.6	-70.3612
156.8	-70.3615
157	-70.3618
157.2	-70.3621
157.4	-70.3624
157.6	-70.3627
157.8	-70.363
158	-70.3633
158.2	-70.3635
158.4	-70.3638
158.6	-70.3641
158.8	-70.3644
159	-70.3647
159.2	-70.365
159.4	-70.3652
159.6	-70.3655
159.8	-70.3658
160	-70.3661
160.2	-70.3664
160.4	-70.3666
160.6	-70.3669
160.8	-70.3672
161	-70.3675
161.2	-70.3678
161.4	-70.368
161.6	-70.3683
161.8	-70.3686
162	-70.3689
162.2	-70.3691
162.4	-70.3694
162.6	-70.3697
162.8	-70.37
163	-70.3703
163.2	-70.3705
163.4	-70.3708
163.6	-70.3711
163.8	-70.3714
164	-70.3716
164.2	-70.3719
164.4	-70.3722
164.6	-70.3724
164.8	-70.3727
165	-70.373
165.2	-70.3733
165.4	-70.3735
165.6	-70.3738
165.8	-70.3741
166	-70.3743
166.2	-70.3746
166.4	-70.3749
166.6	-70.3752
166.8	-70.3754
167	-70.3757
167.2	-70.376
167.4	-70.3762
167.6	-70.3765
167.8	-70.3768
168	-70.377
168.2	-70.3773
168.4	-70.3776
168.6	-70.3778
168.8	-70.3781
169	-70.3783
169.2	-70.3786
169.4	-70.3789
169.6	-70.3791
169.8	-70.3794
170	-70.3797
170.2	-70.3799
170.4	-70.3802
170.6	-70.3805
170.8	-70.3807
171	-70.381
171.2	-70.3812
171.4	-70.3815
171.6	-70.3818
171.8	-70.382
172	-70.3823
172.2	-70.3825
172.4	-70.3828
172.6	-70.383
172.8	-70.3833
173	-70.3836
173.2	-70.3838
173.4	-70.3841
173.6	-70.3843
173.8	-70.3846
174	-70.3848
174.2	-70.3851
174.4	-70.3854
174.6	-70.3856
174.8	-70.3859
175	-70.3861
175.2	-70.3864
175.4	-70.3866
175.6	-70.3869
175.8	-70.3871
176	-70.3874
176.2	-70.3876
176.4	-70.3879
176.6	-70.3881
176.8	-70.3884
177	-70.3886
177.2	-70.3889
177.4	-70.3891
177.6	-70.3894
177.8	-70.3896
178	-70.3899
178.2	-70.3901
178.4	-70.3904
178.6	-70.3906
178.8	-70.3909
179	-70.3911
179.2	-70.3914
179.4	-70.3916
179.6	-70.3919
179.8	-70.3921
180	-70.3924
180.2	-70.3926
180.4	-70.3928
180.6	-70.3931
180.8	-70.3933
181	-70.3936
181.2	-70.3938
181.4	-70.3941
181.6	-70.3943
181.8	-70.3945
182	-70.3948
182.2	-70.395
182.4	-70.3953
182.6	-70.3955
182.8	-70.3958
183	-70.396
183.2	-70.3962
183.4	-70.3965
183.6	-70.3967
183.8	-70.397
184	-70.3972
184.2	-70.3974
184.4	-70.3977
184.6	-70.3979
184.8	-70.3981
185	-70.3984
185.2	-70.3986
185.4	-70.3989
185.6	-70.3991
185.8	-70.3993
186	-70.3996
186.2	-70.3998
186.4	-70.4
186.6	-70.4003
186.8	-70.4005
187	-70.4007
187.2	-70.401
187.4	-70.4012
187.6	-70.4014
187.8	-70.4017
188	-70.4019
188.2	-70.4021
188.4	-70.4024
188.6	-70.4026
188.8	-70.4028
189	-70.4031
189.2	-70.4033
189.4	-70.4035
189.6	-70.4037
189.8	-70.404
190	-70.4042
190.2	-70.4044
190.4	-70.4047
190.6	-70.4049
190.8	-70.4051
191	-70.4053
191.2	-70.4056
191.4	-70.4058
191.6	-70.406
191.8	-70.4062
192	-70.4065
192.2	-70.4067
192.4	-70.4069
192.6	-70.4072
192.8	-70.4074
193	-70.4076
193.2	-70.4078
193.4	-70.4081
193.6	-70.4083
193.8	-70.4085
194	-70.4087
194.2	-70.4089
194.4	-70.4092
194.6	-70.4094
194.8	-70.4096
195	-70.4098
195.2	-70.4101
195.4	-70.4103
195.6	-70.4105
195.8	-70.4107
196	-70.4109
196.2	-70.4112
196.4	-70.4114
196.6	-70.4116
196.8	-70.4118
197	-70.412
197.2	-70.4122
197.4	-70.4125
197.6	-70.4127
197.8	-70.4129
198	-70.4131
198.2	-70.4133
198.4	-70.4136
198.6	-70.4138
198.8	-70.414
199	-70.4142
199.2	-70.4144
199.4	-70.4146
199.6	-70.4148
199.8	-70.4151
200	-70.4153
200.2	-70.4155
200.4	-70.4157
200.6	-70.4159
200.8	-70.4161
201	-70.4163
201.2	-70.4165
201.4	-70.4168
201.6	-70.417
201.8	-70.4172
202	-70.4174
202.2	-70.4176
202.4	-70.4178
202.6	-70.418
202.8	-70.4182
203	-70.4184
203.2	-70.4187
203.4	-70.4189
203.6	-70.4191
203.8	-70.4193
204	-70.4195
204.2	-70.4197
204.4	-70.4199
204.6	-70.4201
204.8	-70.4203
205	-70.4205
205.2	-70.4207
205.4	-70.4209
205.6	-70.4211
205.8	-70.4213
206	-70.4216
206.2	-70.4218
206.4	-70.422
206.6	-70.4222
206.8	-70.4224
207	-70.4226
207.2	-70.4228
207.4	-70.423
207.6	-70.4232
207.8	-70.4234
208	-70.4236
208.2	-70.4238
208.4	-70.424
208.6	-70.4242
208.8	-70.4244
209	-70.4246
209.2	-70.4248
209.4	-70.425
209.6	-70.4252
209.8	-70.4254
210	-70.4256
210.2	-70.4258
210.4	-70.426
210.6	-70.4262
210.8	-70.4264
211	-70.4266
211.2	-70.4268
211.4	-70.427
211.6	-70.4272
211.8	-70.4274
212	-70.4276
212.2	-70.4278
212.4	-70.428
212.6	-70.4282
212.8	-70.4284
213	-70.4286
213.2	-70.4288
213.4	-70.429
213.6	-70.4292
213.8	-70.4293
214	-70.4295
214.2	-70.4297
214.4	-70.4299
214.6	-70.4301
214.8	-70.4303
215	-70.4305
215.2	-70.4307
215.4	-70.4309
215.6	-70.4311
215.8	-70.4313
216	-70.4315
216.2	-70.4317
216.4	-70.4319
216.6	-70.432
216.8	-70.4322
217	-70.4324
217.2	-70.4326
217.4	-70.4328
217.6	-70.433
217.8	-70.4332
218	-70.4334
218.2	-70.4336
218.4	-70.4337
218.6	-70.4339
218.8	-70.4341
219	-70.4343
219.2	-70.4345
219.4	-70.4347
219.6	-70.4349
219.8	-70.4351
220	-70.4352
220.2	-70.4354
220.4	-70.4356
220.6	-70.4358
220.8	-70.436
221	-70.4362
221.2	-70.4364
221.4	-70.4365
221.6	-70.4367
221.8	-70.4369
222	-70.4371
222.2	-70.4373
222.4	-70.4375
222.6	-70.4377
222.8	-70.4378
223	-70.438
223.2	-70.4382
223.4	-70.4384
223.6	-70.4386
223.8	-70.4387
224	-70.4389
224.2	-70.4391
224.4	-70.4393
224.6	-70.4395
224.8	-70.4397
225	-70.4398
225.2	-70.44
225.4	-70.4402
225.6	-70.4404
225.8	-70.4406
226	-70.4407
226.2	-70.4409
226.4	-70.4411
226.6	-70.4413
226.8	-70.4414
227	-70.4416
227.2	-70.4418
227.4	-70.442
227.6	-70.4422
227.8	-70.4423
228	-70.4425
228.2	-70.4427
228.4	-70.4429
228.6	-70.443
228.8	-70.4432
229	-70.4434
229.2	-70.4436
229.4	-70.4437
229.6	-70.4439
229.8	-70.4441
230	-70.4443
230.2	-70.4444
230.4	-70.4446
230.6	-70.4448
230.8	-70.445
231	-70.4451
231.2	-70.4453
231.4	-70.4455
231.6	-70.4456
231.8	-70.4458
232	-70.446
232.2	-70.4462
232.4	-70.4463
232.6	-70.4465
232.8	-70.4467
233	-70.4468
233.2	-70.447
233.4	-70.4472
233.6	-70.4473
233.8	-70.4475
234	-70.4477
234.2	-70.4479
234.4	-70.448
234.6	-70.4482
234.8	-70.4484
235	-70.4485
235.2	-70.4487
235.4	-70.4489
235.6	-70.449
235.8	-70.4492
236	-70.4494
236.2	-70.4495
236.4	-70.4497
236.6	-70.4499
236.8	-70.45
237	-70.4502
237.2	-70.4504
237.4	-70.4505
237.6	-70.4507
237.8	-70.4509
238	-70.451
238.2	-70.4512
238.4	-70.4514
238.6	-70.4515
238.8	-70.4517
239	-70.4519
239.2	-70.452
239.4	-70.4522
239.6	-70.4523
239.8	-70.4525
240	-70.4527
240.2	-70.4528
240.4	-70.453
240.6	-70.4532
240.8	-70.4533
241	-70.4535
241.2	-70.4536
241.4	-70.4538
241.6	-70.454
241.8	-70.4541
242	-70.4543
242.2	-70.4544
242.4	-70.4546
242.6	-70.4548
242.8	-70.4549
243	-70.4551
243.2	-70.4552
243.4	-70.4554
243.6	-70.4556
243.8	-70.4557
244	-70.4559
244.2	-70.456
244.4	-70.4562
244.6	-70.4564
244.8	-70.4565
245	-70.4567
245.2	-70.4568
245.4	-70.457
245.6	-70.4571
245.8	-70.4573
246	-70.4574
246.2	-70.4576
246.4	-70.4578
246.6	-70.4579
246.8	-70.4581
247	-70.4582
247.2	-70.4584
247.4	-70.4585
247.6	-70.4587
247.8	-70.4588
248	-70.459
248.2	-70.4592
248.4	-70.4593
248.6	-70.4595
248.8	-70.4596
249	-70.4598
249.2	-70.4599
249.4	-70.4601
249.6	-70.4602
249.8	-70.4604
250	-70.4605
250.2	-70.4607
250.4	-70.4608
250.6	-70.461
250.8	-70.4611
251	-70.4613
251.2	-70.4614
251.4	-70.4616
251.6	-70.4617
251.8	-70.4619
252	-70.462
252.2	-70.4622
252.4	-70.4623
252.6	-70.4625
252.8	-70.4626
253	-70.4628
253.2	-70.4629
253.4	-70.4631
253.6	-70.4632
253.8	-70.4634
254	-70.4635
254.2	-70.4637
254.4	-70.4638
254.6	-70.464
254.8	-70.4641
255	-70.4643
255.2	-70.4644
255.4	-70.4645
255.6	-70.4647
255.8	-70.4648
256	-70.465
256.2	-70.4651
256.4	-70.4653
256.6	-70.4654
256.8	-70.4656
257	-70.4657
257.2	-70.4659
257.4	-70.466
257.6	-70.4661
257.8	-70.4663
258	-70.4664
258.2	-70.4666
258.4	-70.4667
258.6	-70.4669
258.8	-70.467
259	-70.4671
259.2	-70.4673
259.4	-70.4674
259.6	-70.4676
259.8	-70.4677
260	-70.4679
260.2	-70.468
260.4	-70.4681
260.6	-70.4683
260.8	-70.4684
261	-70.4686
261.2	-70.4687
261.4	-70.4688
261.6	-70.469
261.8	-70.4691
262	-70.4693
262.2	-70.4694
262.4	-70.4695
262.6	-70.4697
262.8	-70.4698
263	-70.47
263.2	-70.4701
263.4	-70.4702
263.6	-70.4704
263.8	-70.4705
264	-70.4707
264.2	-70.4708
264.4	-70.4709
264.6	-70.4711
264.8	-70.4712
265	-70.4713
265.2	-70.4715
265.4	-70.4716
265.6	-70.4717
265.8	-70.4719
266	-70.472
266.2	-70.4722
266.4	-70.4723
266.6	-70.4724
266.8	-70.4726
267	-70.4727
267.2	-70.4728
267.4	-70.473
267.6	-70.4731
267.8	-70.4732
268	-70.4734
268.2	-70.4735
268.4	-70.4736
268.6	-70.4738
268.8	-70.4739
269	-70.474
269.2	-70.4742
269.4	-70.4743
269.6	-70.4744
269.8	-70.4746
270	-70.4747
270.2	-70.4748
270.4	-70.475
270.6	-70.4751
270.8	-70.4752
271	-70.4754
271.2	-70.4755
271.4	-70.4756
271.6	-70.4758
271.8	-70.4759
272	-70.476
272.2	-70.4762
272.4	-70.4763
272.6	-70.4764
272.8	-70.4765
273	-70.4767
273.2	-70.4768
273.4	-70.4769
273.6	-70.4771
273.8	-70.4772
274	-70.4773
274.2	-70.4774
274.4	-70.4776
274.6	-70.4777
274.8	-70.4778
275	-70.478
275.2	-70.4781
275.4	-70.4782
275.6	-70.4783
275.8	-70.4785
276	-70.4786
276.2	-70.4787
276.4	-70.4789
276.6	-70.479
276.8	-70.4791
277	-70.4792
277.2	-70.4794
277.4	-70.4795
277.6	-70.4796
277.8	-70.4797
278	-70.4799
278.2	-70.48
278.4	-70.4801
278.6	-70.4802
278.8	-70.4804
279	-70.4805
279.2	-70.4806
279.4	-70.4807
279.6	-70.4809
279.8	-70.481
280	-70.4811
280.2	-70.4812
280.4	-70.4813
280.6	-70.4815
280.8	-70.4816
281	-70.4817
281.2	-70.4818
281.4	-70.482
281.6	-70.4821
281.8	-70.4822
282	-70.4823
282.2	-70.4825
282.4	-70.4826
282.6	-70.4827
282.8	-70.4828
283	-70.4829
283.2	-70.4831
283.4	-70.4832
283.6	-70.4833
283.8	-70.4834
284	-70.4835
284.2	-70.4837
284.4	-70.4838
284.6	-70.4839
284.8	-70.484
285	-70.4841
285.2	-70.4843
285.4	-70.4844
285.6	-70.4845
285.8	-70.4846
286	-70.4847
286.2	-70.4849
286.4	-70.485
286.6	-70.4851
286.8	-70.4852
287	-70.4853
287.2	-70.4854
287.4	-70.4856
287.6	-70.4857
287.8	-70.4858
288	-70.4859
288.2	-70.486
288.4	-70.4861
288.6	-70.4863
288.8	-70.4864
289	-70.4865
289.2	-70.4866
289.4	-70.4867
289.6	-70.4868
289.8	-70.487
290	-70.4871
290.2	-70.4872
290.4	-70.4873
290.6	-70.4874
290.8	-70.4875
291	-70.4876
291.2	-70.4878
291.4	-70.4879
291.6	-70.488
291.8	-70.4881
292	-70.4882
292.2	-70.4883
292.4	-70.4884
292.6	-70.4886
292.8	-70.4887
293	-70.4888
293.2	-70.4889
293.4	-70.489
293.6	-70.4891
293.8	-70.4892
294	-70.4893
294.2	-70.4895
294.4	-70.4896
294.6	-70.4897
294.8	-70.4898
295	-70.4899
295.2	-70.49
295.4	-70.4901
295.6	-70.4902
295.8	-70.4904
296	-70.4905
296.2	-70.4906
296.4	-70.4907
296.6	-70.4908
296.8	-70.4909
297	-70.491
297.2	-70.4911
297.4	-70.4912
297.6	-70.4913
297.8	-70.4915
298	-70.4916
298.2	-70.4917
298.4	-70.4918
298.6	-70.4919
298.8	-70.492
299	-70.4921
299.2	-70.4922
299.4	-70.4923
299.6	-70.4924
299.8	-70.4925
300	-70.4927
300.2	-70.1526
300.4	-69.8193
300.6	-69.4927
300.8	-69.1727
301	-68.859
301.2	-68.5517
301.4	-68.2505
301.6	-67.9554
301.8	-67.6662
302	-67.3827
302.2	-67.105
302.4	-66.8328
302.6	-66.5661
302.8	-66.3048
303	-66.0487
303.2	-65.7977
303.4	-65.5518
303.6	-65.3108
303.8	-65.0746
304	-64.8432
304.2	-64.6164
304.4	-64.3942
304.6	-64.1764
304.8	-63.9631
305	-63.754
305.2	-63.5491
305.4	-63.3483
305.6	-63.1516
305.8	-62.9588
306	-62.7699
306.2	-62.5848
306.4	-62.4035
306.6	-62.2257
306.8	-62.0516
307	-61.881
307.2	-61.7138
307.4	-61.5499
307.6	-61.3894
307.8	-61.2321
308	-61.0779
308.2	-60.9269
308.4	-60.7789
308.6	-60.6339
308.8	-60.4918
309	-60.3525
309.2	-60.2161
309.4	-60.0824
309.6	-59.9515
309.8	-59.8231
310	-59.6973
310.2	-59.5741
310.4	-59.4534
310.6	-59.3351
310.8	-59.2191
311	-59.1055
311.2	-58.9942
311.4	-58.8852
311.6	-58.7783
311.8	-58.6736
312	-58.571
312.2	-58.4704
312.4	-58.3719
312.6	-58.2754
312.8	-58.1808
313	-58.0881
313.2	-57.9973
313.4	-57.9083
313.6	-57.821
313.8	-57.7356
314	-57.6518
314.2	-57.5698
314.4	-57.4893
314.6	-57.4105
314.8	-57.3333
315	-57.2576
315.2	-57.1835
315.4	-57.1108
315.6	-57.0395
315.8	-56.9697
316	-56.9013
316.2	-56.8343
316.4	-56.7686
316.6	-56.7042
316.8	-56.6411
317	-56.5792
317.2	-56.5186
317.4	-56.4592
317.6	-56.401
317.8	-56.3439
318	-56.288
318.2	-56.2332
318.4	-56.1794
318.6	-56.1268
318.8	-56.0752
319	-56.0246
319.2	-55.975
319.4	-55.9264
319.6	-55.8787
319.8	-55.832
320	-55.7862
320.2	-55.7413
320.4	-55.6973
320.6	-55.6542
320.8	-55.6119
321	-55.5705
321.2	-55.5299
321.4	-55.4901
321.6	-55.451
321.8	-55.4128
322	-55.3752
322.2	-55.3385
322.4	-55.3024
322.6	-55.2671
322.8	-55.2324
323	-55.1985
323.2	-55.1651
323.4	-55.1325
323.6	-55.1005
323.8	-55.0691
324	-55.0384
324.2	-55.0082
324.4	-54.9786
324.6	-54.9497
324.8	-54.9212
325	-54.8934
325.2	-54.8661
325.4	-54.8393
325.6	-54.8131
325.8	-54.7873
326	-54.7621
326.2	-54.7374
326.4	-54.7131
326.6	-54.6894
326.8	-54.6661
327	-54.6432
327.2	-54.6209
327.4	-54.5989
327.6	-54.5774
327.8	-54.5563
328	-54.5356
328.2	-54.5154
328.4	-54.4955
328.6	-54.4761
328.8	-54.457
329	-54.4383
329.2	-54.42
329.4	-54.402
329.6	-54.3844
329.8	-54.3671
330	-54.3502
330.2	-54.3337
330.4	-54.3174
330.6	-54.3015
330.8	-54.286
331	-54.2707
331.2	-54.2557
331.4	-54.2411
331.6	-54.2267
331.8	-54.2126
332	-54.1989
332.2	-54.1854
332.4	-54.1721
332.6	-54.1592
332.8	-54.1465
333	-54.1341
333.2	-54.1219
333.4	-54.11
333.6	-54.0983
333.8	-54.0869
334	-54.0757
334.2	-54.0648
334.4	-54.0541
334.6	-54.0436
334.8	-54.0333
335	-54.0233
335.2	-54.0135
335.4	-54.0039
335.6	-53.9945
335.8	-53.9853
336	-53.9763
336.2	-53.9675
336.4	-53.9588
336.6	-53.9504
336.8	-53.9422
337	-53.9341
337.2	-53.9263
337.4	-53.9186
337.6	-53.9111
337.8	-53.9037
338	-53.8965
338.2	-53.8895
338.4	-53.8827
338.6	-53.876
338.8	-53.8695
339	-53.8631
339.2	-53.8569
339.4	-53.8508
339.6	-53.8449
339.8	-53.8391
340	-53.8335
340.2	-53.828
340.4	-53.8226
340.6	-53.8174
340.8	-53.8123
341	-53.8073
341.2	-53.8025
341.4	-53.7978
341.6	-53.7932
341.8	-53.7887
342	-53.7844
342.2	-53.7802
342.4	-53.7761
342.6	-53.7721
342.8	-53.7682
343	-53.7644
343.2	-53.7608
343.4	-53.7572
343.6	-53.7538
343.8	-53.7504
344	-53.7472
344.2	-53.744
344.4	-53.741
344.6	-53.738
344.8	-53.7352
345	-53.7324
345.2	-53.7297
345.4	-53.7271
345.6	-53.7247
345.8	-53.7223
346	-53.7199
346.2	-53.7177
346.4	-53.7155
346.6	-53.7135
346.8	-53.7115
347	-53.7096
347.2	-53.7077
347.4	-53.706
347.6	-53.7043
347.8	-53.7027
348	-53.7012
348.2	-53.6997
348.4	-53.6983
348.6	-53.697
348.8	-53.6957
349	-53.6945
349.2	-53.6934
349.4	-53.6923
349.6	-53.6913
349.8	-53.6904
350	-53.6895
350.2	-53.6887
350.4	-53.688
350.6	-53.6873
350.8	-53.6866
351	-53.6861
351.2	-53.6855
351.4	-53.6851
351.6	-53.6847
351.8	-53.6843
352	-53.684
352.2	-53.6837
352.4	-53.6835
352.6	-53.6833
352.8	-53.6832
353	-53.6832
353.2	-53.6832
353.4	-53.6832
353.6	-53.6833
353.8	-53.6834
354	-53.6835
354.2	-53.6837
354.4	-53.684
354.6	-53.6843
354.8	-53.6846
355	-53.685
355.2	-53.6854
355.4	-53.6858
355.6	-53.6863
355.8	-53.6869
356	-53.6874
356.2	-53.688
356.4	-53.6886
356.6	-53.6893
356.8	-53.69
357	-53.6908
357.2	-53.6915
357.4	-53.6923
357.6	-53.6932
357.8	-53.694
358	-53.6949
358.2	-53.6959
358.4	-53.6968
358.6	-53.6978
358.8	-53.6988
359	-53.6999
359.2	-53.7009
359.4	-53.702
359.6	-53.7032
359.8	-53.7043
360	-53.7055
360.2	-53.7067
360.4	-53.7079
360.6	-53.7092
360.8	-53.7104
361	-53.7117
361.2	-53.7131
361.4	-53.7144
361.6	-53.7158
361.8	-53.7172
362	-53.7186
362.2	-53.72
362.4	-53.7215
362.6	-53.7229
362.8	-53.7244
363	-53.726
363.2	-53.7275
363.4	-53.729
363.6	-53.7306
363.8	-53.7322
364	-53.7338
364.2	-53.7354
364.4	-53.7371
364.6	-53.7387
364.8	-53.7404
365	-53.7421
365.2	-53.7438
365.4	-53.7455
365.6	-53.7473
365.8	-53.749
366	-53.7508
366.2	-53.7526
366.4	-53.7544
366.6	-53.7562
366.8	-53.758
367	-53.7598
367.2	-53.7617
367.4	-53.7635
367.6	-53.7654
367.8	-53.7673
368	-53.7692
368.2	-53.7711
368.4	-53.773
368.6	-53.775
368.8	-53.7769
369	-53.7789
369.2	-53.7808
369.4	-53.7828
369.6	-53.7848
369.8	-53.7868
370	-53.7888
370.2	-53.7908
370.4	-53.7928
370.6	-53.7949
370.8	-53.7969
371	-53.799
371.2	-53.801
371.4	-53.8031
371.6	-53.8052
371.8	-53.8072
372	-53.8093
372.2	-53.8114
372.4	-53.8135
372.6	-53.8156
372.8	-53.8178
373	-53.8199
373.2	-53.822
373.4	-53.8242
373.6	-53.8263
373.8	-53.8285
374	-53.8306
374.2	-53.8328
374.4	-53.8349
374.6	-53.8371
374.8	-53.8393
375	-53.8415
375.2	-53.8437
375.4	-53.8459
375.6	-53.8481
375.8	-53.8503
376	-53.8525
376.2	-53.8547
376.4	-53.8569
376.6	-53.8591
376.8	-53.8613
377	-53.8636
377.2	-53.8658
377.4	-53.868
377.6	-53.8703
377.8	-53.8725
378	-53.8748
378.2	-53.877
378.4	-53.8793
378.6	-53.8815
378.8	-53.8838
379	-53.886
379.2	-53.8883
379.4	-53.8906
379.6	-53.8928
379.8	-53.8951
380	-53.8974
380.2	-53.8996
380.4	-53.9019
380.6	-53.9042
380.8	-53.9065
381	-53.9088
381.2	-53.911
381.4	-53.9133
381.6	-53.9156
381.8	-53.9179
382	-53.9202
382.2	-53.9225
382.4	-53.9248
382.6	-53.9271
382.8	-53.9294
383	-53.9317
383.2	-53.934
383.4	-53.9363
383.6	-53.9386
383.8	-53.9409
384	-53.9432
384.2	-53.9454
384.4	-53.9478
384.6	-53.9501
384.8	-53.9524
385	-53.9547
385.2	-53.957
385.4	-53.9593
385.6	-53.9616
385.8	-53.9639
386	-53.9662
386.2	-53.9685
386.4	-53.9708
386.6	-53.9731
386.8	-53.9754
387	-53.9777
387.2	-53.98
387.4	-53.9823
387.6	-53.9846
387.8	-53.9869
388	-53.9892
388.2	-53.9915
388.4	-53.9938
388.6	-53.9961
388.8	-53.9984
389	-54.0007
389.2	-54.0029
389.4	-54.0052
389.6	-54.0075
389.8	-54.0098
390	-54.0121
390.2	-54.0144
390.4	-54.0167
390.6	-54.019
390.8	-54.0213
391	-54.0236
391.2	-54.0258
391.4	-54.0281
391.6	-54.0304
391.8	-54.0327
392	-54.035
392.2	-54.0372
392.4	-54.0395
392.6	-54.0418
392.8	-54.0441
393	-54.0463
393.2	-54.0486
393.4	-54.0509
393.6	-54.0532
393.8	-54.0554
394	-54.0577
394.2	-54.06
394.4	-54.0622
394.6	-54.0645
394.8	-54.0667
395	-54.069
395.2	-54.0712
395.4	-54.0735
395.6	-54.0757
395.8	-54.078
396	-54.0802
396.2	-54.0825
396.4	-54.0847
396.6	-54.087
396.8	-54.0892
397	-54.0915
397.2	-54.0937
397.4	-54.0959
397.6	-54.0982
397.8	-54.1004
398	-54.1026
398.2	-54.1048
398.4	-54.1071
398.6	-54.1093
398.8	-54.1115
399	-54.1137
399.2	-54.1159
399.4	-54.1182
399.6	-54.1204
399.8	-54.1226
400	-54.1248
400.2	-54.127
400.4	-54.1292
400.6	-54.1314
400.8	-54.1336
401	-54.1358
401.2	-54.138
401.4	-54.1402
401.6	-54.1424
401.8	-54.1446
402	-54.1467
402.2	-54.1489
402.4	-54.1511
402.6	-54.1533
402.8	-54.1555
403	-54.1576
403.2	-54.1598
403.4	-54.162
403.6	-54.1641
403.8	-54.1663
404	-54.1685
404.2	-54.1706
404.4	-54.1728
404.6	-54.1749
404.8	-54.1771
405	-54.1792
405.2	-54.1814
405.4	-54.1835
405.6	-54.1857
405.8	-54.1878
406	-54.1899
406.2	-54.1921
406.4	-54.1942
406.6	-54.1963
406.8	-54.1985
407	-54.2006
407.2	-54.2027
407.4	-54.2048
407.6	-54.207
407.8	-54.2091
408	-54.2112
408.2	-54.2133
408.4	-54.2154
408.6	-54.2175
408.8	-54.2196
409	-54.2217
409.2	-54.2238
409.4	-54.2259
409.6	-54.228
409.8	-54.2301
410	-54.2322
410.2	-54.2342
410.4	-54.2363
410.6	-54.2384
410.8	-54.2405
411	-54.2426
411.2	-54.2446
411.4	-54.2467
411.6	-54.2488
411.8	-54.2508
412	-54.2529
412.2	-54.2549
412.4	-54.257
412.6	-54.2591
412.8	-54.2611
413	-54.2632
413.2	-54.2652
413.4	-54.2672
413.6	-54.2693
413.8	-54.2713
414	-54.2734
414.2	-54.2754
414.4	-54.2774
414.6	-54.2794
414.8	-54.2815
415	-54.2835
415.2	-54.2855
415.4	-54.2875
415.6	-54.2895
415.8	-54.2916
416	-54.2936
416.2	-54.2956
416.4	-54.2976
416.6	-54.2996
416.8	-54.3016
417	-54.3036
417.2	-54.3056
417.4	-54.3076
417.6	-54.3096
417.8	-54.3115
418	-54.3135
418.2	-54.3155
418.4	-54.3175
418.6	-54.3195
418.8	-54.3214
419	-54.3234
419.2	-54.3254
419.4	-54.3273
419.6	-54.3293
419.8	-54.3313
420	-54.3332
420.2	-54.3352
420.4	-54.3371
420.6	-54.3391
420.8	-54.341
421	-54.343
421.2	-54.3449
421.4	-54.3469
421.6	-54.3488
421.8	-54.3507
422	-54.3527
422.2	-54.3546
422.4	-54.3565
422.6	-54.3584
422.8	-54.3604
423	-54.3623
423.2	-54.3642
423.4	-54.3661
423.6	-54.368
423.8	-54.3699
424	-54.3719
424.2	-54.3738
424.4	-54.3757
424.6	-54.3776
424.8	-54.3795
425	-54.3814
425.2	-54.3832
425.4	-54.3851
425.6	-54.387
425.8	-54.3889
426	-54.3908
426.2	-54.3927
426.4	-54.3946
426.6	-54.3964
426.8	-54.3983
427	-54.4002
427.2	-54.402
427.4	-54.4039
427.6	-54.4058
427.8	-54.4076
428	-54.4095
428.2	-54.4113
428.4	-54.4132
428.6	-54.415
428.8	-54.4169
429	-54.4187
429.2	-54.4206
429.4	-54.4224
429.6	-54.4243
429.8	-54.4261
430	-54.4279
430.2	-54.4298
430.4	-54.4316
430.6	-54.4334
430.8	-54.4352
431	-54.4371
431.2	-54.4389
431.4	-54.4407
431.6	-54.4425
431.8	-54.4443
432	-54.4461
432.2	-54.4479
432.4	-54.4497
432.6	-54.4515
432.8	-54.4533
433	-54.4551
433.2	-54.4569
433.4	-54.4587
433.6	-54.4605
433.8	-54.4623
434	-54.4641
434.2	-54.4659
434.4	-54.4677
434.6	-54.4694
434.8	-54.4712
435	-54.473
435.2	-54.4748
435.4	-54.4765
435.6	-54.4783
435.8	-54.4801
436	-54.4818
436.2	-54.4836
436.4	-54.4853
436.6	-54.4871
436.8	-54.4888
437	-54.4906
437.2	-54.4923
437.4	-54.4941
437.6	-54.4958
437.8	-54.4976
438	-54.4993
438.2	-54.501
438.4	-54.5028
438.6	-54.5045
438.8	-54.5062
439	-54.508
439.2	-54.5097
439.4	-54.5114
439.6	-54.5131
439.8	-54.5149
440	-54.5166
440.2	-54.5183
440.4	-54.52
440.6	-54.5217
440.8	-54.5234
441	-54.5251
441.2	-54.5268
441.4	-54.5285
441.6	-54.5302
441.8	-54.5319
442	-54.5336
442.2	-54.5353
442.4	-54.537
442.6	-54.5387
442.8	-54.5404
443	-54.5421
443.2	-54.5437
443.4	-54.5454
443.6	-54.5471
443.8	-54.5488
444	-54.5504
444.2	-54.5521
444.4	-54.5538
444.6	-54.5554
444.8	-54.5571
445	-54.5588
445.2	-54.5604
445.4	-54.5621
445.6	-54.5637
445.8	-54.5654
446	-54.567
446.2	-54.5687
446.4	-54.5703
446.6	-54.572
446.8	-54.5736
447	-54.5753
447.2	-54.5769
447.4	-54.5785
447.6	-54.5802
447.8	-54.5818
448	-54.5834
448.2	-54.5851
448.4	-54.5867
448.6	-54.5883
448.8	-54.5899
449	-54.5915
449.2	-54.5932
449.4	-54.5948
449.6	-54.5964
449.8	-54.598
450	-54.5996
450.2	-54.6012
450.4	-54.6028
450.6	-54.6044
450.8	-54.606
451	-54.6076
451.2	-54.6092
451.4	-54.6108
451.6	-54.6124
451.8	-54.614
452	-54.6156
452.2	-54.6171
452.4	-54.6187
452.6	-54.6203
452.8	-54.6219
453	-54.6235
453.2	-54.625
453.4	-54.6266
453.6	-54.6282
453.8	-54.6298
454	-54.6313
454.2	-54.6329
454.4	-54.6345
454.6	-54.636
454.8	-54.6376
455	-54.6391
455.2	-54.6407
455.4	-54.6422
455.6	-54.6438
455.8	-54.6453
456	-54.6469
456.2	-54.6484
456.4	-54.65
456.6	-54.6515
456.8	-54.6531
457	-54.6546
457.2	-54.6561
457.4	-54.6577
457.6	-54.6592
457.8	-54.6607
458	-54.6622
458.2	-54.6638
458.4	-54.6653
458.6	-54.6668
458.8	-54.6683
459	-54.6699
459.2	-54.6714
459.4	-54.6729
459.6	-54.6744
459.8	-54.6759
460	-54.6774
460.2	-54.6789
460.4	-54.6804
460.6	-54.6819
460.8	-54.6834
461	-54.6849
461.2	-54.6864
461.4	-54.6879
461.6	-54.6894
461.8	-54.6909
462	-54.6924
462.2	-54.6939
462.4	-54.6954
462.6	-54.6968
462.8	-54.6983
463	-54.6998
463.2	-54.7013
463.4	-54.7028
463.6	-54.7042
463.8	-54.7057
464	-54.7072
464.2	-54.7086
464.4	-54.7101
464.6	-54.7116
464.8	-54.713
465	-54.7145
465.2	-54.716
465.4	-54.7174
465.6	-54.7189
465.8	-54.7203
466	-54.7218
466.2	-54.7232
466.4	-54.7247
466.6	-54.7261
466.8	-54.7276
467	-54.729
467.2	-54.7304
467.4	-54.7319
467.6	-54.7333
467.8	-54.7348
468	-54.7362
468.2	-54.7376
468.4	-54.7391
468.6	-54.7405
468.8	-54.7419
469	-54.7433
469.2	-54.7448
469.4	-54.7462
469.6	-54.7476
469.8	-54.749
470	-54.7504
470.2	-54.7518
470.4	-54.7533
470.6	-54.7547
470.8	-54.7561
471	-54.7575
471.2	-54.7589
471.4	-54.7603
471.6	-54.7617
471.8	-54.7631
472	-54.7645
472.2	-54.7659
472.4	-54.7673
472.6	-54.7687
472.8	-54.7701
473	-54.7715
473.2	-54.7728
473.4	-54.7742
473.6	-54.7756
473.8	-54.777
474	-54.7784
474.2	-54.7798
474.4	-54.7811
474.6	-54.7825
474.8	-54.7839
475	-54.7852
475.2	-54.7866
475.4	-54.788
475.6	-54.7894
475.8	-54.7907
476	-54.7921
476.2	-54.7934
476.4	-54.7948
476.6	-54.7962
476.8	-54.7975
477	-54.7989
477.2	-54.8002
477.4	-54.8016
477.6	-54.8029
477.8	-54.8043
478	-54.8056
478.2	-54.807
478.4	-54.8083
478.6	-54.8097
478.8	-54.811
479	-54.8123
479.2	-54.8137
479.4	-54.815
479.6	-54.8163
479.8	-54.8177
480	-54.819
480.2	-54.8203
480.4	-54.8217
480.6	-54.823
480.8	-54.8243
481	-54.8256
481.2	-54.827
481.4	-54.8283
481.6	-54.8296
481.8	-54.8309
482	-54.8322
482.2	-54.8335
482.4	-54.8348
482.6	-54.8362
482.8	-54.8375
483	-54.8388
483.2	-54.8401
483.4	-54.8414
483.6	-54.8427
483.8	-54.844
484	-54.8453
484.2	-54.8466
484.4	-54.8479
484.6	-54.8492
484.8	-54.8504
485	-54.8517
485.2	-54.853
485.4	-54.8543
485.6	-54.8556
485.8	-54.8569
486	-54.8582
486.2	-54.8594
486.4	-54.8607
486.6	-54.862
486.8	-54.8633
487	-54.8645
487.2	-54.8658
487.4	-54.8671
487.6	-54.8684
487.8	-54.8696
488	-54.8709
488.2	-54.8722
488.4	-54.8734
488.6	-54.8747
488.8	-54.8759
489	-54.8772
489.2	-54.8785
489.4	-54.8797
489.6	-54.881
489.8	-54.8822
490	-54.8835
490.2	-54.8847
490.4	-54.886
490.6	-54.8872
490.8	-54.8885
491	-54.8897
491.2	-54.891
491.4	-54.8922
491.6	-54.8934
491.8	-54.8947
492	-54.8959
492.2	-54.8971
492.4	-54.8984
492.6	-54.8996
492.8	-54.9008
493	-54.9021
493.2	-54.9033
493.4	-54.9045
493.6	-54.9057
493.8	-54.907
494	-54.9082
494.2	-54.9094
494.4	-54.9106
494.6	-54.9118
494.8	-54.9131
495	-54.9143
495.2	-54.9155
495.4	-54.9167
495.6	-54.9179
495.8	-54.9191
496	-54.9203
496.2	-54.9215
496.4	-54.9227
496.6	-54.9239
496.8	-54.9251
497	-54.9263
497.2	-54.9275
497.4	-54.9287
497.6	-54.9299
497.8	-54.9311
498	-54.9323
498.2	-54.9335
498.4	-54.9347
498.6	-54.9359
498.8	-54.9371
499	-54.9382
499.2	-54.9394
499.4	-54.9406
499.6	-54.9418
499.8	-54.943
500	-54.9441
500.2	-54.9453
500.4	-54.9465
500.6	-54.9477
500.8	-54.9488
501	-54.95
501.2	-54.9512
501.4	-54.9523
501.6	-54.9535
501.8	-54.9547
502	-54.9558
502.2	-54.957
502.4	-54.9582
502.6	-54.9593
502.8	-54.9605
503	-54.9616
503.2	-54.9628
503.4	-54.9639
503.6	-54.9651
503.8	-54.9663
504	-54.9674
504.2	-54.9686
504.4	-54.9697
504.6	-54.9708
504.8	-54.972
505	-54.9731
505.2	-54.9743
505.4	-54.9754
505.6	-54.9766
505.8	-54.9777
506	-54.9788
506.2	-54.98
506.4	-54.9811
506.6	-54.9822
506.8	-54.9834
507	-54.9845
507.2	-54.9856
507.4	-54.9867
507.6	-54.9879
507.8	-54.989
508	-54.9901
508.2	-54.9912
508.4	-54.9924
508.6	-54.9935
508.8	-54.9946
509	-54.9957
509.2	-54.9968
509.4	-54.9979
509.6	-54.999
509.8	-55.0002
510	-55.0013
510.2	-55.0024
510.4	-55.0035
510.6	-55.0046
510.8	-55.0057
511	-55.0068
511.2	-55.0079
511.4	-55.009
511.6	-55.0101
511.8	-55.0112
512	-55.0123
512.2	-55.0134
512.4	-55.0145
512.6	-55.0156
512.8	-55.0167
513	-55.0177
513.2	-55.0188
513.4	-55.0199
513.6	-55.021
513.8	-55.0221
514	-55.0232
514.2	-55.0243
514.4	-55.0253
514.6	-55.0264
514.8	-55.0275
515	-55.0286
515.2	-55.0297
515.4	-55.0307
515.6	-55.0318
515.8	-55.0329
516	-55.0339
516.2	-55.035
516.4	-55.0361
516.6	-55.0371
516.8	-55.0382
517	-55.0393
517.2	-55.0403
517.4	-55.0414
517.6	-55.0425
517.8	-55.0435
518	-55.0446
518.2	-55.0456
518.4	-55.0467
518.6	-55.0477
518.8	-55.0488
519	-55.0498
519.2	-55.0509
519.4	-55.0519
519.6	-55.053
519.8	-55.054
520	-55.0551
520.2	-55.0561
520.4	-55.0572
520.6	-55.0582
520.8	-55.0593
521	-55.0603
521.2	-55.0613
521.4	-55.0624
521.6	-55.0634
521.8	-55.0644
522	-55.0655
522.2	-55.0665
522.4	-55.0675
522.6	-55.0686
522.8	-55.0696
523	-55.0706
523.2	-55.0717
523.4	-55.0727
523.6	-55.0737
523.8	-55.0747
524	-55.0757
524.2	-55.0768
524.4	-55.0778
524.6	-55.0788
524.8	-55.0798
525	-55.0808
525.2	-55.0818
525.4	-55.0829
525.6	-55.0839
525.8	-55.0849
526	-55.0859
526.2	-55.0869
526.4	-55.0879
526.6	-55.0889
526.8	-55.0899
527	-55.0909
527.2	-55.0919
527.4	-55.0929
527.6	-55.0939
527.8	-55.0949
528	-55.0959
528.2	-55.0969
528.4	-55.0979
528.6	-55.0989
528.8	-55.0999
529	-55.1009
529.2	-55.1019
529.4	-55.1029
529.6	-55.1039
529.8	-55.1048
530	-55.1058
530.2	-55.1068
530.4	-55.1078
530.6	-55.1088
530.8	-55.1098
531	-55.1107
531.2	-55.1117
531.4	-55.1127
531.6	-55.1137
531.8	-55.1147
532	-55.1156
532.2	-55.1166
532.4	-55.1176
532.6	-55.1185
532.8	-55.1195
533	-55.1205
533.2	-55.1215
533.4	-55.1224
533.6	-55.1234
533.8	-55.1244
534	-55.1253
534.2	-55.1263
534.4	-55.1272
534.6	-55.1282
534.8	-55.1292
535	-55.1301
535.2	-55.1311
535.4	-55.132
535.6	-55.133
535.8	-55.1339
536	-55.1349
536.2	-55.1358
536.4	-55.1368
536.6	-55.1377
536.8	-55.1387
537	-55.1396
537.2	-55.1406
537.4	-55.1415
537.6	-55.1425
537.8	-55.1434
538	-55.1443
538.2	-55.1453
538.4	-55.1462
538.6	-55.1472
538.8	-55.1481
539	-55.149
539.2	-55.15
539.4	-55.1509
539.6	-55.1518
539.8	-55.1528
540	-55.1537
540.2	-55.1546
540.4	-55.1556
540.6	-55.1565
540.8	-55.1574
541	-55.1583
541.2	-55.1593
541.4	-55.1602
541.6	-55.1611
541.8	-55.162
542	-55.1629
542.2	-55.1639
542.4	-55.1648
542.6	-55.1657
542.8	-55.1666
543	-55.1675
543.2	-55.1684
543.4	-55.1694
543.6	-55.1703
543.8	-55.1712
544	-55.1721
544.2	-55.173
544.4	-55.1739
544.6	-55.1748
544.8	-55.1757
545	-55.1766
545.2	-55.1775
545.4	-55.1784
545.6	-55.1793
545.8	-55.1802
546	-55.1811
546.2	-55.182
546.4	-55.1829
546.6	-55.1838
546.8	-55.1847
547	-55.1856
547.2	-55.1865
547.4	-55.1874
547.6	-55.1883
547.8	-55.1892
548	-55.19
548.2	-55.1909
548.4	-55.1918
548.6	-55.1927
548.8	-55.1936
549	-55.1945
549.2	-55.1954
549.4	-55.1962
549.6	-55.1971
549.8	-55.198
550	-55.1989
550.2	-55.1997
550.4	-55.2006
550.6	-55.2015
550.8	-55.2024
551	-55.2032
551.2	-55.2041
551.4	-55.205
551.6	-55.2059
551.8	-55.2067
552	-55.2076
552.2	-55.2085
552.4	-55.2093
552.6	-55.2102
552.8	-55.2111
553	-55.2119
553.2	-55.2128
553.4	-55.2136
553.6	-55.2145
553.8	-55.2154
554	-55.2162
554.2	-55.2171
554.4	-55.2179
554.6	-55.2188
554.8	-55.2197
555	-55.2205
555.2	-55.2214
555.4	-55.2222
555.6	-55.2231
555.8	-55.2239
556	-55.2248
556.2	-55.2256
556.4	-55.2264
556.6	-55.2273
556.8	-55.2281
557	-55.229
557.2	-55.2298
557.4	-55.2307
557.6	-55.2315
557.8	-55.2323
558	-55.2332
558.2	-55.234
558.4	-55.2349
558.6	-55.2357
558.8	-55.2365
559	-55.2374
559.2	-55.2382
559.4	-55.239
559.6	-55.2399
559.8	-55.2407
560	-55.2415
560.2	-55.2423
560.4	-55.2432
560.6	-55.244
560.8	-55.2448
561	-55.2457
561.2	-55.2465
561.4	-55.2473
561.6	-55.2481
561.8	-55.2489
562	-55.2498
562.2	-55.2506
562.4	-55.2514
562.6	-55.2522
562.8	-55.253
563	-55.2538
563.2	-55.2547
563.4	-55.2555
563.6	-55.2563
563.8	-55.2571
564	-55.2579
564.2	-55.2587
564.4	-55.2595
564.6	-55.2603
564.8	-55.2611
565	-55.2619
565.2	-55.2628
565.4	-55.2636
565.6	-55.2644
565.8	-55.2652
566	-55.266
566.2	-55.2668
566.4	-55.2676
566.6	-55.2684
566.8	-55.2692
567	-55.27
567.2	-55.2708
567.4	-55.2715
567.6	-55.2723
567.8	-55.2731
568	-55.2739
568.2	-55.2747
568.4	-55.2755
568.6	-55.2763
568.8	-55.2771
569	-55.2779
569.2	-55.2787
569.4	-55.2794
569.6	-55.2802
569.8	-55.281
570	-55.2818
570.2	-55.2826
570.4	-55.2834
570.6	-55.2841
570.8	-55.2849
571	-55.2857
571.2	-55.2865
571.4	-55.2873
571.6	-55.288
571.8	-55.2888
572	-55.2896
572.2	-55.2904
572.4	-55.2911
572.6	-55.2919
572.8	-55.2927
573	-55.2934
573.2	-55.2942
573.4	-55.295
573.6	-55.2957
573.8	-55.2965
574	-55.2973
574.2	-55.298
574.4	-55.2988
574.6	-55.2996
574.8	-55.3003
575	-55.3011
575.2	-55.3019
575.4	-55.3026
575.6	-55.3034
575.8	-55.3041
576	-55.3049
576.2	-55.3056
576.4	-55.3064
576.6	-55.3072
576.8	-55.3079
577	-55.3087
577.2	-55.3094
577.4	-55.3102
577.6	-55.3109
577.8	-55.3117
578	-55.3124
578.2	-55.3132
578.4	-55.3139
578.6	-55.3147
578.8	-55.3154
579	-55.3162
579.2	-55.3169
579.4	-55.3176
579.6	-55.3184
579.8	-55.3191
580	-55.3199
580.2	-55.3206
580.4	-55.3213
580.6	-55.3221
580.8	-55.3228
581	-55.3235
581.2	-55.3243
581.4	-55.325
581.6	-55.3258
581.8	-55.3265
582	-55.3272
582.2	-55.3279
582.4	-55.3287
582.6	-55.3294
582.8	-55.3301
583	-55.3309
583.2	-55.3316
583.4	-55.3323
583.6	-55.333
583.8	-55.3338
584	-55.3345
584.2	-55.3352
584.4	-55.3359
584.6	-55.3367
584.8	-55.3374
585	-55.3381
585.2	-55.3388
585.4	-55.3395
585.6	-55.3403
585.8	-55.341
586	-55.3417
586.2	-55.3424
586.4	-55.3431
586.6	-55.3438
586.8	-55.3445
587	-55.3452
587.2	-55.346
587.4	-55.3467
587.6	-55.3474
587.8	-55.3481
588	-55.3488
588.2	-55.3495
588.4	-55.3502
588.6	-55.3509
588.8	-55.3516
589	-55.3523
589.2	-55.353
589.4	-55.3537
589.6	-55.3544
589.8	-55.3551
590	-55.3558
590.2	-55.3565
590.4	-55.3572
590.6	-55.3579
590.8	-55.3586
591	-55.3593
591.2	-55.36
591.4	-55.3607
591.6	-55.3614
591.8	-55.3621
592	-55.3628
592.2	-55.3635
592.4	-55.3642
592.6	-55.3649
592.8	-55.3655
593	-55.3662
593.2	-55.3669
593.4	-55.3676
593.6	-55.3683
593.8	-55.369
594	-55.3697
594.2	-55.3703
594.4	-55.371
594.6	-55.3717
594.8	-55.3724
595	-55.3731
595.2	-55.3737
595.4	-55.3744
595.6	-55.3751
595.8	-55.3758
596	-55.3765
596.2	-55.3771
596.4	-55.3778
596.6	-55.3785
596.8	-55.3792
597	-55.3798
597.2	-55.3805
597.4	-55.3812
597.6	-55.3818
597.8	-55.3825
598	-55.3832
598.2	-55.3838
598.4	-55.3845
598.6	-55.3852
598.8	-55.3858
599	-55.3865
599.2	-55.3872
599.4	-55.3878
599.6	-55.3885
599.8	-55.3892
600	-55.3898
600.2	-55.3905
600.4	-55.3911
600.6	-55.3918
600.8	-55.3925
601	-55.3931
601.2	-55.3938
601.4	-55.3944
601.6	-55.3951
601.8	-55.3957
602	-55.3964
602.2	-55.3971
602.4	-55.3977
602.6	-55.3984
602.8	-55.399
603	-55.3997
603.2	-55.4003
603.4	-55.401
603.6	-55.4016
603.8	-55.4023
604	-55.4029
604.2	-55.4036
604.4	-55.4042
604.6	-55.4048
604.8	-55.4055
605	-55.4061
605.2	-55.4068
605.4	-55.4074
605.6	-55.4081
605.8	-55.4087
606	-55.4093
606.2	-55.41
606.4	-55.4106
606.6	-55.4113
606.8	-55.4119
607	-55.4125
607.2	-55.4132
607.4	-55.4138
607.6	-55.4144
607.8	-55.4151
608	-55.4157
608.2	-55.4163
608.4	-55.417
608.6	-55.4176
608.8	-55.4182
609	-55.4188
609.2	-55.4195
609.4	-55.4201
609.6	-55.4207
609.8	-55.4214
610	-55.422
610.2	-55.4226
610.4	-55.4232
610.6	-55.4239
610.8	-55.4245
611	-55.4251
611.2	-55.4257
611.4	-55.4263
611.6	-55.427
611.8	-55.4276
612	-55.4282
612.2	-55.4288
612.4	-55.4294
612.6	-55.43
612.8	-55.4307
613	-55.4313
613.2	-55.4319
613.4	-55.4325
613.6	-55.4331
613.8	-55.4337
614	-55.4343
614.2	-55.435
614.4	-55.4356
614.6	-55.4362
614.8	-55.4368
615	-55.4374
615.2	-55.438
615.4	-55.4386
615.6	-55.4392
615.8	-55.4398
616	-55.4404
616.2	-55.441
616.4	-55.4416
616.6	-55.4422
616.8	-55.4428
617	-55.4434
617.2	-55.444
617.4	-55.4446
617.6	-55.4452
617.8	-55.4458
618	-55.4464
618.2	-55.447
618.4	-55.4476
618.6	-55.4482
618.8	-55.4488
619	-55.4494
619.2	-55.45
619.4	-55.4506
619.6	-55.4512
619.8	-55.4518
620	-55.4524
620.2	-55.453
620.4	-55.4536
620.6	-55.4542
620.8	-55.4548
621	-55.4553
621.2	-55.4559
621.4	-55.4565
621.6	-55.4571
621.8	-55.4577
622	-55.4583
622.2	-55.4589
622.4	-55.4594
622.6	-55.46
622.8	-55.4606
623	-55.4612
623.2	-55.4618
623.4	-55.4624
623.6	-55.4629
623.8	-55.4635
624	-55.4641
624.2	-55.4647
624.4	-55.4652
624.6	-55.4658
624.8	-55.4664
625	-55.467
625.2	-55.4675
625.4	-55.4681
625.6	-55.4687
625.8	-55.4693
626	-55.4698
626.2	-55.4704
626.4	-55.471
626.6	-55.4716
626.8	-55.4721
627	-55.4727
627.2	-55.4733
627.4	-55.4738
627.6	-55.4744
627.8	-55.475
628	-55.4755
628.2	-55.4761
628.4	-55.4767
628.6	-55.4772
628.8	-55.4778
629	-55.4784
629.2	-55.4789
629.4	-55.4795
629.6	-55.48
629.8	-55.4806
630	-55.4812
630.2	-55.4817
630.4	-55.4823
630.6	-55.4828
630.8	-55.4834
631	-55.4839
631.2	-55.4845
631.4	-55.4851
631.6	-55.4856
631.8	-55.4862
632	-55.4867
632.2	-55.4873
632.4	-55.4878
632.6	-55.4884
632.8	-55.4889
633	-55.4895
633.2	-55.49
633.4	-55.4906
633.6	-55.4911
633.8	-55.4917
634	-55.4922
634.2	-55.4928
634.4	-55.4933
634.6	-55.4939
634.8	-55.4944
635	-55.495
635.2	-55.4955
635.4	-55.496
635.6	-55.4966
635.8	-55.4971
636	-55.4977
636.2	-55.4982
636.4	-55.4988
636.6	-55.4993
636.8	-55.4998
637	-55.5004
637.2	-55.5009
637.4	-55.5014
637.6	-55.502
637.8	-55.5025
638	-55.5031
638.2	-55.5036
638.4	-55.5041
638.6	-55.5047
638.8	-55.5052
639	-55.5057
639.2	-55.5063
639.4	-55.5068
639.6	-55.5073
639.8	-55.5079
640	-55.5084
640.2	-55.5089
640.4	-55.5094
640.6	-55.51
640.8	-55.5105
641	-55.511
641.2	-55.5115
641.4	-55.5121
641.6	-55.5126
641.8	-55.5131
642	-55.5136
642.2	-55.5142
642.4	-55.5147
642.6	-55.5152
642.8	-55.5157
643	-55.5163
643.2	-55.5168
643.4	-55.5173
643.6	-55.5178
643.8	-55.5183
644	-55.5189
644.2	-55.5194
644.4	-55.5199
644.6	-55.5204
644.8	-55.5209
645	-55.5214
645.2	-55.522
645.4	-55.5225
645.6	-55.523
645.8	-55.5235
646	-55.524
646.2	-55.5245
646.4	-55.525
646.6	-55.5255
646.8	-55.5261
647	-55.5266
647.2	-55.5271
647.4	-55.5276
647.6	-55.5281
647.8	-55.5286
648	-55.5291
648.2	-55.5296
648.4	-55.5301
648.6	-55.5306
648.8	-55.5311
649	-55.5316
649.2	-55.5321
649.4	-55.5326
649.6	-55.5331
649.8	-55.5336
650	-55.5341
650.2	-55.5346
650.4	-55.5351
650.6	-55.5356
650.8	-55.5361
651	-55.5366
651.2	-55.5371
651.4	-55.5376
651.6	-55.5381
651.8	-55.5386
652	-55.5391
652.2	-55.5396
652.4	-55.5401
652.6	-55.5406
652.8	-55.5411
653	-55.5416
653.2	-55.5421
653.4	-55.5426
653.6	-55.5431
653.8	-55.5436
654	-55.5441
654.2	-55.5445
654.4	-55.545
654.6	-55.5455
654.8	-55.546
655	-55.5465
655.2	-55.547
655.4	-55.5475
655.6	-55.548
655.8	-55.5484
656	-55.5489
656.2	-55.5494
656.4	-55.5499
656.6	-55.5504
656.8	-55.5509
657	-55.5513
657.2	-55.5518
657.4	-55.5523
657.6	-55.5528
657.8	-55.5533
658	-55.5538
658.2	-55.5542
658.4	-55.5547
658.6	-55.5552
658.8	-55.5557
659	-55.5561
659.2	-55.5566
659.4	-55.5571
659.6	-55.5576
659.8	-55.5581
660	-55.5585
660.2	-55.559
660.4	-55.5595
660.6	-55.5599
660.8	-55.5604
661	-55.5609
661.2	-55.5614
661.4	-55.5618
661.6	-55.5623
661.8	-55.5628
662	-55.5632
662.2	-55.5637
662.4	-55.5642
662.6	-55.5647
662.8	-55.5651
663	-55.5656
663.2	-55.5661
663.4	-55.5665
663.6	-55.567
663.8	-55.5674
664	-55.5679
664.2	-55.5684
664.4	-55.5688
664.6	-55.5693
664.8	-55.5698
665	-55.5702
665.2	-55.5707
665.4	-55.5711
665.6	-55.5716
665.8	-55.5721
666	-55.5725
666.2	-55.573
666.4	-55.5734
666.6	-55.5739
666.8	-55.5744
667	-55.5748
667.2	-55.5753
667.4	-55.5757
667.6	-55.5762
667.8	-55.5766
668	-55.5771
668.2	-55.5775
668.4	-55.578
668.6	-55.5785
668.8	-55.5789
669	-55.5794
669.2	-55.5798
669.4	-55.5803
669.6	-55.5807
669.8	-55.5812
670	-55.5816
670.2	-55.5821
670.4	-55.5825
670.6	-55.583
670.8	-55.5834
671	-55.5839
671.2	-55.5843
671.4	-55.5847
671.6	-55.5852
671.8	-55.5856
672	-55.5861
672.2	-55.5865
672.4	-55.587
672.6	-55.5874
672.8	-55.5879
673	-55.5883
673.2	-55.5887
673.4	-55.5892
673.6	-55.5896
673.8	-55.5901
674	-55.5905
674.2	-55.5909
674.4	-55.5914
674.6	-55.5918
674.8	-55.5923
675	-55.5927
675.2	-55.5931
675.4	-55.5936
675.6	-55.594
675.8	-55.5944
676	-55.5949
676.2	-55.5953
676.4	-55.5957
676.6	-55.5962
676.8	-55.5966
677	-55.597
677.2	-55.5975
677.4	-55.5979
677.6	-55.5983
677.8	-55.5988
678	-55.5992
678.2	-55.5996
678.4	-55.6001
678.6	-55.6005
678.8	-55.6009
679	-55.6013
679.2	-55.6018
679.4	-55.6022
679.6	-55.6026
679.8	-55.603
680	-55.6035
680.2	-55.6039
680.4	-55.6043
680.6	-55.6047
680.8	-55.6052
681	-55.6056
681.2	-55.606
681.4	-55.6064
681.6	-55.6069
681.8	-55.6073
682	-55.6077
682.2	-55.6081
682.4	-55.6085
682.6	-55.609
682.8	-55.6094
683	-55.6098
683.2	-55.6102
683.4	-55.6106
683.6	-55.611
683.8	-55.6115
684	-55.6119
684.2	-55.6123
684.4	-55.6127
684.6	-55.6131
684.8	-55.6135
685	-55.614
685.2	-55.6144
685.4	-55.6148
685.6	-55.6152
685.8	-55.6156
686	-55.616
686.2	-55.6164
686.4	-55.6168
686.6	-55.6173
686.8	-55.6177
687	-55.6181
687.2	-55.6185
687.4	-55.6189
687.6	-55.6193
687.8	-55.6197
688	-55.6201
688.2	-55.6205
688.4	-55.6209
688.6	-55.6213
688.8	-55.6217
689	-55.6221
689.2	-55.6226
689.4	-55.623
689.6	-55.6234
689.8	-55.6238
690	-55.6242
690.2	-55.6246
690.4	-55.625
690.6	-55.6254
690.8	-55.6258
691	-55.6262
691.2	-55.6266
691.4	-55.627
691.6	-55.6274
691.8	-55.6278
692	-55.6282
692.2	-55.6286
692.4	-55.629
692.6	-55.6294
692.8	-55.6298
693	-55.6302
693.2	-55.6306
693.4	-55.6309
693.6	-55.6313
693.8	-55.6317
694	-55.6321
694.2	-55.6325
694.4	-55.6329
694.6	-55.6333
694.8	-55.6337
695	-55.6341
695.2	-55.6345
695.4	-55.6349
695.6	-55.6353
695.8	-55.6357
696	-55.6361
696.2	-55.6364
696.4	-55.6368
696.6	-55.6372
696.8	-55.6376
697	-55.638
697.2	-55.6384
697.4	-55.6388
697.6	-55.6392
697.8	-55.6395
698	-55.6399
698.2	-55.6403
698.4	-55.6407
698.6	-55.6411
698.8	-55.6415
699	-55.6419
699.2	-55.6422
699.4	-55.6426
699.6	-55.643
699.8	-55.6434
700	-55.6438
700.2	-55.9841
700.4	-56.3177
700.6	-56.6446
700.8	-56.9649
701	-57.2787
701.2	-57.586
701.4	-57.887
701.6	-58.1818
701.8	-58.4705
702	-58.7532
702.2	-59.0299
702.4	-59.3009
702.6	-59.5663
702.8	-59.826
703	-60.0804
703.2	-60.3294
703.4	-60.5731
703.6	-60.8118
703.8	-61.0454
704	-61.2741
704.2	-61.4979
704.4	-61.7171
704.6	-61.9317
704.8	-62.1417
705	-62.3473
705.2	-62.5485
705.4	-62.7455
705.6	-62.9384
705.8	-63.1272
706	-63.312
706.2	-63.4929
706.4	-63.6699
706.6	-63.8432
706.8	-64.0129
707	-64.179
707.2	-64.3415
707.4	-64.5006
707.6	-64.6564
707.8	-64.8088
708	-64.958
708.2	-65.1041
708.4	-65.2471
708.6	-65.387
708.8	-65.524
709	-65.658
709.2	-65.7893
709.4	-65.9177
709.6	-66.0434
709.8	-66.1665
710	-66.2869
710.2	-66.4047
710.4	-66.5201
710.6	-66.633
710.8	-66.7435
711	-66.8517
711.2	-66.9576
711.4	-67.0612
711.6	-67.1626
711.8	-67.2618
712	-67.359
712.2	-67.454
712.4	-67.5471
712.6	-67.6381
712.8	-67.7272
713	-67.8144
713.2	-67.8998
713.4	-67.9833
713.6	-68.065
713.8	-68.145
714	-68.2233
714.2	-68.2999
714.4	-68.3749
714.6	-68.4482
714.8	-68.52
715	-68.5903
715.2	-68.659
715.4	-68.7263
715.6	-68.7921
715.8	-68.8565
716	-68.9195
716.2	-68.9812
716.4	-69.0416
716.6	-69.1006
716.8	-69.1584
717	-69.2149
717.2	-69.2702
717.4	-69.3244
717.6	-69.3773
717.8	-69.4291
718	-69.4798
718.2	-69.5294
718.4	-69.5779
718.6	-69.6254
718.8	-69.6719
719	-69.7173
719.2	-69.7617
719.4	-69.8052
719.6	-69.8478
719.8	-69.8894
720	-69.9301
720.2	-69.9699
720.4	-70.0089
720.6	-70.047
720.8	-70.0843
721	-70.1207
721.2	-70.1564
721.4	-70.1913
721.6	-70.2254
721.8	-70.2588
722	-70.2914
722.2	-70.3233
722.4	-70.3545
722.6	-70.3851
722.8	-70.4149
723	-70.4441
723.2	-70.4727
723.4	-70.5006
723.6	-70.5279
723.8	-70.5546
724	-70.5807
724.2	-70.6062
724.4	-70.6312
724.6	-70.6556
724.8	-70.6795
725	-70.7028
725.2	-70.7256
725.4	-70.7479
725.6	-70.7697
725.8	-70.791
726	-70.8118
726.2	-70.8322
726.4	-70.852
726.6	-70.8715
726.8	-70.8905
727	-70.9091
727.2	-70.9272
727.4	-70.945
727.6	-70.9623
727.8	-70.9792
728	-70.9958
728.2	-71.012
728.4	-71.0278
728.6	-71.0432
728.8	-71.0583
729	-71.073
729.2	-71.0874
729.4	-71.1015
729.6	-71.1152
729.8	-71.1286
730	-71.1417
730.2	-71.1545
730.4	-71.167
730.6	-71.1792
730.8	-71.1911
731	-71.2027
731.2	-71.2141
731.4	-71.2251
731.6	-71.236
731.8	-71.2465
732	-71.2568
732.2	-71.2669
732.4	-71.2767
732.6	-71.2863
732.8	-71.2956
733	-71.3047
733.2	-71.3136
733.4	-71.3223
733.6	-71.3307
733.8	-71.339
734	-71.347
734.2	-71.3549
734.4	-71.3625
734.6	-71.37
734.8	-71.3773
735	-71.3843
735.2	-71.3913
735.4	-71.398
735.6	-71.4045
735.8	-71.4109
736	-71.4171
736.2	-71.4232
736.4	-71.4291
736.6	-71.4348
736.8	-71.4404
737	-71.4459
737.2	-71.4512
737.4	-71.4563
737.6	-71.4614
737.8	-71.4662
738	-71.471
738.2	-71.4756
738.4	-71.4801
738.6	-71.4845
738.8	-71.4887
739	-71.4928
739.2	-71.4968
739.4	-71.5007
739.6	-71.5045
739.8	-71.5081
740	-71.5117
740.2	-71.5152
740.4	-71.5185
740.6	-71.5217
740.8	-71.5249
741	-71.5279
741.2	-71.5309
741.4	-71.5338
741.6	-71.5365
741.8	-71.5392
742	-71.5418
742.2	-71.5443
742.4	-71.5468
742.6	-71.5491
742.8	-71.5514
743	-71.5536
743.2	-71.5557
743.4	-71.5577
743.6	-71.5597
743.8	-71.5616
744	-71.5634
744.2	-71.5651
744.4	-71.5668
744.6	-71.5685
744.8	-71.57
745	-71.5715
745.2	-71.5729
745.4	-71.5743
745.6	-71.5756
745.8	-71.5769
746	-71.5781
746.2	-71.5792
746.4	-71.5803
746.6	-71.5814
746.8	-71.5823
747	-71.5833
747.2	-71.5842
747.4	-71.585
747.6	-71.5858
747.8	-71.5865
748	-71.5872
748.2	-71.5879
748.4	-71.5885
748.6	-71.5891
748.8	-71.5896
749	-71.5901
749.2	-71.5905
749.4	-71.5909
749.6	-71.5913
749.8	-71.5916
750	-71.5919
750.2	-71.5922
750.4	-71.5924
750.6	-71.5926
750.8	-71.5928
751	-71.5929
751.2	-71.593
751.4	-71.593
751.6	-71.5931
751.8	-71.5931
752	-71.593
752.2	-71.593
752.4	-71.5929
752.6	-71.5928
752.8	-71.5926
753	-71.5925
753.2	-71.5923
753.4	-71.5921
753.6	-71.5918
753.8	-71.5916
754	-71.5913
754.2	-71.591
754.4	-71.5907
754.6	-71.5903
754.8	-71.5899
755	-71.5895
755.2	-71.5891
755.4	-71.5887
755.6	-71.5882
755.8	-71.5878
756	-71.5873
756.2	-71.5868
756.4	-71.5862
756.6	-71.5857
756.8	-71.5851
757	-71.5845
757.2	-71.584
757.4	-71.5833
757.6	-71.5827
757.8	-71.5821
758	-71.5814
758.2	-71.5807
758.4	-71.5801
758.6	-71.5794
758.8	-71.5787
759	-71.5779
759.2	-71.5772
759.4	-71.5765
759.6	-71.5757
759.8	-71.5749
760	-71.5741
760.2	-71.5733
760.4	-71.5725
760.6	-71.5717
760.8	-71.5709
761	-71.5701
761.2	-71.5692
761.4	-71.5684
761.6	-71.5675
761.8	-71.5666
762	-71.5657
762.2	-71.5648
762.4	-71.5639
762.6	-71.563
762.8	-71.5621
763	-71.5612
763.2	-71.5603
763.4	-71.5593
763.6	-71.5584
763.8	-71.5574
764	-71.5564
764.2	-71.5555
764.4	-71.5545
764.6	-71.5535
764.8	-71.5525
765	-71.5515
765.2	-71.5505
765.4	-71.5495
765.6	-71.5485
765.8	-71.5475
766	-71.5465
766.2	-71.5454
766.4	-71.5444
766.6	-71.5434
766.8	-71.5423
767	-71.5413
767.2	-71.5402
767.4	-71.5392
767.6	-71.5381
767.8	-71.537
768	-71.536
768.2	-71.5349
768.4	-71.5338
768.6	-71.5328
768.8	-71.5317
769	-71.5306
769.2	-71.5295
769.4	-71.5284
769.6	-71.5273
769.8	-71.5262
770	-71.5251
770.2	-71.524
770.4	-71.5229
770.6	-71.5218
770.8	-71.5207
771	-71.5195
771.2	-71.5184
771.4	-71.5173
771.6	-71.5162
771.8	-71.5151
772	-71.5139
772.2	-71.5128
772.4	-71.5117
772.6	-71.5105
772.8	-71.5094
773	-71.5083
773.2	-71.5071
773.4	-71.506
773.6	-71.5049
773.8	-71.5037
774	-71.5026
774.2	-71.5014
774.4	-71.5003
774.6	-71.4991
774.8	-71.498
775	-71.4968
775.2	-71.4957
775.4	-71.4945
775.6	-71.4934
775.8	-71.4922
776	-71.4911
776.2	-71.4899
776.4	-71.4888
776.6	-71.4876
776.8	-71.4865
777	-71.4853
777.2	-71.4841
777.4	-71.483
777.6	-71.4818
777.8	-71.4807
778	-71.4795
778.2	-71.4784
778.4	-71.4772
778.6	-71.476
778.8	-71.4749
779	-71.4737
779.2	-71.4726
779.4	-71.4714
779.6	-71.4702
779.8	-71.4691
780	-71.4679
780.2	-71.4668
780.4	-71.4656
780.6	-71.4644
780.8	-71.4633
781	-71.4621
781.2	-71.461
781.4	-71.4598
781.6	-71.4586
781.8	-71.4575
782	-71.4563
782.2	-71.4552
782.4	-71.454
782.6	-71.4529
782.8	-71.4517
783	-71.4505
783.2	-71.4494
783.4	-71.4482
783.6	-71.4471
783.8	-71.4459
784	-71.4448
784.2	-71.4436
784.4	-71.4425
784.6	-71.4413
784.8	-71.4402
785	-71.439
785.2	-71.4379
785.4	-71.4367
785.6	-71.4356
785.8	-71.4344
786	-71.4333
786.2	-71.4321
786.4	-71.431
786.6	-71.4298
786.8	-71.4287
787	-71.4276
787.2	-71.4264
787.4	-71.4253
787.6	-71.4241
787.8	-71.423
788	-71.4219
788.2	-71.4207
788.4	-71.4196
788.6	-71.4184
788.8	-71.4173
789	-71.4162
789.2	-71.415
789.4	-71.4139
789.6	-71.4128
789.8	-71.4117
790	-71.4105
790.2	-71.4094
790.4	-71.4083
790.6	-71.4072
790.8	-71.406
791	-71.4049
791.2	-71.4038
791.4	-71.4027
791.6	-71.4015
791.8	-71.4004
792	-71.3993
792.2	-71.3982
792.4	-71.3971
792.6	-71.396
792.8	-71.3948
793	-71.3937
793.2	-71.3926
793.4	-71.3915
793.6	-71.3904
793.8	-71.3893
794	-71.3882
794.2	-71.3871
794.4	-71.386
794.6	-71.3849
794.8	-71.3838
795	-71.3827
795.2	-71.3816
795.4	-71.3805
795.6	-71.3794
795.8	-71.3783
796	-71.3772
796.2	-71.3761
796.4	-71.375
796.6	-71.3739
796.8	-71.3728
797	-71.3717
797.2	-71.3706
797.4	-71.3696
797.6	-71.3685
797.8	-71.3674
798	-71.3663
798.2	-71.3652
798.4	-71.3641
798.6	-71.3631
798.8	-71.362
799	-71.3609
799.2	-71.3598
799.4	-71.3588
799.6	-71.3577
799.8	-71.3566
800	-71.3555
800.2	-71.3545
800.4	-71.3534
800.6	-71.3523
800.8	-71.3513
801	-71.3502
801.2	-71.3492
801.4	-71.3481
801.6	-71.347
801.8	-71.346
802	-71.3449
802.2	-71.3439
802.4	-71.3428
802.6	-71.3418
802.8	-71.3407
803	-71.3397
803.2	-71.3386
803.4	-71.3376
803.6	-71.3365
803.8	-71.3355
804	-71.3344
804.2	-71.3334
804.4	-71.3323
804.6	-71.3313
804.8	-71.3303
805	-71.3292
805.2	-71.3282
805.4	-71.3272
805.6	-71.3261
805.8	-71.3251
806	-71.3241
806.2	-71.323
806.4	-71.322
806.6	-71.321
806.8	-71.3199
807	-71.3189
807.2	-71.3179
807.4	-71.3169
807.6	-71.3159
807.8	-71.3148
808	-71.3138
808.2	-71.3128
808.4	-71.3118
808.6	-71.3108
808.8	-71.3098
809	-71.3088
809.2	-71.3077
809.4	-71.3067
809.6	-71.3057
809.8	-71.3047
810	-71.3037
810.2	-71.3027
810.4	-71.3017
810.6	-71.3007
810.8	-71.2997
811	-71.2987
811.2	-71.2977
811.4	-71.2967
811.6	-71.2957
811.8	-71.2947
812	-71.2938
812.2	-71.2928
812.4	-71.2918
812.6	-71.2908
812.8	-71.2898
813	-71.2888
813.2	-71.2878
813.4	-71.2868
813.6	-71.2859
813.8	-71.2849
814	-71.2839
814.2	-71.2829
814.4	-71.282
814.6	-71.281
814.8	-71.28
815	-71.279
815.2	-71.2781
815.4	-71.2771
815.6	-71.2761
815.8	-71.2752
816	-71.2742
816.2	-71.2732
816.4	-71.2723
816.6	-71.2713
816.8	-71.2704
817	-71.2694
817.2	-71.2684
817.4	-71.2675
817.6	-71.2665
817.8	-71.2656
818	-71.2646
818.2	-71.2637
818.4	-71.2627
818.6	-71.2618
818.8	-71.2608
819	-71.2599
819.2	-71.2589
819.4	-71.258
819.6	-71.257
819.8	-71.2561
820	-71.2552
820.2	-71.2542
820.4	-71.2533
820.6	-71.2524
820.8	-71.2514
821	-71.2505
821.2	-71.2496
821.4	-71.2486
821.6	-71.2477
821.8	-71.2468
822	-71.2458
822.2	-71.2449
822.4	-71.244
822.6	-71.2431
822.8	-71.2421
823	-71.2412
823.2	-71.2403
823.4	-71.2394
823.6	-71.2385
823.8	-71.2376
824	-71.2366
824.2	-71.2357
824.4	-71.2348
824.6	-71.2339
824.8	-71.233
825	-71.2321
825.2	-71.2312
825.4	-71.2303
825.6	-71.2294
825.8	-71.2285
826	-71.2276
826.2	-71.2267
826.4	-71.2258
826.6	-71.2249
826.8	-71.224
827	-71.2231
827.2	-71.2222
827.4	-71.2213
827.6	-71.2204
827.8	-71.2195
828	-71.2186
828.2	-71.2177
828.4	-71.2168
828.6	-71.216
828.8	-71.2151
829	-71.2142
829.2	-71.2133
829.4	-71.2124
829.6	-71.2115
829.8	-71.2107
830	-71.2098
830.2	-71.2089
830.4	-71.208
830.6	-71.2072
830.8	-71.2063
831	-71.2054
831.2	-71.2045
831.4	-71.2037
831.6	-71.2028
831.8	-71.2019
832	-71.2011
832.2	-71.2002
832.4	-71.1993
832.6	-71.1985
832.8	-71.1976
833	-71.1968
833.2	-71.1959
833.4	-71.195
833.6	-71.1942
833.8	-71.1933
834	-71.1925
834.2	-71.1916
834.4	-71.1908
834.6	-71.1899
834.8	-71.1891
835	-71.1882
835.2	-71.1874
835.4	-71.1865
835.6	-71.1857
835.8	-71.1849
836	-71.184
836.2	-71.1832
836.4	-71.1823
836.6	-71.1815
836.8	-71.1806
837	-71.1798
837.2	-71.179
837.4	-71.1781
837.6	-71.1773
837.8	-71.1765
838	-71.1756
838.2	-71.1748
838.4	-71.174
838.6	-71.1732
838.8	-71.1723
839	-71.1715
839.2	-71.1707
839.4	-71.1699
839.6	-71.169
839.8	-71.1682
840	-71.1674
840.2	-71.1666
840.4	-71.1658
840.6	-71.1649
840.8	-71.1641
841	-71.1633
841.2	-71.1625
841.4	-71.1617
841.6	-71.1609
841.8	-71.1601
842	-71.1593
842.2	-71.1585
842.4	-71.1577
842.6	-71.1568
842.8	-71.156
843	-71.1552
843.2	-71.1544
843.4	-71.1536
843.6	-71.1528
843.8	-71.152
844	-71.1512
844.2	-71.1504
844.4	-71.1497
844.6	-71.1489
844.8	-71.1481
845	-71.1473
845.2	-71.1465
845.4	-71.1457
845.6	-71.1449
845.8	-71.1441
846	-71.1433
846.2	-71.1425
846.4	-71.1418
846.6	-71.141
846.8	-71.1402
847	-71.1394
847.2	-71.1386
847.4	-71.1379
847.6	-71.1371
847.8	-71.1363
848	-71.1355
848.2	-71.1348
848.4	-71.134
848.6	-71.1332
848.8	-71.1324
849	-71.1317
849.2	-71.1309
849.4	-71.1301
849.6	-71.1294
849.8	-71.1286
850	-71.1278
850.2	-71.1271
850.4	-71.1263
850.6	-71.1255
850.8	-71.1248
851	-71.124
851.2	-71.1233
851.4	-71.1225
851.6	-71.1217
851.8	-71.121
852	-71.1202
852.2	-71.1195
852.4	-71.1187
852.6	-71.118
852.8	-71.1172
853	-71.1165
853.2	-71.1157
853.4	-71.115
853.6	-71.1142
853.8	-71.1135
854	-71.1127
854.2	-71.112
854.4	-71.1113
854.6	-71.1105
854.8	-71.1098
855	-71.109
855.2	-71.1083
855.4	-71.1076
855.6	-71.1068
855.8	-71.1061
856	-71.1054
856.2	-71.1046
856.4	-71.1039
856.6	-71.1032
856.8	-71.1024
857	-71.1017
857.2	-71.101
857.4	-71.1002
857.6	-71.0995
857.8	-71.0988
858	-71.0981
858.2	-71.0973
858.4	-71.0966
858.6	-71.0959
858.8	-71.0952
859	-71.0945
859.2	-71.0937
859.4	-71.093
859.6	-71.0923
859.8	-71.0916
860	-71.0909
860.2	-71.0902
860.4	-71.0895
860.6	-71.0887
860.8	-71.088
861	-71.0873
861.2	-71.0866
861.4	-71.0859
861.6	-71.0852
861.8	-71.0845
862	-71.0838
862.2	-71.0831
862.4	-71.0824
862.6	-71.0817
862.8	-71.081
863	-71.0803
863.2	-71.0796
863.4	-71.0789
863.6	-71.0782
863.8	-71.0775
864	-71.0768
864.2	-71.0761
864.4	-71.0754
864.6	-71.0747
864.8	-71.074
865	-71.0733
865.2	-71.0726
865.4	-71.072
865.6	-71.0713
865.8	-71.0706
866	-71.0699
866.2	-71.0692
866.4	-71.0685
866.6	-71.0678
866.8	-71.0672
867	-71.0665
867.2	-71.0658
867.4	-71.0651
867.6	-71.0645
867.8	-71.0638
868	-71.0631
868.2	-71.0624
868.4	-71.0617
868.6	-71.0611
868.8	-71.0604
869	-71.0597
869.2	-71.0591
869.4	-71.0584
869.6	-71.0577
869.8	-71.0571
870	-71.0564
870.2	-71.0557
870.4	-71.0551
870.6	-71.0544
870.8	-71.0537
871	-71.0531
871.2	-71.0524
871.4	-71.0517
871.6	-71.0511
871.8	-71.0504
872	-71.0498
872.2	-71.0491
872.4	-71.0485
872.6	-71.0478
872.8	-71.0471
873	-71.0465
873.2	-71.0458
873.4	-71.0452
873.6	-71.0445
873.8	-71.0439
874	-71.0432
874.2	-71.0426
874.4	-71.0419
874.6	-71.0413
874.8	-71.0407
875	-71.04
875.2	-71.0394
875.4	-71.0387
875.6	-71.0381
875.8	-71.0374
876	-71.0368
876.2	-71.0362
876.4	-71.0355
876.6	-71.0349
876.8	-71.0342
877	-71.0336
877.2	-71.033
877.4	-71.0323
877.6	-71.0317
877.8	-71.0311
878	-71.0304
878.2	-71.0298
878.4	-71.0292
878.6	-71.0286
878.8	-71.0279
879	-71.0273
879.2	-71.0267
879.4	-71.0261
879.6	-71.0254
879.8	-71.0248
880	-71.0242
880.2	-71.0236
880.4	-71.0229
880.6	-71.0223
880.8	-71.0217
881	-71.0211
881.2	-71.0205
881.4	-71.0199
881.6	-71.0192
881.8	-71.0186
882	-71.018
882.2	-71.0174
882.4	-71.0168
882.6	-71.0162
882.8	-71.0156
883	-71.015
883.2	-71.0143
883.4	-71.0137
883.6	-71.0131
883.8	-71.0125
884	-71.0119
884.2	-71.0113
884.4	-71.0107
884.6	-71.0101
884.8	-71.0095
885	-71.0089
885.2	-71.0083
885.4	-71.0077
885.6	-71.0071
885.8	-71.0065
886	-71.0059
886.2	-71.0053
886.4	-71.0047
886.6	-71.0041
886.8	-71.0035
887	-71.0029
887.2	-71.0023
887.4	-71.0017
887.6	-71.0012
887.8	-71.0006
888	-71
888.2	-70.9994
888.4	-70.9988
888.6	-70.9982
888.8	-70.9976
889	-70.997
889.2	-70.9965
889.4	-70.9959
889.6	-70.9953
889.8	-70.9947
890	-70.9941
890.2	-70.9935
890.4	-70.993
890.6	-70.9924
890.8	-70.9918
891	-70.9912
891.2	-70.9907
891.4	-70.9901
891.6	-70.9895
891.8	-70.9889
892	-70.9884
892.2	-70.9878
892.4	-70.9872
892.6	-70.9866
892.8	-70.9861
893	-70.9855
893.2	-70.9849
893.4	-70.9844
893.6	-70.9838
893.8	-70.9832
894	-70.9827
894.2	-70.9821
894.4	-70.9815
894.6	-70.981
894.8	-70.9804
895	-70.9799
895.2	-70.9793
895.4	-70.9787
895.6	-70.9782
895.8	-70.9776
896	-70.9771
896.2	-70.9765
896.4	-70.9759
896.6	-70.9754
896.8	-70.9748
897	-70.9743
897.2	-70.9737
897.4	-70.9732
897.6	-70.9726
897.8	-70.9721
898	-70.9715
898.2	-70.971
898.4	-70.9704
898.6	-70.9699
898.8	-70.9693
899	-70.9688
899.2	-70.9682
899.4	-70.9677
899.6	-70.9672
899.8	-70.9666
900	-70.9661
900.2	-70.9655
900.4	-70.965
900.6	-70.9644
900.8	-70.9639
901	-70.9634
901.2	-70.9628
901.4	-70.9623
901.6	-70.9618
901.8	-70.9612
902	-70.9607
902.2	-70.9601
902.4	-70.9596
902.6	-70.9591
902.8	-70.9585
903	-70.958
903.2	-70.9575
903.4	-70.957
903.6	-70.9564
903.8	-70.9559
904	-70.9554
904.2	-70.9548
904.4	-70.9543
904.6	-70.9538
904.8	-70.9533
905	-70.9527
905.2	-70.9522
905.4	-70.9517
905.6	-70.9512
905.8	-70.9507
906	-70.9501
906.2	-70.9496
906.4	-70.9491
906.6	-70.9486
906.8	-70.9481
907	-70.9475
907.2	-70.947
907.4	-70.9465
907.6	-70.946
907.8	-70.9455
908	-70.945
908.2	-70.9445
908.4	-70.9439
908.6	-70.9434
908.8	-70.9429
909	-70.9424
909.2	-70.9419
909.4	-70.9414
909.6	-70.9409
909.8	-70.9404
910	-70.9399
910.2	-70.9394
910.4	-70.9389
910.6	-70.9384
910.8	-70.9379
911	-70.9373
911.2	-70.9368
911.4	-70.9363
911.6	-70.9358
911.8	-70.9353
912	-70.9348
912.2	-70.9343
912.4	-70.9338
912.6	-70.9333
912.8	-70.9329
913	-70.9324
913.2	-70.9319
913.4	-70.9314
913.6	-70.9309
913.8	-70.9304
914	-70.9299
914.2	-70.9294
914.4	-70.9289
914.6	-70.9284
914.8	-70.9279
915	-70.9274
915.2	-70.9269
915.4	-70.9265
915.6	-70.926
915.8	-70.9255
916	-70.925
916.2	-70.9245
916.4	-70.924
916.6	-70.9235
916.8	-70.9231
917	-70.9226
917.2	-70.9221
917.4	-70.9216
917.6	-70.9211
917.8	-70.9206
918	-70.9202
918.2	-70.9197
918.4	-70.9192
918.6	-70.9187
918.8	-70.9183
919	-70.9178
919.2	-70.9173
919.4	-70.9168
919.6	-70.9164
919.8	-70.9159
920	-70.9154
920.2	-70.9149
920.4	-70.9145
920.6	-70.914
920.8	-70.9135
921	-70.9131
921.2	-70.9126
921.4	-70.9121
921.6	-70.9117
921.8	-70.9112
922	-70.9107
922.2	-70.9103
922.4	-70.9098
922.6	-70.9093
922.8	-70.9089
923	-70.9084
923.2	-70.9079
923.4	-70.9075
923.6	-70.907
923.8	-70.9065
924	-70.9061
924.2	-70.9056
924.4	-70.9052
924.6	-70.9047
924.8	-70.9043
925	-70.9038
925.2	-70.9033
925.4	-70.9029
925.6	-70.9024
925.8	-70.902
926	-70.9015
926.2	-70.9011
926.4	-70.9006
926.6	-70.9002
926.8	-70.8997
927	-70.8993
927.2	-70.8988
927.4	-70.8984
927.6	-70.8979
927.8	-70.8975
928	-70.897
928.2	-70.8966
928.4	-70.8961
928.6	-70.8957
928.8	-70.8952
929	-70.8948
929.2	-70.8943
929.4	-70.8939
929.6	-70.8935
929.8	-70.893
930	-70.8926
930.2	-70.8921
930.4	-70.8917
930.6	-70.8913
930.8	-70.8908
931	-70.8904
931.2	-70.8899
931.4	-70.8895
931.6	-70.8891
931.8	-70.8886
932	-70.8882
932.2	-70.8878
932.4	-70.8873
932.6	-70.8869
932.8	-70.8865
933	-70.886
933.2	-70.8856
933.4	-70.8852
933.6	-70.8847
933.8	-70.8843
934	-70.8839
934.2	-70.8834
934.4	-70.883
934.6	-70.8826
934.8	-70.8822
935	-70.8817
935.2	-70.8813
935.4	-70.8809
935.6	-70.8805
935.8	-70.88
936	-70.8796
936.2	-70.8792
936.4	-70.8788
936.6	-70.8783
936.8	-70.8779
937	-70.8775
937.2	-70.8771
937.4	-70.8767
937.6	-70.8762
937.8	-70.8758
938	-70.8754
938.2	-70.875
938.4	-70.8746
938.6	-70.8742
938.8	-70.8737
939	-70.8733
939.2	-70.8729
939.4	-70.8725
939.6	-70.8721
939.8	-70.8717
940	-70.8713
940.2	-70.8708
940.4	-70.8704
940.6	-70.87
940.8	-70.8696
941	-70.8692
941.2	-70.8688
941.4	-70.8684
941.6	-70.868
941.8	-70.8676
942	-70.8672
942.2	-70.8668
942.4	-70.8664
942.6	-70.866
942.8	-70.8655
943	-70.8651
943.2	-70.8647
943.4	-70.8643
943.6	-70.8639
943.8	-70.8635
944	-70.8631
944.2	-70.8627
944.4	-70.8623
944.6	-70.8619
944.8	-70.8615
945	-70.8611
945.2	-70.8607
945.4	-70.8603
945.6	-70.8599
945.8	-70.8596
946	-70.8592
946.2	-70.8588
946.4	-70.8584
946.6	-70.858
946.8	-70.8576
947	-70.8572
947.2	-70.8568
947.4	-70.8564
947.6	-70.856
947.8	-70.8556
948	-70.8552
948.2	-70.8548
948.4	-70.8545
948.6	-70.8541
948.8	-70.8537
949	-70.8533
949.2	-70.8529
949.4	-70.8525
949.6	-70.8521
949.8	-70.8517
950	-70.8514
950.2	-70.851
950.4	-70.8506
950.6	-70.8502
950.8	-70.8498
951	-70.8494
951.2	-70.8491
951.4	-70.8487
951.6	-70.8483
951.8	-70.8479
952	-70.8475
952.2	-70.8472
952.4	-70.8468
952.6	-70.8464
952.8	-70.846
953	-70.8456
953.2	-70.8453
953.4	-70.8449
953.6	-70.8445
953.8	-70.8441
954	-70.8438
954.2	-70.8434
954.4	-70.843
954.6	-70.8427
954.8	-70.8423
955	-70.8419
955.2	-70.8415
955.4	-70.8412
955.6	-70.8408
955.8	-70.8404
956	-70.8401
956.2	-70.8397
956.4	-70.8393
956.6	-70.839
956.8	-70.8386
957	-70.8382
957.2	-70.8379
957.4	-70.8375
957.6	-70.8371
957.8	-70.8368
958	-70.8364
958.2	-70.836
958.4	-70.8357
958.6	-70.8353
958.8	-70.8349
959	-70.8346
959.2	-70.8342
959.4	-70.8339
959.6	-70.8335
959.8	-70.8331
960	-70.8328
960.2	-70.8324
960.4	-70.8321
960.6	-70.8317
960.8	-70.8313
961	-70.831
961.2	-70.8306
961.4	-70.8303
961.6	-70.8299
961.8	-70.8296
962	-70.8292
962.2	-70.8289
962.4	-70.8285
962.6	-70.8282
962.8	-70.8278
963	-70.8274
963.2	-70.8271
963.4	-70.8267
963.6	-70.8264
963.8	-70.826
964	-70.8257
964.2	-70.8253
964.4	-70.825
964.6	-70.8247
964.8	-70.8243
965	-70.824
965.2	-70.8236
965.4	-70.8233
965.6	-70.8229
965.8	-70.8226
966	-70.8222
966.2	-70.8219
966.4	-70.8215
966.6	-70.8212
966.8	-70.8209
967	-70.8205
967.2	-70.8202
967.4	-70.8198
967.6	-70.8195
967.8	-70.8191
968	-70.8188
968.2	-70.8185
968.4	-70.8181
968.6	-70.8178
968.8	-70.8175
969	-70.8171
969.2	-70.8168
969.4	-70.8164
969.6	-70.8161
969.8	-70.8158
970	-70.8154
970.2	-70.8151
970.4	-70.8148
970.6	-70.8144
970.8	-70.8141
971	-70.8138
971.2	-70.8134
971.4	-70.8131
971.6	-70.8128
971.8	-70.8124
972	-70.8121
972.2	-70.8118
972.4	-70.8114
972.6	-70.8111
972.8	-70.8108
973	-70.8105
973.2	-70.8101
973.4	-70.8098
973.6	-70.8095
973.8	-70.8091
974	-70.8088
974.2	-70.8085
974.4	-70.8082
974.6	-70.8078
974.8	-70.8075
975	-70.8072
975.2	-70.8069
975.4	-70.8065
975.6	-70.8062
975.8	-70.8059
976	-70.8056
976.2	-70.8053
976.4	-70.8049
976.6	-70.8046
976.8	-70.8043
977	-70.804
977.2	-70.8037
977.4	-70.8033
977.6	-70.803
977.8	-70.8027
978	-70.8024
978.2	-70.8021
978.4	-70.8018
978.6	-70.8014
978.8	-70.8011
979	-70.8008
979.2	-70.8005
979.4	-70.8002
979.6	-70.7999
979.8	-70.7995
980	-70.7992
980.2	-70.7989
980.4	-70.7986
980.6	-70.7983
980.8	-70.798
981	-70.7977
981.2	-70.7974
981.4	-70.7971
981.6	-70.7967
981.8	-70.7964
982	-70.7961
982.2	-70.7958
982.4	-70.7955
982.6	-70.7952
982.8	-70.7949
983	-70.7946
983.2	-70.7943
983.4	-70.794
983.6	-70.7937
983.8	-70.7934
984	-70.7931
984.2	-70.7928
984.4	-70.7925
984.6	-70.7922
984.8	-70.7918
985	-70.7915
985.2	-70.7912
985.4	-70.7909
985.6	-70.7906
985.8	-70.7903
986	-70.79
986.2	-70.7897
986.4	-70.7894
986.6	-70.7891
986.8	-70.7888
987	-70.7885
987.2	-70.7882
987.4	-70.7879
987.6	-70.7877
987.8	-70.7874
988	-70.7871
988.2	-70.7868
988.4	-70.7865
988.6	-70.7862
988.8	-70.7859
989	-70.7856
989.2	-70.7853
989.4	-70.785
989.6	-70.7847
989.8	-70.7844
990	-70.7841
990.2	-70.7838
990.4	-70.7835
990.6	-70.7832
990.8	-70.783
991	-70.7827
991.2	-70.7824
991.4	-70.7821
991.6	-70.7818
991.8	-70.7815
992	-70.7812
992.2	-70.7809
992.4	-70.7806
992.6	-70.7803
992.8	-70.7801
993	-70.7798
993.2	-70.7795
993.4	-70.7792
993.6	-70.7789
993.8	-70.7786
994	-70.7784
994.2	-70.7781
994.4	-70.7778
994.6	-70.7775
994.8	-70.7772
995	-70.7769
995.2	-70.7766
995.4	-70.7764
995.6	-70.7761
995.8	-70.7758
996	-70.7755
996.2	-70.7752
996.4	-70.775
996.6	-70.7747
996.8	-70.7744
997	-70.7741
997.2	-70.7738
997.4	-70.7736
997.6	-70.7733
997.8	-70.773
998	-70.7727
998.2	-70.7725
998.4	-70.7722
998.6	-70.7719
998.8	-70.7716
999	-70.7714
999.2	-70.7711
999.4	-70.7708
999.6	-70.7705
999.8	-70.7703
1000	-70.77
