label:PY[0].soma.m_im
5001
0	0
0.2	3.70744e-05
0.4	7.41019e-05
0.6	0.000111083
0.8	0.000148016
1	0.000184903
1.2	0.000221743
1.4	0.000258537
1.6	0.000295283
1.8	0.000331983
2	0.000368636
2.2	0.000405243
2.4	0.000441802
2.6	0.000478316
2.8	0.000514782
3	0.000551203
3.2	0.000587576
3.4	0.000623904
3.6	0.000660185
3.8	0.000696419
4	0.000732607
4.2	0.000768749
4.4	0.000804844
4.6	0.000840894
4.8	0.000876897
5	0.000912854
5.2	0.000948765
5.4	0.000984629
5.6	0.00102045
5.8	0.00105622
6	0.00109195
6.2	0.00112763
6.4	0.00116326
6.6	0.00119885
6.8	0.0012344
7	0.00126989
7.2	0.00130534
7.4	0.00134075
7.6	0.00137611
7.8	0.00141143
8	0.00144669
8.2	0.00148192
8.4	0.0015171
8.6	0.00155223
8.8	0.00158732
9	0.00162236
9.2	0.00165736
9.4	0.00169231
9.6	0.00172721
9.8	0.00176207
10	0.00179689
10.2	0.00183166
10.4	0.00186639
10.6	0.00190107
10.8	0.0019357
11	0.00197029
11.2	0.00200484
11.4	0.00203934
11.6	0.0020738
11.8	0.00210821
12	0.00214258
12.2	0.0021769
12.4	0.00221118
12.6	0.00224541
12.8	0.0022796
13	0.00231374
13.2	0.00234784
13.4	0.0023819
13.6	0.00241591
13.8	0.00244988
14	0.0024838
14.2	0.00251768
14.4	0.00255151
14.6	0.0025853
14.8	0.00261905
15	0.00265275
15.2	0.00268641
15.4	0.00272003
15.6	0.0027536
15.8	0.00278712
16	0.00282061
16.2	0.00285405
16.4	0.00288744
16.6	0.00292079
16.8	0.0029541
17	0.00298737
17.2	0.00302059
17.4	0.00305377
17.6	0.0030869
17.8	0.00311999
18	0.00315304
18.2	0.00318605
18.4	0.00321901
18.6	0.00325193
18.8	0.00328481
19	0.00331764
19.2	0.00335043
19.4	0.00338318
19.6	0.00341588
19.8	0.00344854
20	0.00348116
20.2	0.00351374
20.4	0.00354627
20.6	0.00357876
20.8	0.00361121
21	0.00364361
21.2	0.00367598
21.4	0.0037083
21.6	0.00374058
21.8	0.00377281
22	0.003805
22.2	0.00383716
22.4	0.00386927
22.6	0.00390133
22.8	0.00393336
23	0.00396534
23.2	0.00399728
23.4	0.00402918
23.6	0.00406104
23.8	0.00409285
24	0.00412463
24.2	0.00415636
24.4	0.00418805
24.6	0.0042197
24.8	0.00425131
25	0.00428287
25.2	0.00431439
25.4	0.00434588
25.6	0.00437732
25.8	0.00440872
26	0.00444008
26.2	0.00447139
26.4	0.00450267
26.6	0.0045339
26.8	0.0045651
27	0.00459625
27.2	0.00462736
27.4	0.00465843
27.6	0.00468946
27.8	0.00472045
28	0.0047514
28.2	0.00478231
28.4	0.00481318
28.6	0.004844
28.8	0.00487479
29	0.00490553
29.2	0.00493624
29.4	0.0049669
29.6	0.00499753
29.8	0.00502811
30	0.00505865
30.2	0.00508916
30.4	0.00511962
30.6	0.00515004
30.8	0.00518042
31	0.00521077
31.2	0.00524107
31.4	0.00527133
31.6	0.00530155
31.8	0.00533174
32	0.00536188
32.2	0.00539198
32.4	0.00542205
32.6	0.00545207
32.8	0.00548205
33	0.005512
33.2	0.0055419
33.4	0.00557177
33.6	0.0056016
33.8	0.00563138
34	0.00566113
34.2	0.00569084
34.4	0.00572051
34.6	0.00575014
34.8	0.00577973
35	0.00580928
35.2	0.00583879
35.4	0.00586827
35.6	0.0058977
35.8	0.0059271
36	0.00595645
36.2	0.00598577
36.4	0.00601505
36.6	0.00604429
36.8	0.0060735
37	0.00610266
37.2	0.00613178
37.4	0.00616087
37.6	0.00618992
37.8	0.00621893
38	0.0062479
38.2	0.00627683
38.4	0.00630573
38.6	0.00633459
38.8	0.0063634
39	0.00639219
39.2	0.00642093
39.4	0.00644963
39.6	0.0064783
39.8	0.00650693
40	0.00653552
40.2	0.00656407
40.4	0.00659259
40.6	0.00662106
40.8	0.0066495
41	0.00667791
41.2	0.00670627
41.4	0.0067346
41.6	0.00676289
41.8	0.00679114
42	0.00681935
42.2	0.00684753
42.4	0.00687567
42.6	0.00690377
42.8	0.00693184
43	0.00695987
43.2	0.00698786
43.4	0.00701581
43.6	0.00704373
43.8	0.00707161
44	0.00709945
44.2	0.00712726
44.4	0.00715503
44.6	0.00718276
44.8	0.00721046
45	0.00723812
45.2	0.00726574
45.4	0.00729333
45.6	0.00732088
45.8	0.00734839
46	0.00737587
46.2	0.00740331
46.4	0.00743071
46.6	0.00745808
46.8	0.00748541
47	0.0075127
47.2	0.00753996
47.4	0.00756719
47.6	0.00759437
47.8	0.00762152
48	0.00764864
48.2	0.00767572
48.4	0.00770276
48.6	0.00772977
48.8	0.00775674
49	0.00778367
49.2	0.00781057
49.4	0.00783744
49.6	0.00786427
49.8	0.00789106
50	0.00791782
50.2	0.00794454
50.4	0.00797122
50.6	0.00799788
50.8	0.00802449
51	0.00805107
51.2	0.00807762
51.4	0.00810413
51.6	0.0081306
51.8	0.00815704
52	0.00818344
52.2	0.00820981
52.4	0.00823615
52.6	0.00826245
52.8	0.00828871
53	0.00831494
53.2	0.00834114
53.4	0.0083673
53.6	0.00839342
53.8	0.00841951
54	0.00844557
54.2	0.00847159
54.4	0.00849758
54.6	0.00852353
54.8	0.00854945
55	0.00857533
55.2	0.00860118
55.4	0.00862699
55.6	0.00865277
55.8	0.00867852
56	0.00870423
56.2	0.00872991
56.4	0.00875555
56.6	0.00878116
56.8	0.00880674
57	0.00883228
57.2	0.00885779
57.4	0.00888326
57.6	0.0089087
57.8	0.00893411
58	0.00895948
58.2	0.00898482
58.4	0.00901012
58.6	0.00903539
58.8	0.00906063
59	0.00908584
59.2	0.00911101
59.4	0.00913614
59.6	0.00916125
59.8	0.00918632
60	0.00921135
60.2	0.00923636
60.4	0.00926133
60.6	0.00928627
60.8	0.00931117
61	0.00933604
61.2	0.00936088
61.4	0.00938568
61.6	0.00941046
61.8	0.00943519
62	0.0094599
62.2	0.00948457
62.4	0.00950921
62.6	0.00953382
62.8	0.0095584
63	0.00958294
63.2	0.00960745
63.4	0.00963192
63.6	0.00965637
63.8	0.00968078
64	0.00970516
64.2	0.00972951
64.4	0.00975382
64.6	0.0097781
64.8	0.00980235
65	0.00982657
65.2	0.00985075
65.4	0.00987491
65.6	0.00989903
65.8	0.00992312
66	0.00994717
66.2	0.0099712
66.4	0.00999519
66.6	0.0100192
66.8	0.0100431
67	0.010067
67.2	0.0100908
67.4	0.0101147
67.6	0.0101385
67.8	0.0101622
68	0.010186
68.2	0.0102097
68.4	0.0102334
68.6	0.010257
68.8	0.0102806
69	0.0103042
69.2	0.0103278
69.4	0.0103513
69.6	0.0103748
69.8	0.0103982
70	0.0104216
70.2	0.010445
70.4	0.0104684
70.6	0.0104917
70.8	0.010515
71	0.0105383
71.2	0.0105615
71.4	0.0105847
71.6	0.0106079
71.8	0.010631
72	0.0106542
72.2	0.0106772
72.4	0.0107003
72.6	0.0107233
72.8	0.0107463
73	0.0107693
73.2	0.0107922
73.4	0.0108151
73.6	0.010838
73.8	0.0108608
74	0.0108836
74.2	0.0109064
74.4	0.0109291
74.6	0.0109519
74.8	0.0109745
75	0.0109972
75.2	0.0110198
75.4	0.0110424
75.6	0.011065
75.8	0.0110875
76	0.01111
76.2	0.0111325
76.4	0.0111549
76.6	0.0111774
76.8	0.0111997
77	0.0112221
77.2	0.0112444
77.4	0.0112667
77.6	0.011289
77.8	0.0113112
78	0.0113334
78.2	0.0113556
78.4	0.0113777
78.6	0.0113999
78.8	0.011422
79	0.011444
79.2	0.011466
79.4	0.011488
79.6	0.01151
79.8	0.011532
80	0.0115539
80.2	0.0115757
80.4	0.0115976
80.6	0.0116194
80.8	0.0116412
81	0.011663
81.2	0.0116847
81.4	0.0117064
81.6	0.0117281
81.8	0.0117498
82	0.0117714
82.2	0.011793
82.4	0.0118145
82.6	0.0118361
82.8	0.0118576
83	0.011879
83.2	0.0119005
83.4	0.0119219
83.6	0.0119433
83.8	0.0119647
84	0.011986
84.2	0.0120073
84.4	0.0120286
84.6	0.0120498
84.8	0.0120711
85	0.0120922
85.2	0.0121134
85.4	0.0121345
85.6	0.0121557
85.8	0.0121767
86	0.0121978
86.2	0.0122188
86.4	0.0122398
86.6	0.0122608
86.8	0.0122817
87	0.0123026
87.2	0.0123235
87.4	0.0123444
87.6	0.0123652
87.8	0.012386
88	0.0124067
88.2	0.0124275
88.4	0.0124482
88.6	0.0124689
88.8	0.0124896
89	0.0125102
89.2	0.0125308
89.4	0.0125514
89.6	0.0125719
89.8	0.0125924
90	0.0126129
90.2	0.0126334
90.4	0.0126538
90.6	0.0126743
90.8	0.0126946
91	0.012715
91.2	0.0127353
91.4	0.0127556
91.6	0.0127759
91.8	0.0127962
92	0.0128164
92.2	0.0128366
92.4	0.0128567
92.6	0.0128769
92.8	0.012897
93	0.0129171
93.2	0.0129371
93.4	0.0129572
93.6	0.0129772
93.8	0.0129972
94	0.0130171
94.2	0.013037
94.4	0.0130569
94.6	0.0130768
94.8	0.0130967
95	0.0131165
95.2	0.0131363
95.4	0.0131561
95.6	0.0131758
95.8	0.0131955
96	0.0132152
96.2	0.0132349
96.4	0.0132545
96.6	0.0132741
96.8	0.0132937
97	0.0133132
97.2	0.0133328
97.4	0.0133523
97.6	0.0133718
97.8	0.0133912
98	0.0134106
98.2	0.01343
98.4	0.0134494
98.6	0.0134688
98.8	0.0134881
99	0.0135074
99.2	0.0135266
99.4	0.0135459
99.6	0.0135651
99.8	0.0135843
100	0.0136035
100.2	0.0136226
100.4	0.0136417
100.6	0.0136608
100.8	0.0136799
101	0.0136989
101.2	0.0137179
101.4	0.0137369
101.6	0.0137559
101.8	0.0137748
102	0.0137937
102.2	0.0138126
102.4	0.0138315
102.6	0.0138503
102.8	0.0138691
103	0.0138879
103.2	0.0139067
103.4	0.0139254
103.6	0.0139441
103.8	0.0139628
104	0.0139815
104.2	0.0140001
104.4	0.0140187
104.6	0.0140373
104.8	0.0140559
105	0.0140744
105.2	0.0140929
105.4	0.0141114
105.6	0.0141298
105.8	0.0141483
106	0.0141667
106.2	0.0141851
106.4	0.0142034
106.6	0.0142218
106.8	0.0142401
107	0.0142584
107.2	0.0142766
107.4	0.0142949
107.6	0.0143131
107.8	0.0143313
108	0.0143495
108.2	0.0143676
108.4	0.0143857
108.6	0.0144038
108.8	0.0144219
109	0.0144399
109.2	0.0144579
109.4	0.0144759
109.6	0.0144939
109.8	0.0145119
110	0.0145298
110.2	0.0145477
110.4	0.0145656
110.6	0.0145834
110.8	0.0146012
111	0.014619
111.2	0.0146368
111.4	0.0146546
111.6	0.0146723
111.8	0.01469
112	0.0147077
112.2	0.0147254
112.4	0.014743
112.6	0.0147606
112.8	0.0147782
113	0.0147958
113.2	0.0148133
113.4	0.0148308
113.6	0.0148483
113.8	0.0148658
114	0.0148833
114.2	0.0149007
114.4	0.0149181
114.6	0.0149355
114.8	0.0149528
115	0.0149701
115.2	0.0149875
115.4	0.0150047
115.6	0.015022
115.8	0.0150392
116	0.0150565
116.2	0.0150736
116.4	0.0150908
116.6	0.015108
116.8	0.0151251
117	0.0151422
117.2	0.0151593
117.4	0.0151763
117.6	0.0151934
117.8	0.0152104
118	0.0152274
118.2	0.0152443
118.4	0.0152613
118.6	0.0152782
118.8	0.0152951
119	0.0153119
119.2	0.0153288
119.4	0.0153456
119.6	0.0153624
119.8	0.0153792
120	0.015396
120.2	0.0154127
120.4	0.0154294
120.6	0.0154461
120.8	0.0154628
121	0.0154794
121.2	0.015496
121.4	0.0155127
121.6	0.0155292
121.8	0.0155458
122	0.0155623
122.2	0.0155788
122.4	0.0155953
122.6	0.0156118
122.8	0.0156282
123	0.0156447
123.2	0.0156611
123.4	0.0156775
123.6	0.0156938
123.8	0.0157102
124	0.0157265
124.2	0.0157428
124.4	0.015759
124.6	0.0157753
124.8	0.0157915
125	0.0158077
125.2	0.0158239
125.4	0.0158401
125.6	0.0158562
125.8	0.0158723
126	0.0158884
126.2	0.0159045
126.4	0.0159205
126.6	0.0159366
126.8	0.0159526
127	0.0159686
127.2	0.0159845
127.4	0.0160005
127.6	0.0160164
127.8	0.0160323
128	0.0160482
128.2	0.0160641
128.4	0.0160799
128.6	0.0160957
128.8	0.0161115
129	0.0161273
129.2	0.016143
129.4	0.0161588
129.6	0.0161745
129.8	0.0161902
130	0.0162058
130.2	0.0162215
130.4	0.0162371
130.6	0.0162527
130.8	0.0162683
131	0.0162839
131.2	0.0162994
131.4	0.0163149
131.6	0.0163304
131.8	0.0163459
132	0.0163614
132.2	0.0163768
132.4	0.0163922
132.6	0.0164076
132.8	0.016423
133	0.0164384
133.2	0.0164537
133.4	0.016469
133.6	0.0164843
133.8	0.0164996
134	0.0165148
134.2	0.0165301
134.4	0.0165453
134.6	0.0165605
134.8	0.0165756
135	0.0165908
135.2	0.0166059
135.4	0.016621
135.6	0.0166361
135.8	0.0166512
136	0.0166662
136.2	0.0166813
136.4	0.0166963
136.6	0.0167113
136.8	0.0167262
137	0.0167412
137.2	0.0167561
137.4	0.016771
137.6	0.0167859
137.8	0.0168008
138	0.0168156
138.2	0.0168304
138.4	0.0168453
138.6	0.01686
138.8	0.0168748
139	0.0168896
139.2	0.0169043
139.4	0.016919
139.6	0.0169337
139.8	0.0169483
140	0.016963
140.2	0.0169776
140.4	0.0169922
140.6	0.0170068
140.8	0.0170214
141	0.0170359
141.2	0.0170505
141.4	0.017065
141.6	0.0170795
141.8	0.0170939
142	0.0171084
142.2	0.0171228
142.4	0.0171372
142.6	0.0171516
142.8	0.017166
143	0.0171804
143.2	0.0171947
143.4	0.017209
143.6	0.0172233
143.8	0.0172376
144	0.0172519
144.2	0.0172661
144.4	0.0172803
144.6	0.0172945
144.8	0.0173087
145	0.0173229
145.2	0.017337
145.4	0.0173511
145.6	0.0173652
145.8	0.0173793
146	0.0173934
146.2	0.0174074
146.4	0.0174215
146.6	0.0174355
146.8	0.0174495
147	0.0174635
147.2	0.0174774
147.4	0.0174913
147.6	0.0175053
147.8	0.0175192
148	0.017533
148.2	0.0175469
148.4	0.0175607
148.6	0.0175746
148.8	0.0175884
149	0.0176022
149.2	0.0176159
149.4	0.0176297
149.6	0.0176434
149.8	0.0176571
150	0.0176708
150.2	0.0176845
150.4	0.0176981
150.6	0.0177118
150.8	0.0177254
151	0.017739
151.2	0.0177526
151.4	0.0177662
151.6	0.0177797
151.8	0.0177932
152	0.0178067
152.2	0.0178202
152.4	0.0178337
152.6	0.0178472
152.8	0.0178606
153	0.017874
153.2	0.0178874
153.4	0.0179008
153.6	0.0179142
153.8	0.0179275
154	0.0179408
154.2	0.0179542
154.4	0.0179674
154.6	0.0179807
154.8	0.017994
155	0.0180072
155.2	0.0180204
155.4	0.0180336
155.6	0.0180468
155.8	0.01806
156	0.0180731
156.2	0.0180863
156.4	0.0180994
156.6	0.0181125
156.8	0.0181256
157	0.0181386
157.2	0.0181517
157.4	0.0181647
157.6	0.0181777
157.8	0.0181907
158	0.0182037
158.2	0.0182166
158.4	0.0182296
158.6	0.0182425
158.8	0.0182554
159	0.0182683
159.2	0.0182811
159.4	0.018294
159.6	0.0183068
159.8	0.0183196
160	0.0183324
160.2	0.0183452
160.4	0.018358
160.6	0.0183707
160.8	0.0183835
161	0.0183962
161.2	0.0184089
161.4	0.0184216
161.6	0.0184342
161.8	0.0184469
162	0.0184595
162.2	0.0184721
162.4	0.0184847
162.6	0.0184973
162.8	0.0185098
163	0.0185224
163.2	0.0185349
163.4	0.0185474
163.6	0.0185599
163.8	0.0185724
164	0.0185848
164.2	0.0185973
164.4	0.0186097
164.6	0.0186221
164.8	0.0186345
165	0.0186469
165.2	0.0186592
165.4	0.0186716
165.6	0.0186839
165.8	0.0186962
166	0.0187085
166.2	0.0187208
166.4	0.018733
166.6	0.0187453
166.8	0.0187575
167	0.0187697
167.2	0.0187819
167.4	0.0187941
167.6	0.0188062
167.8	0.0188184
168	0.0188305
168.2	0.0188426
168.4	0.0188547
168.6	0.0188668
168.8	0.0188789
169	0.0188909
169.2	0.0189029
169.4	0.0189149
169.6	0.0189269
169.8	0.0189389
170	0.0189509
170.2	0.0189628
170.4	0.0189748
170.6	0.0189867
170.8	0.0189986
171	0.0190104
171.2	0.0190223
171.4	0.0190342
171.6	0.019046
171.8	0.0190578
172	0.0190696
172.2	0.0190814
172.4	0.0190932
172.6	0.0191049
172.8	0.0191167
173	0.0191284
173.2	0.0191401
173.4	0.0191518
173.6	0.0191635
173.8	0.0191751
174	0.0191868
174.2	0.0191984
174.4	0.01921
174.6	0.0192216
174.8	0.0192332
175	0.0192448
175.2	0.0192563
175.4	0.0192678
175.6	0.0192794
175.8	0.0192909
176	0.0193024
176.2	0.0193138
176.4	0.0193253
176.6	0.0193367
176.8	0.0193481
177	0.0193596
177.2	0.019371
177.4	0.0193823
177.6	0.0193937
177.8	0.019405
178	0.0194164
178.2	0.0194277
178.4	0.019439
178.6	0.0194503
178.8	0.0194616
179	0.0194728
179.2	0.0194841
179.4	0.0194953
179.6	0.0195065
179.8	0.0195177
180	0.0195289
180.2	0.01954
180.4	0.0195512
180.6	0.0195623
180.8	0.0195734
181	0.0195845
181.2	0.0195956
181.4	0.0196067
181.6	0.0196178
181.8	0.0196288
182	0.0196398
182.2	0.0196509
182.4	0.0196619
182.6	0.0196729
182.8	0.0196838
183	0.0196948
183.2	0.0197057
183.4	0.0197166
183.6	0.0197276
183.8	0.0197385
184	0.0197493
184.2	0.0197602
184.4	0.0197711
184.6	0.0197819
184.8	0.0197927
185	0.0198035
185.2	0.0198143
185.4	0.0198251
185.6	0.0198359
185.8	0.0198466
186	0.0198574
186.2	0.0198681
186.4	0.0198788
186.6	0.0198895
186.8	0.0199002
187	0.0199108
187.2	0.0199215
187.4	0.0199321
187.6	0.0199427
187.8	0.0199533
188	0.0199639
188.2	0.0199745
188.4	0.0199851
188.6	0.0199956
188.8	0.0200061
189	0.0200167
189.2	0.0200272
189.4	0.0200377
189.6	0.0200481
189.8	0.0200586
190	0.020069
190.2	0.0200795
190.4	0.0200899
190.6	0.0201003
190.8	0.0201107
191	0.0201211
191.2	0.0201314
191.4	0.0201418
191.6	0.0201521
191.8	0.0201625
192	0.0201728
192.2	0.0201831
192.4	0.0201933
192.6	0.0202036
192.8	0.0202139
193	0.0202241
193.2	0.0202343
193.4	0.0202445
193.6	0.0202547
193.8	0.0202649
194	0.0202751
194.2	0.0202852
194.4	0.0202954
194.6	0.0203055
194.8	0.0203156
195	0.0203257
195.2	0.0203358
195.4	0.0203459
195.6	0.0203559
195.8	0.020366
196	0.020376
196.2	0.020386
196.4	0.020396
196.6	0.020406
196.8	0.020416
197	0.020426
197.2	0.0204359
197.4	0.0204459
197.6	0.0204558
197.8	0.0204657
198	0.0204756
198.2	0.0204855
198.4	0.0204954
198.6	0.0205052
198.8	0.0205151
199	0.0205249
199.2	0.0205347
199.4	0.0205445
199.6	0.0205543
199.8	0.0205641
200	0.0205738
200.2	0.0205836
200.4	0.0205933
200.6	0.0206031
200.8	0.0206128
201	0.0206225
201.2	0.0206322
201.4	0.0206418
201.6	0.0206515
201.8	0.0206611
202	0.0206708
202.2	0.0206804
202.4	0.02069
202.6	0.0206996
202.8	0.0207092
203	0.0207187
203.2	0.0207283
203.4	0.0207378
203.6	0.0207474
203.8	0.0207569
204	0.0207664
204.2	0.0207759
204.4	0.0207854
204.6	0.0207948
204.8	0.0208043
205	0.0208137
205.2	0.0208231
205.4	0.0208325
205.6	0.0208419
205.8	0.0208513
206	0.0208607
206.2	0.0208701
206.4	0.0208794
206.6	0.0208888
206.8	0.0208981
207	0.0209074
207.2	0.0209167
207.4	0.020926
207.6	0.0209353
207.8	0.0209445
208	0.0209538
208.2	0.020963
208.4	0.0209722
208.6	0.0209814
208.8	0.0209906
209	0.0209998
209.2	0.021009
209.4	0.0210182
209.6	0.0210273
209.8	0.0210364
210	0.0210456
210.2	0.0210547
210.4	0.0210638
210.6	0.0210729
210.8	0.0210819
211	0.021091
211.2	0.0211001
211.4	0.0211091
211.6	0.0211181
211.8	0.0211271
212	0.0211361
212.2	0.0211451
212.4	0.0211541
212.6	0.0211631
212.8	0.021172
213	0.021181
213.2	0.0211899
213.4	0.0211988
213.6	0.0212077
213.8	0.0212166
214	0.0212255
214.2	0.0212343
214.4	0.0212432
214.6	0.021252
214.8	0.0212609
215	0.0212697
215.2	0.0212785
215.4	0.0212873
215.6	0.0212961
215.8	0.0213049
216	0.0213136
216.2	0.0213224
216.4	0.0213311
216.6	0.0213398
216.8	0.0213485
217	0.0213572
217.2	0.0213659
217.4	0.0213746
217.6	0.0213833
217.8	0.0213919
218	0.0214006
218.2	0.0214092
218.4	0.0214178
218.6	0.0214264
218.8	0.021435
219	0.0214436
219.2	0.0214522
219.4	0.0214607
219.6	0.0214693
219.8	0.0214778
220	0.0214863
220.2	0.0214949
220.4	0.0215034
220.6	0.0215118
220.8	0.0215203
221	0.0215288
221.2	0.0215373
221.4	0.0215457
221.6	0.0215541
221.8	0.0215626
222	0.021571
222.2	0.0215794
222.4	0.0215878
222.6	0.0215961
222.8	0.0216045
223	0.0216128
223.2	0.0216212
223.4	0.0216295
223.6	0.0216378
223.8	0.0216461
224	0.0216544
224.2	0.0216627
224.4	0.021671
224.6	0.0216793
224.8	0.0216875
225	0.0216958
225.2	0.021704
225.4	0.0217122
225.6	0.0217204
225.8	0.0217286
226	0.0217368
226.2	0.021745
226.4	0.0217531
226.6	0.0217613
226.8	0.0217694
227	0.0217776
227.2	0.0217857
227.4	0.0217938
227.6	0.0218019
227.8	0.02181
228	0.021818
228.2	0.0218261
228.4	0.0218342
228.6	0.0218422
228.8	0.0218502
229	0.0218583
229.2	0.0218663
229.4	0.0218743
229.6	0.0218822
229.8	0.0218902
230	0.0218982
230.2	0.0219061
230.4	0.0219141
230.6	0.021922
230.8	0.0219299
231	0.0219379
231.2	0.0219458
231.4	0.0219537
231.6	0.0219615
231.8	0.0219694
232	0.0219773
232.2	0.0219851
232.4	0.0219929
232.6	0.0220008
232.8	0.0220086
233	0.0220164
233.2	0.0220242
233.4	0.022032
233.6	0.0220397
233.8	0.0220475
234	0.0220553
234.2	0.022063
234.4	0.0220707
234.6	0.0220785
234.8	0.0220862
235	0.0220939
235.2	0.0221016
235.4	0.0221092
235.6	0.0221169
235.8	0.0221246
236	0.0221322
236.2	0.0221398
236.4	0.0221475
236.6	0.0221551
236.8	0.0221627
237	0.0221703
237.2	0.0221779
237.4	0.0221854
237.6	0.022193
237.8	0.0222006
238	0.0222081
238.2	0.0222156
238.4	0.0222232
238.6	0.0222307
238.8	0.0222382
239	0.0222457
239.2	0.0222532
239.4	0.0222606
239.6	0.0222681
239.8	0.0222756
240	0.022283
240.2	0.0222904
240.4	0.0222978
240.6	0.0223053
240.8	0.0223127
241	0.0223201
241.2	0.0223274
241.4	0.0223348
241.6	0.0223422
241.8	0.0223495
242	0.0223569
242.2	0.0223642
242.4	0.0223715
242.6	0.0223788
242.8	0.0223861
243	0.0223934
243.2	0.0224007
243.4	0.022408
243.6	0.0224152
243.8	0.0224225
244	0.0224297
244.2	0.022437
244.4	0.0224442
244.6	0.0224514
244.8	0.0224586
245	0.0224658
245.2	0.022473
245.4	0.0224802
245.6	0.0224873
245.8	0.0224945
246	0.0225016
246.2	0.0225088
246.4	0.0225159
246.6	0.022523
246.8	0.0225301
247	0.0225372
247.2	0.0225443
247.4	0.0225514
247.6	0.0225584
247.8	0.0225655
248	0.0225725
248.2	0.0225796
248.4	0.0225866
248.6	0.0225936
248.8	0.0226006
249	0.0226076
249.2	0.0226146
249.4	0.0226216
249.6	0.0226286
249.8	0.0226356
250	0.0226425
250.2	0.0226495
250.4	0.0226564
250.6	0.0226633
250.8	0.0226702
251	0.0226771
251.2	0.022684
251.4	0.0226909
251.6	0.0226978
251.8	0.0227047
252	0.0227115
252.2	0.0227184
252.4	0.0227252
252.6	0.022732
252.8	0.0227389
253	0.0227457
253.2	0.0227525
253.4	0.0227593
253.6	0.0227661
253.8	0.0227728
254	0.0227796
254.2	0.0227864
254.4	0.0227931
254.6	0.0227999
254.8	0.0228066
255	0.0228133
255.2	0.02282
255.4	0.0228267
255.6	0.0228334
255.8	0.0228401
256	0.0228468
256.2	0.0228534
256.4	0.0228601
256.6	0.0228667
256.8	0.0228734
257	0.02288
257.2	0.0228866
257.4	0.0228932
257.6	0.0228998
257.8	0.0229064
258	0.022913
258.2	0.0229196
258.4	0.0229262
258.6	0.0229327
258.8	0.0229393
259	0.0229458
259.2	0.0229523
259.4	0.0229589
259.6	0.0229654
259.8	0.0229719
260	0.0229784
260.2	0.0229849
260.4	0.0229913
260.6	0.0229978
260.8	0.0230043
261	0.0230107
261.2	0.0230172
261.4	0.0230236
261.6	0.02303
261.8	0.0230365
262	0.0230429
262.2	0.0230493
262.4	0.0230556
262.6	0.023062
262.8	0.0230684
263	0.0230748
263.2	0.0230811
263.4	0.0230875
263.6	0.0230938
263.8	0.0231001
264	0.0231065
264.2	0.0231128
264.4	0.0231191
264.6	0.0231254
264.8	0.0231317
265	0.0231379
265.2	0.0231442
265.4	0.0231505
265.6	0.0231567
265.8	0.023163
266	0.0231692
266.2	0.0231754
266.4	0.0231817
266.6	0.0231879
266.8	0.0231941
267	0.0232003
267.2	0.0232064
267.4	0.0232126
267.6	0.0232188
267.8	0.0232249
268	0.0232311
268.2	0.0232372
268.4	0.0232434
268.6	0.0232495
268.8	0.0232556
269	0.0232617
269.2	0.0232678
269.4	0.0232739
269.6	0.02328
269.8	0.0232861
270	0.0232922
270.2	0.0232982
270.4	0.0233043
270.6	0.0233103
270.8	0.0233164
271	0.0233224
271.2	0.0233284
271.4	0.0233344
271.6	0.0233404
271.8	0.0233464
272	0.0233524
272.2	0.0233584
272.4	0.0233643
272.6	0.0233703
272.8	0.0233763
273	0.0233822
273.2	0.0233881
273.4	0.0233941
273.6	0.0234
273.8	0.0234059
274	0.0234118
274.2	0.0234177
274.4	0.0234236
274.6	0.0234295
274.8	0.0234354
275	0.0234412
275.2	0.0234471
275.4	0.0234529
275.6	0.0234588
275.8	0.0234646
276	0.0234704
276.2	0.0234762
276.4	0.0234821
276.6	0.0234879
276.8	0.0234936
277	0.0234994
277.2	0.0235052
277.4	0.023511
277.6	0.0235167
277.8	0.0235225
278	0.0235282
278.2	0.023534
278.4	0.0235397
278.6	0.0235454
278.8	0.0235512
279	0.0235569
279.2	0.0235626
279.4	0.0235683
279.6	0.0235739
279.8	0.0235796
280	0.0235853
280.2	0.0235909
280.4	0.0235966
280.6	0.0236022
280.8	0.0236079
281	0.0236135
281.2	0.0236191
281.4	0.0236248
281.6	0.0236304
281.8	0.023636
282	0.0236416
282.2	0.0236471
282.4	0.0236527
282.6	0.0236583
282.8	0.0236638
283	0.0236694
283.2	0.0236749
283.4	0.0236805
283.6	0.023686
283.8	0.0236915
284	0.0236971
284.2	0.0237026
284.4	0.0237081
284.6	0.0237136
284.8	0.023719
285	0.0237245
285.2	0.02373
285.4	0.0237355
285.6	0.0237409
285.8	0.0237464
286	0.0237518
286.2	0.0237572
286.4	0.0237627
286.6	0.0237681
286.8	0.0237735
287	0.0237789
287.2	0.0237843
287.4	0.0237897
287.6	0.0237951
287.8	0.0238005
288	0.0238058
288.2	0.0238112
288.4	0.0238165
288.6	0.0238219
288.8	0.0238272
289	0.0238326
289.2	0.0238379
289.4	0.0238432
289.6	0.0238485
289.8	0.0238538
290	0.0238591
290.2	0.0238644
290.4	0.0238697
290.6	0.023875
290.8	0.0238802
291	0.0238855
291.2	0.0238907
291.4	0.023896
291.6	0.0239012
291.8	0.0239064
292	0.0239117
292.2	0.0239169
292.4	0.0239221
292.6	0.0239273
292.8	0.0239325
293	0.0239377
293.2	0.0239429
293.4	0.023948
293.6	0.0239532
293.8	0.0239584
294	0.0239635
294.2	0.0239687
294.4	0.0239738
294.6	0.0239789
294.8	0.0239841
295	0.0239892
295.2	0.0239943
295.4	0.0239994
295.6	0.0240045
295.8	0.0240096
296	0.0240147
296.2	0.0240197
296.4	0.0240248
296.6	0.0240299
296.8	0.0240349
297	0.02404
297.2	0.024045
297.4	0.0240501
297.6	0.0240551
297.8	0.0240601
298	0.0240651
298.2	0.0240701
298.4	0.0240751
298.6	0.0240801
298.8	0.0240851
299	0.0240901
299.2	0.0240951
299.4	0.0241
299.6	0.024105
299.8	0.0241099
300	0.0241149
300.2	0.0241207
300.4	0.0241276
300.6	0.0241356
300.8	0.0241446
301	0.0241547
301.2	0.0241659
301.4	0.0241781
301.6	0.0241913
301.8	0.0242055
302	0.0242207
302.2	0.0242368
302.4	0.024254
302.6	0.024272
302.8	0.024291
303	0.024311
303.2	0.0243318
303.4	0.0243536
303.6	0.0243762
303.8	0.0243998
304	0.0244242
304.2	0.0244494
304.4	0.0244755
304.6	0.0245025
304.8	0.0245303
305	0.0245589
305.2	0.0245883
305.4	0.0246185
305.6	0.0246495
305.8	0.0246812
306	0.0247138
306.2	0.0247471
306.4	0.0247812
306.6	0.024816
306.8	0.0248515
307	0.0248877
307.2	0.0249247
307.4	0.0249624
307.6	0.0250008
307.8	0.0250398
308	0.0250796
308.2	0.02512
308.4	0.025161
308.6	0.0252027
308.8	0.0252451
309	0.0252881
309.2	0.0253317
309.4	0.025376
309.6	0.0254208
309.8	0.0254662
310	0.0255123
310.2	0.0255589
310.4	0.0256061
310.6	0.0256539
310.8	0.0257022
311	0.025751
311.2	0.0258004
311.4	0.0258504
311.6	0.0259009
311.8	0.0259518
312	0.0260033
312.2	0.0260553
312.4	0.0261078
312.6	0.0261608
312.8	0.0262142
313	0.0262682
313.2	0.0263225
313.4	0.0263774
313.6	0.0264327
313.8	0.0264884
314	0.0265446
314.2	0.0266011
314.4	0.0266581
314.6	0.0267156
314.8	0.0267734
315	0.0268316
315.2	0.0268902
315.4	0.0269492
315.6	0.0270086
315.8	0.0270683
316	0.0271284
316.2	0.0271889
316.4	0.0272497
316.6	0.0273108
316.8	0.0273723
317	0.0274342
317.2	0.0274963
317.4	0.0275588
317.6	0.0276216
317.8	0.0276846
318	0.027748
318.2	0.0278117
318.4	0.0278757
318.6	0.02794
318.8	0.0280045
319	0.0280693
319.2	0.0281344
319.4	0.0281997
319.6	0.0282653
319.8	0.0283312
320	0.0283973
320.2	0.0284636
320.4	0.0285302
320.6	0.028597
320.8	0.028664
321	0.0287313
321.2	0.0287987
321.4	0.0288664
321.6	0.0289343
321.8	0.0290024
322	0.0290707
322.2	0.0291392
322.4	0.0292079
322.6	0.0292767
322.8	0.0293458
323	0.029415
323.2	0.0294844
323.4	0.029554
323.6	0.0296237
323.8	0.0296936
324	0.0297637
324.2	0.0298339
324.4	0.0299042
324.6	0.0299747
324.8	0.0300454
325	0.0301161
325.2	0.0301871
325.4	0.0302581
325.6	0.0303293
325.8	0.0304006
326	0.030472
326.2	0.0305436
326.4	0.0306152
326.6	0.030687
326.8	0.0307589
327	0.0308309
327.2	0.030903
327.4	0.0309752
327.6	0.0310475
327.8	0.0311198
328	0.0311923
328.2	0.0312649
328.4	0.0313376
328.6	0.0314103
328.8	0.0314831
329	0.031556
329.2	0.031629
329.4	0.031702
329.6	0.0317752
329.8	0.0318484
330	0.0319216
330.2	0.0319949
330.4	0.0320683
330.6	0.0321418
330.8	0.0322153
331	0.0322888
331.2	0.0323624
331.4	0.0324361
331.6	0.0325098
331.8	0.0325836
332	0.0326574
332.2	0.0327312
332.4	0.0328051
332.6	0.032879
332.8	0.032953
333	0.033027
333.2	0.033101
333.4	0.033175
333.6	0.0332491
333.8	0.0333232
334	0.0333974
334.2	0.0334716
334.4	0.0335457
334.6	0.03362
334.8	0.0336942
335	0.0337684
335.2	0.0338427
335.4	0.033917
335.6	0.0339913
335.8	0.0340656
336	0.0341399
336.2	0.0342142
336.4	0.0342885
336.6	0.0343629
336.8	0.0344372
337	0.0345116
337.2	0.0345859
337.4	0.0346603
337.6	0.0347346
337.8	0.034809
338	0.0348833
338.2	0.0349577
338.4	0.035032
338.6	0.0351063
338.8	0.0351806
339	0.0352549
339.2	0.0353293
339.4	0.0354035
339.6	0.0354778
339.8	0.0355521
340	0.0356263
340.2	0.0357006
340.4	0.0357748
340.6	0.035849
340.8	0.0359232
341	0.0359974
341.2	0.0360715
341.4	0.0361456
341.6	0.0362197
341.8	0.0362938
342	0.0363679
342.2	0.0364419
342.4	0.0365159
342.6	0.0365899
342.8	0.0366638
343	0.0367378
343.2	0.0368117
343.4	0.0368855
343.6	0.0369594
343.8	0.0370332
344	0.037107
344.2	0.0371807
344.4	0.0372544
344.6	0.0373281
344.8	0.0374017
345	0.0374753
345.2	0.0375489
345.4	0.0376224
345.6	0.0376959
345.8	0.0377694
346	0.0378428
346.2	0.0379162
346.4	0.0379895
346.6	0.0380628
346.8	0.0381361
347	0.0382093
347.2	0.0382825
347.4	0.0383556
347.6	0.0384287
347.8	0.0385018
348	0.0385748
348.2	0.0386477
348.4	0.0387206
348.6	0.0387935
348.8	0.0388663
349	0.0389391
349.2	0.0390118
349.4	0.0390845
349.6	0.0391571
349.8	0.0392297
350	0.0393023
350.2	0.0393747
350.4	0.0394472
350.6	0.0395196
350.8	0.0395919
351	0.0396642
351.2	0.0397364
351.4	0.0398086
351.6	0.0398807
351.8	0.0399528
352	0.0400248
352.2	0.0400968
352.4	0.0401687
352.6	0.0402406
352.8	0.0403124
353	0.0403841
353.2	0.0404558
353.4	0.0405275
353.6	0.0405991
353.8	0.0406706
354	0.0407421
354.2	0.0408135
354.4	0.0408848
354.6	0.0409562
354.8	0.0410274
355	0.0410986
355.2	0.0411697
355.4	0.0412408
355.6	0.0413118
355.8	0.0413828
356	0.0414537
356.2	0.0415245
356.4	0.0415953
356.6	0.041666
356.8	0.0417367
357	0.0418073
357.2	0.0418778
357.4	0.0419483
357.6	0.0420187
357.8	0.0420891
358	0.0421594
358.2	0.0422296
358.4	0.0422998
358.6	0.0423699
358.8	0.04244
359	0.04251
359.2	0.0425799
359.4	0.0426498
359.6	0.0427196
359.8	0.0427893
360	0.042859
360.2	0.0429286
360.4	0.0429982
360.6	0.0430677
360.8	0.0431371
361	0.0432065
361.2	0.0432758
361.4	0.043345
361.6	0.0434142
361.8	0.0434833
362	0.0435523
362.2	0.0436213
362.4	0.0436902
362.6	0.0437591
362.8	0.0438279
363	0.0438966
363.2	0.0439653
363.4	0.0440339
363.6	0.0441024
363.8	0.0441708
364	0.0442392
364.2	0.0443076
364.4	0.0443759
364.6	0.0444441
364.8	0.0445122
365	0.0445803
365.2	0.0446483
365.4	0.0447162
365.6	0.0447841
365.8	0.0448519
366	0.0449197
366.2	0.0449873
366.4	0.0450549
366.6	0.0451225
366.8	0.04519
367	0.0452574
367.2	0.0453247
367.4	0.045392
367.6	0.0454592
367.8	0.0455264
368	0.0455935
368.2	0.0456605
368.4	0.0457274
368.6	0.0457943
368.8	0.0458611
369	0.0459279
369.2	0.0459946
369.4	0.0460612
369.6	0.0461278
369.8	0.0461942
370	0.0462607
370.2	0.046327
370.4	0.0463933
370.6	0.0464595
370.8	0.0465257
371	0.0465917
371.2	0.0466578
371.4	0.0467237
371.6	0.0467896
371.8	0.0468554
372	0.0469212
372.2	0.0469869
372.4	0.0470525
372.6	0.047118
372.8	0.0471835
373	0.0472489
373.2	0.0473143
373.4	0.0473796
373.6	0.0474448
373.8	0.0475099
374	0.047575
374.2	0.04764
374.4	0.047705
374.6	0.0477698
374.8	0.0478347
375	0.0478994
375.2	0.0479641
375.4	0.0480287
375.6	0.0480933
375.8	0.0481577
376	0.0482222
376.2	0.0482865
376.4	0.0483508
376.6	0.048415
376.8	0.0484791
377	0.0485432
377.2	0.0486072
377.4	0.0486712
377.6	0.0487351
377.8	0.0487989
378	0.0488626
378.2	0.0489263
378.4	0.0489899
378.6	0.0490535
378.8	0.049117
379	0.0491804
379.2	0.0492437
379.4	0.049307
379.6	0.0493702
379.8	0.0494334
380	0.0494965
380.2	0.0495595
380.4	0.0496224
380.6	0.0496853
380.8	0.0497481
381	0.0498109
381.2	0.0498736
381.4	0.0499362
381.6	0.0499987
381.8	0.0500612
382	0.0501237
382.2	0.050186
382.4	0.0502483
382.6	0.0503105
382.8	0.0503727
383	0.0504348
383.2	0.0504968
383.4	0.0505588
383.6	0.0506207
383.8	0.0506825
384	0.0507443
384.2	0.050806
384.4	0.0508676
384.6	0.0509292
384.8	0.0509907
385	0.0510521
385.2	0.0511135
385.4	0.0511748
385.6	0.0512361
385.8	0.0512973
386	0.0513584
386.2	0.0514194
386.4	0.0514804
386.6	0.0515413
386.8	0.0516022
387	0.051663
387.2	0.0517237
387.4	0.0517844
387.6	0.051845
387.8	0.0519055
388	0.051966
388.2	0.0520264
388.4	0.0520867
388.6	0.052147
388.8	0.0522072
389	0.0522673
389.2	0.0523274
389.4	0.0523874
389.6	0.0524474
389.8	0.0525073
390	0.0525671
390.2	0.0526269
390.4	0.0526866
390.6	0.0527462
390.8	0.0528058
391	0.0528653
391.2	0.0529247
391.4	0.0529841
391.6	0.0530434
391.8	0.0531027
392	0.0531619
392.2	0.053221
392.4	0.05328
392.6	0.053339
392.8	0.053398
393	0.0534569
393.2	0.0535157
393.4	0.0535744
393.6	0.0536331
393.8	0.0536917
394	0.0537503
394.2	0.0538088
394.4	0.0538672
394.6	0.0539256
394.8	0.0539839
395	0.0540421
395.2	0.0541003
395.4	0.0541584
395.6	0.0542165
395.8	0.0542745
396	0.0543324
396.2	0.0543903
396.4	0.0544481
396.6	0.0545059
396.8	0.0545636
397	0.0546212
397.2	0.0546787
397.4	0.0547362
397.6	0.0547937
397.8	0.0548511
398	0.0549084
398.2	0.0549656
398.4	0.0550228
398.6	0.05508
398.8	0.055137
399	0.055194
399.2	0.055251
399.4	0.0553079
399.6	0.0553647
399.8	0.0554215
400	0.0554782
400.2	0.0555348
400.4	0.0555914
400.6	0.0556479
400.8	0.0557044
401	0.0557608
401.2	0.0558171
401.4	0.0558734
401.6	0.0559296
401.8	0.0559858
402	0.0560419
402.2	0.0560979
402.4	0.0561539
402.6	0.0562098
402.8	0.0562657
403	0.0563215
403.2	0.0563772
403.4	0.0564329
403.6	0.0564885
403.8	0.0565441
404	0.0565996
404.2	0.056655
404.4	0.0567104
404.6	0.0567657
404.8	0.056821
405	0.0568762
405.2	0.0569313
405.4	0.0569864
405.6	0.0570414
405.8	0.0570964
406	0.0571513
406.2	0.0572062
406.4	0.0572609
406.6	0.0573157
406.8	0.0573703
407	0.057425
407.2	0.0574795
407.4	0.057534
407.6	0.0575884
407.8	0.0576428
408	0.0576971
408.2	0.0577514
408.4	0.0578056
408.6	0.0578598
408.8	0.0579138
409	0.0579679
409.2	0.0580218
409.4	0.0580758
409.6	0.0581296
409.8	0.0581834
410	0.0582371
410.2	0.0582908
410.4	0.0583444
410.6	0.058398
410.8	0.0584515
411	0.058505
411.2	0.0585584
411.4	0.0586117
411.6	0.058665
411.8	0.0587182
412	0.0587714
412.2	0.0588245
412.4	0.0588775
412.6	0.0589305
412.8	0.0589835
413	0.0590364
413.2	0.0590892
413.4	0.0591419
413.6	0.0591947
413.8	0.0592473
414	0.0592999
414.2	0.0593524
414.4	0.0594049
414.6	0.0594574
414.8	0.0595097
415	0.059562
415.2	0.0596143
415.4	0.0596665
415.6	0.0597187
415.8	0.0597708
416	0.0598228
416.2	0.0598748
416.4	0.0599267
416.6	0.0599786
416.8	0.0600304
417	0.0600821
417.2	0.0601338
417.4	0.0601855
417.6	0.0602371
417.8	0.0602886
418	0.0603401
418.2	0.0603915
418.4	0.0604429
418.6	0.0604942
418.8	0.0605455
419	0.0605967
419.2	0.0606478
419.4	0.0606989
419.6	0.06075
419.8	0.060801
420	0.0608519
420.2	0.0609028
420.4	0.0609536
420.6	0.0610044
420.8	0.0610551
421	0.0611057
421.2	0.0611563
421.4	0.0612069
421.6	0.0612574
421.8	0.0613078
422	0.0613582
422.2	0.0614086
422.4	0.0614588
422.6	0.0615091
422.8	0.0615592
423	0.0616094
423.2	0.0616594
423.4	0.0617094
423.6	0.0617594
423.8	0.0618093
424	0.0618592
424.2	0.061909
424.4	0.0619587
424.6	0.0620084
424.8	0.062058
425	0.0621076
425.2	0.0621572
425.4	0.0622066
425.6	0.0622561
425.8	0.0623054
426	0.0623548
426.2	0.062404
426.4	0.0624532
426.6	0.0625024
426.8	0.0625515
427	0.0626006
427.2	0.0626496
427.4	0.0626985
427.6	0.0627474
427.8	0.0627963
428	0.0628451
428.2	0.0628938
428.4	0.0629425
428.6	0.0629912
428.8	0.0630397
429	0.0630883
429.2	0.0631368
429.4	0.0631852
429.6	0.0632336
429.8	0.0632819
430	0.0633302
430.2	0.0633784
430.4	0.0634266
430.6	0.0634747
430.8	0.0635228
431	0.0635708
431.2	0.0636188
431.4	0.0636667
431.6	0.0637146
431.8	0.0637624
432	0.0638101
432.2	0.0638578
432.4	0.0639055
432.6	0.0639531
432.8	0.0640007
433	0.0640482
433.2	0.0640957
433.4	0.0641431
433.6	0.0641904
433.8	0.0642377
434	0.064285
434.2	0.0643322
434.4	0.0643793
434.6	0.0644265
434.8	0.0644735
435	0.0645205
435.2	0.0645675
435.4	0.0646144
435.6	0.0646612
435.8	0.064708
436	0.0647548
436.2	0.0648015
436.4	0.0648481
436.6	0.0648948
436.8	0.0649413
437	0.0649878
437.2	0.0650343
437.4	0.0650807
437.6	0.065127
437.8	0.0651733
438	0.0652196
438.2	0.0652658
438.4	0.065312
438.6	0.0653581
438.8	0.0654041
439	0.0654501
439.2	0.0654961
439.4	0.065542
439.6	0.0655879
439.8	0.0656337
440	0.0656795
440.2	0.0657252
440.4	0.0657709
440.6	0.0658165
440.8	0.0658621
441	0.0659076
441.2	0.0659531
441.4	0.0659985
441.6	0.0660439
441.8	0.0660892
442	0.0661345
442.2	0.0661797
442.4	0.0662249
442.6	0.06627
442.8	0.0663151
443	0.0663602
443.2	0.0664051
443.4	0.0664501
443.6	0.066495
443.8	0.0665398
444	0.0665846
444.2	0.0666294
444.4	0.0666741
444.6	0.0667188
444.8	0.0667634
445	0.0668079
445.2	0.0668525
445.4	0.0668969
445.6	0.0669414
445.8	0.0669857
446	0.06703
446.2	0.0670743
446.4	0.0671186
446.6	0.0671627
446.8	0.0672069
447	0.067251
447.2	0.067295
447.4	0.067339
447.6	0.067383
447.8	0.0674269
448	0.0674707
448.2	0.0675145
448.4	0.0675583
448.6	0.067602
448.8	0.0676457
449	0.0676893
449.2	0.0677329
449.4	0.0677764
449.6	0.0678199
449.8	0.0678634
450	0.0679068
450.2	0.0679501
450.4	0.0679934
450.6	0.0680367
450.8	0.0680799
451	0.068123
451.2	0.0681661
451.4	0.0682092
451.6	0.0682522
451.8	0.0682952
452	0.0683381
452.2	0.068381
452.4	0.0684239
452.6	0.0684667
452.8	0.0685094
453	0.0685521
453.2	0.0685948
453.4	0.0686374
453.6	0.06868
453.8	0.0687225
454	0.068765
454.2	0.0688074
454.4	0.0688498
454.6	0.0688922
454.8	0.0689345
455	0.0689767
455.2	0.0690189
455.4	0.0690611
455.6	0.0691032
455.8	0.0691453
456	0.0691873
456.2	0.0692293
456.4	0.0692712
456.6	0.0693131
456.8	0.069355
457	0.0693968
457.2	0.0694386
457.4	0.0694803
457.6	0.069522
457.8	0.0695636
458	0.0696052
458.2	0.0696467
458.4	0.0696882
458.6	0.0697297
458.8	0.0697711
459	0.0698124
459.2	0.0698538
459.4	0.069895
459.6	0.0699363
459.8	0.0699775
460	0.0700186
460.2	0.0700597
460.4	0.0701008
460.6	0.0701418
460.8	0.0701828
461	0.0702237
461.2	0.0702646
461.4	0.0703054
461.6	0.0703462
461.8	0.070387
462	0.0704277
462.2	0.0704684
462.4	0.070509
462.6	0.0705496
462.8	0.0705901
463	0.0706306
463.2	0.0706711
463.4	0.0707115
463.6	0.0707518
463.8	0.0707922
464	0.0708324
464.2	0.0708727
464.4	0.0709129
464.6	0.070953
464.8	0.0709931
465	0.0710332
465.2	0.0710732
465.4	0.0711132
465.6	0.0711532
465.8	0.0711931
466	0.0712329
466.2	0.0712727
466.4	0.0713125
466.6	0.0713522
466.8	0.0713919
467	0.0714316
467.2	0.0714712
467.4	0.0715107
467.6	0.0715503
467.8	0.0715897
468	0.0716292
468.2	0.0716686
468.4	0.0717079
468.6	0.0717472
468.8	0.0717865
469	0.0718257
469.2	0.0718649
469.4	0.0719041
469.6	0.0719432
469.8	0.0719822
470	0.0720213
470.2	0.0720602
470.4	0.0720992
470.6	0.0721381
470.8	0.0721769
471	0.0722157
471.2	0.0722545
471.4	0.0722932
471.6	0.0723319
471.8	0.0723706
472	0.0724092
472.2	0.0724478
472.4	0.0724863
472.6	0.0725248
472.8	0.0725632
473	0.0726016
473.2	0.07264
473.4	0.0726783
473.6	0.0727166
473.8	0.0727548
474	0.072793
474.2	0.0728312
474.4	0.0728693
474.6	0.0729074
474.8	0.0729454
475	0.0729834
475.2	0.0730214
475.4	0.0730593
475.6	0.0730972
475.8	0.073135
476	0.0731728
476.2	0.0732106
476.4	0.0732483
476.6	0.073286
476.8	0.0733236
477	0.0733612
477.2	0.0733988
477.4	0.0734363
477.6	0.0734738
477.8	0.0735113
478	0.0735486
478.2	0.073586
478.4	0.0736233
478.6	0.0736606
478.8	0.0736979
479	0.0737351
479.2	0.0737722
479.4	0.0738094
479.6	0.0738464
479.8	0.0738835
480	0.0739205
480.2	0.0739575
480.4	0.0739944
480.6	0.0740313
480.8	0.0740681
481	0.0741049
481.2	0.0741417
481.4	0.0741784
481.6	0.0742151
481.8	0.0742518
482	0.0742884
482.2	0.074325
482.4	0.0743615
482.6	0.074398
482.8	0.0744345
483	0.0744709
483.2	0.0745073
483.4	0.0745437
483.6	0.07458
483.8	0.0746162
484	0.0746525
484.2	0.0746887
484.4	0.0747248
484.6	0.0747609
484.8	0.074797
485	0.0748331
485.2	0.0748691
485.4	0.074905
485.6	0.074941
485.8	0.0749768
486	0.0750127
486.2	0.0750485
486.4	0.0750843
486.6	0.07512
486.8	0.0751557
487	0.0751914
487.2	0.075227
487.4	0.0752626
487.6	0.0752981
487.8	0.0753337
488	0.0753691
488.2	0.0754046
488.4	0.07544
488.6	0.0754753
488.8	0.0755107
489	0.0755459
489.2	0.0755812
489.4	0.0756164
489.6	0.0756516
489.8	0.0756867
490	0.0757218
490.2	0.0757569
490.4	0.0757919
490.6	0.0758269
490.8	0.0758618
491	0.0758968
491.2	0.0759316
491.4	0.0759665
491.6	0.0760013
491.8	0.0760361
492	0.0760708
492.2	0.0761055
492.4	0.0761401
492.6	0.0761748
492.8	0.0762094
493	0.0762439
493.2	0.0762784
493.4	0.0763129
493.6	0.0763473
493.8	0.0763817
494	0.0764161
494.2	0.0764504
494.4	0.0764847
494.6	0.076519
494.8	0.0765532
495	0.0765874
495.2	0.0766215
495.4	0.0766556
495.6	0.0766897
495.8	0.0767238
496	0.0767578
496.2	0.0767917
496.4	0.0768257
496.6	0.0768596
496.8	0.0768934
497	0.0769273
497.2	0.076961
497.4	0.0769948
497.6	0.0770285
497.8	0.0770622
498	0.0770959
498.2	0.0771295
498.4	0.077163
498.6	0.0771966
498.8	0.0772301
499	0.0772636
499.2	0.077297
499.4	0.0773304
499.6	0.0773638
499.8	0.0773971
500	0.0774304
500.2	0.0774636
500.4	0.0774969
500.6	0.0775301
500.8	0.0775632
501	0.0775963
501.2	0.0776294
501.4	0.0776625
501.6	0.0776955
501.8	0.0777285
502	0.0777614
502.2	0.0777943
502.4	0.0778272
502.6	0.07786
502.8	0.0778928
503	0.0779256
503.2	0.0779583
503.4	0.077991
503.6	0.0780237
503.8	0.0780563
504	0.0780889
504.2	0.0781215
504.4	0.078154
504.6	0.0781865
504.8	0.078219
505	0.0782514
505.2	0.0782838
505.4	0.0783162
505.6	0.0783485
505.8	0.0783808
506	0.078413
506.2	0.0784453
506.4	0.0784774
506.6	0.0785096
506.8	0.0785417
507	0.0785738
507.2	0.0786059
507.4	0.0786379
507.6	0.0786699
507.8	0.0787018
508	0.0787337
508.2	0.0787656
508.4	0.0787975
508.6	0.0788293
508.8	0.0788611
509	0.0788928
509.2	0.0789245
509.4	0.0789562
509.6	0.0789879
509.8	0.0790195
510	0.0790511
510.2	0.0790826
510.4	0.0791141
510.6	0.0791456
510.8	0.0791771
511	0.0792085
511.2	0.0792399
511.4	0.0792712
511.6	0.0793025
511.8	0.0793338
512	0.0793651
512.2	0.0793963
512.4	0.0794275
512.6	0.0794586
512.8	0.0794897
513	0.0795208
513.2	0.0795519
513.4	0.0795829
513.6	0.0796139
513.8	0.0796448
514	0.0796758
514.2	0.0797067
514.4	0.0797375
514.6	0.0797683
514.8	0.0797991
515	0.0798299
515.2	0.0798606
515.4	0.0798913
515.6	0.079922
515.8	0.0799526
516	0.0799832
516.2	0.0800138
516.4	0.0800443
516.6	0.0800748
516.8	0.0801053
517	0.0801357
517.2	0.0801661
517.4	0.0801965
517.6	0.0802268
517.8	0.0802571
518	0.0802874
518.2	0.0803177
518.4	0.0803479
518.6	0.0803781
518.8	0.0804082
519	0.0804383
519.2	0.0804684
519.4	0.0804985
519.6	0.0805285
519.8	0.0805585
520	0.0805885
520.2	0.0806184
520.4	0.0806483
520.6	0.0806781
520.8	0.080708
521	0.0807378
521.2	0.0807675
521.4	0.0807973
521.6	0.080827
521.8	0.0808567
522	0.0808863
522.2	0.0809159
522.4	0.0809455
522.6	0.0809751
522.8	0.0810046
523	0.0810341
523.2	0.0810635
523.4	0.081093
523.6	0.0811224
523.8	0.0811517
524	0.0811811
524.2	0.0812104
524.4	0.0812396
524.6	0.0812689
524.8	0.0812981
525	0.0813273
525.2	0.0813564
525.4	0.0813855
525.6	0.0814146
525.8	0.0814437
526	0.0814727
526.2	0.0815017
526.4	0.0815307
526.6	0.0815596
526.8	0.0815885
527	0.0816174
527.2	0.0816462
527.4	0.0816751
527.6	0.0817038
527.8	0.0817326
528	0.0817613
528.2	0.08179
528.4	0.0818187
528.6	0.0818473
528.8	0.0818759
529	0.0819045
529.2	0.081933
529.4	0.0819615
529.6	0.08199
529.8	0.0820185
530	0.0820469
530.2	0.0820753
530.4	0.0821036
530.6	0.082132
530.8	0.0821603
531	0.0821886
531.2	0.0822168
531.4	0.082245
531.6	0.0822732
531.8	0.0823013
532	0.0823295
532.2	0.0823576
532.4	0.0823856
532.6	0.0824137
532.8	0.0824417
533	0.0824696
533.2	0.0824976
533.4	0.0825255
533.6	0.0825534
533.8	0.0825813
534	0.0826091
534.2	0.0826369
534.4	0.0826647
534.6	0.0826924
534.8	0.0827201
535	0.0827478
535.2	0.0827754
535.4	0.0828031
535.6	0.0828307
535.8	0.0828582
536	0.0828858
536.2	0.0829133
536.4	0.0829408
536.6	0.0829682
536.8	0.0829956
537	0.083023
537.2	0.0830504
537.4	0.0830777
537.6	0.083105
537.8	0.0831323
538	0.0831596
538.2	0.0831868
538.4	0.083214
538.6	0.0832411
538.8	0.0832683
539	0.0832954
539.2	0.0833225
539.4	0.0833495
539.6	0.0833765
539.8	0.0834035
540	0.0834305
540.2	0.0834574
540.4	0.0834843
540.6	0.0835112
540.8	0.0835381
541	0.0835649
541.2	0.0835917
541.4	0.0836184
541.6	0.0836452
541.8	0.0836719
542	0.0836986
542.2	0.0837252
542.4	0.0837518
542.6	0.0837784
542.8	0.083805
543	0.0838316
543.2	0.0838581
543.4	0.0838846
543.6	0.083911
543.8	0.0839374
544	0.0839638
544.2	0.0839902
544.4	0.0840166
544.6	0.0840429
544.8	0.0840692
545	0.0840954
545.2	0.0841217
545.4	0.0841479
545.6	0.0841741
545.8	0.0842002
546	0.0842263
546.2	0.0842524
546.4	0.0842785
546.6	0.0843045
546.8	0.0843306
547	0.0843566
547.2	0.0843825
547.4	0.0844084
547.6	0.0844344
547.8	0.0844602
548	0.0844861
548.2	0.0845119
548.4	0.0845377
548.6	0.0845635
548.8	0.0845892
549	0.0846149
549.2	0.0846406
549.4	0.0846663
549.6	0.0846919
549.8	0.0847175
550	0.0847431
550.2	0.0847687
550.4	0.0847942
550.6	0.0848197
550.8	0.0848452
551	0.0848706
551.2	0.084896
551.4	0.0849214
551.6	0.0849468
551.8	0.0849721
552	0.0849974
552.2	0.0850227
552.4	0.085048
552.6	0.0850732
552.8	0.0850984
553	0.0851236
553.2	0.0851488
553.4	0.0851739
553.6	0.085199
553.8	0.0852241
554	0.0852491
554.2	0.0852741
554.4	0.0852991
554.6	0.0853241
554.8	0.0853491
555	0.085374
555.2	0.0853989
555.4	0.0854237
555.6	0.0854486
555.8	0.0854734
556	0.0854982
556.2	0.0855229
556.4	0.0855477
556.6	0.0855724
556.8	0.085597
557	0.0856217
557.2	0.0856463
557.4	0.0856709
557.6	0.0856955
557.8	0.0857201
558	0.0857446
558.2	0.0857691
558.4	0.0857936
558.6	0.085818
558.8	0.0858424
559	0.0858668
559.2	0.0858912
559.4	0.0859156
559.6	0.0859399
559.8	0.0859642
560	0.0859884
560.2	0.0860127
560.4	0.0860369
560.6	0.0860611
560.8	0.0860853
561	0.0861094
561.2	0.0861335
561.4	0.0861576
561.6	0.0861817
561.8	0.0862057
562	0.0862297
562.2	0.0862537
562.4	0.0862777
562.6	0.0863016
562.8	0.0863256
563	0.0863495
563.2	0.0863733
563.4	0.0863972
563.6	0.086421
563.8	0.0864448
564	0.0864685
564.2	0.0864923
564.4	0.086516
564.6	0.0865397
564.8	0.0865633
565	0.086587
565.2	0.0866106
565.4	0.0866342
565.6	0.0866577
565.8	0.0866813
566	0.0867048
566.2	0.0867283
566.4	0.0867518
566.6	0.0867752
566.8	0.0867986
567	0.086822
567.2	0.0868454
567.4	0.0868687
567.6	0.086892
567.8	0.0869153
568	0.0869386
568.2	0.0869619
568.4	0.0869851
568.6	0.0870083
568.8	0.0870314
569	0.0870546
569.2	0.0870777
569.4	0.0871008
569.6	0.0871239
569.8	0.0871469
570	0.08717
570.2	0.087193
570.4	0.087216
570.6	0.0872389
570.8	0.0872618
571	0.0872847
571.2	0.0873076
571.4	0.0873305
571.6	0.0873533
571.8	0.0873761
572	0.0873989
572.2	0.0874217
572.4	0.0874444
572.6	0.0874671
572.8	0.0874898
573	0.0875125
573.2	0.0875351
573.4	0.0875577
573.6	0.0875803
573.8	0.0876029
574	0.0876255
574.2	0.087648
574.4	0.0876705
574.6	0.087693
574.8	0.0877154
575	0.0877378
575.2	0.0877602
575.4	0.0877826
575.6	0.087805
575.8	0.0878273
576	0.0878496
576.2	0.0878719
576.4	0.0878942
576.6	0.0879164
576.8	0.0879386
577	0.0879608
577.2	0.087983
577.4	0.0880052
577.6	0.0880273
577.8	0.0880494
578	0.0880715
578.2	0.0880935
578.4	0.0881155
578.6	0.0881376
578.8	0.0881595
579	0.0881815
579.2	0.0882034
579.4	0.0882254
579.6	0.0882472
579.8	0.0882691
580	0.088291
580.2	0.0883128
580.4	0.0883346
580.6	0.0883564
580.8	0.0883781
581	0.0883999
581.2	0.0884216
581.4	0.0884433
581.6	0.0884649
581.8	0.0884866
582	0.0885082
582.2	0.0885298
582.4	0.0885513
582.6	0.0885729
582.8	0.0885944
583	0.0886159
583.2	0.0886374
583.4	0.0886589
583.6	0.0886803
583.8	0.0887017
584	0.0887231
584.2	0.0887445
584.4	0.0887658
584.6	0.0887872
584.8	0.0888085
585	0.0888297
585.2	0.088851
585.4	0.0888722
585.6	0.0888935
585.8	0.0889146
586	0.0889358
586.2	0.088957
586.4	0.0889781
586.6	0.0889992
586.8	0.0890203
587	0.0890413
587.2	0.0890624
587.4	0.0890834
587.6	0.0891044
587.8	0.0891253
588	0.0891463
588.2	0.0891672
588.4	0.0891881
588.6	0.089209
588.8	0.0892299
589	0.0892507
589.2	0.0892715
589.4	0.0892923
589.6	0.0893131
589.8	0.0893338
590	0.0893546
590.2	0.0893753
590.4	0.0893959
590.6	0.0894166
590.8	0.0894373
591	0.0894579
591.2	0.0894785
591.4	0.089499
591.6	0.0895196
591.8	0.0895401
592	0.0895607
592.2	0.0895811
592.4	0.0896016
592.6	0.0896221
592.8	0.0896425
593	0.0896629
593.2	0.0896833
593.4	0.0897036
593.6	0.089724
593.8	0.0897443
594	0.0897646
594.2	0.0897849
594.4	0.0898051
594.6	0.0898254
594.8	0.0898456
595	0.0898658
595.2	0.0898859
595.4	0.0899061
595.6	0.0899262
595.8	0.0899463
596	0.0899664
596.2	0.0899865
596.4	0.0900065
596.6	0.0900265
596.8	0.0900465
597	0.0900665
597.2	0.0900865
597.4	0.0901064
597.6	0.0901263
597.8	0.0901462
598	0.0901661
598.2	0.0901859
598.4	0.0902058
598.6	0.0902256
598.8	0.0902454
599	0.0902651
599.2	0.0902849
599.4	0.0903046
599.6	0.0903243
599.8	0.090344
600	0.0903637
600.2	0.0903833
600.4	0.090403
600.6	0.0904226
600.8	0.0904422
601	0.0904617
601.2	0.0904813
601.4	0.0905008
601.6	0.0905203
601.8	0.0905398
602	0.0905592
602.2	0.0905787
602.4	0.0905981
602.6	0.0906175
602.8	0.0906369
603	0.0906562
603.2	0.0906756
603.4	0.0906949
603.6	0.0907142
603.8	0.0907335
604	0.0907527
604.2	0.090772
604.4	0.0907912
604.6	0.0908104
604.8	0.0908296
605	0.0908487
605.2	0.0908679
605.4	0.090887
605.6	0.0909061
605.8	0.0909252
606	0.0909442
606.2	0.0909633
606.4	0.0909823
606.6	0.0910013
606.8	0.0910202
607	0.0910392
607.2	0.0910581
607.4	0.0910771
607.6	0.091096
607.8	0.0911148
608	0.0911337
608.2	0.0911525
608.4	0.0911713
608.6	0.0911901
608.8	0.0912089
609	0.0912277
609.2	0.0912464
609.4	0.0912651
609.6	0.0912838
609.8	0.0913025
610	0.0913212
610.2	0.0913398
610.4	0.0913584
610.6	0.091377
610.8	0.0913956
611	0.0914142
611.2	0.0914327
611.4	0.0914513
611.6	0.0914698
611.8	0.0914882
612	0.0915067
612.2	0.0915252
612.4	0.0915436
612.6	0.091562
612.8	0.0915804
613	0.0915987
613.2	0.0916171
613.4	0.0916354
613.6	0.0916537
613.8	0.091672
614	0.0916903
614.2	0.0917086
614.4	0.0917268
614.6	0.091745
614.8	0.0917632
615	0.0917814
615.2	0.0917995
615.4	0.0918177
615.6	0.0918358
615.8	0.0918539
616	0.091872
616.2	0.09189
616.4	0.0919081
616.6	0.0919261
616.8	0.0919441
617	0.0919621
617.2	0.0919801
617.4	0.091998
617.6	0.092016
617.8	0.0920339
618	0.0920518
618.2	0.0920696
618.4	0.0920875
618.6	0.0921053
618.8	0.0921232
619	0.092141
619.2	0.0921587
619.4	0.0921765
619.6	0.0921942
619.8	0.092212
620	0.0922297
620.2	0.0922474
620.4	0.092265
620.6	0.0922827
620.8	0.0923003
621	0.0923179
621.2	0.0923355
621.4	0.0923531
621.6	0.0923706
621.8	0.0923882
622	0.0924057
622.2	0.0924232
622.4	0.0924407
622.6	0.0924582
622.8	0.0924756
623	0.092493
623.2	0.0925104
623.4	0.0925278
623.6	0.0925452
623.8	0.0925626
624	0.0925799
624.2	0.0925972
624.4	0.0926145
624.6	0.0926318
624.8	0.0926491
625	0.0926663
625.2	0.0926836
625.4	0.0927008
625.6	0.092718
625.8	0.0927351
626	0.0927523
626.2	0.0927694
626.4	0.0927866
626.6	0.0928036
626.8	0.0928207
627	0.0928378
627.2	0.0928548
627.4	0.0928719
627.6	0.0928889
627.8	0.0929059
628	0.0929229
628.2	0.0929398
628.4	0.0929568
628.6	0.0929737
628.8	0.0929906
629	0.0930075
629.2	0.0930244
629.4	0.0930412
629.6	0.093058
629.8	0.0930749
630	0.0930917
630.2	0.0931084
630.4	0.0931252
630.6	0.093142
630.8	0.0931587
631	0.0931754
631.2	0.0931921
631.4	0.0932088
631.6	0.0932254
631.8	0.0932421
632	0.0932587
632.2	0.0932753
632.4	0.0932919
632.6	0.0933085
632.8	0.093325
633	0.0933416
633.2	0.0933581
633.4	0.0933746
633.6	0.0933911
633.8	0.0934075
634	0.093424
634.2	0.0934404
634.4	0.0934568
634.6	0.0934732
634.8	0.0934896
635	0.093506
635.2	0.0935223
635.4	0.0935387
635.6	0.093555
635.8	0.0935713
636	0.0935875
636.2	0.0936038
636.4	0.0936201
636.6	0.0936363
636.8	0.0936525
637	0.0936687
637.2	0.0936849
637.4	0.093701
637.6	0.0937172
637.8	0.0937333
638	0.0937494
638.2	0.0937655
638.4	0.0937816
638.6	0.0937976
638.8	0.0938137
639	0.0938297
639.2	0.0938457
639.4	0.0938617
639.6	0.0938777
639.8	0.0938936
640	0.0939096
640.2	0.0939255
640.4	0.0939414
640.6	0.0939573
640.8	0.0939732
641	0.093989
641.2	0.0940049
641.4	0.0940207
641.6	0.0940365
641.8	0.0940523
642	0.0940681
642.2	0.0940838
642.4	0.0940996
642.6	0.0941153
642.8	0.094131
643	0.0941467
643.2	0.0941624
643.4	0.094178
643.6	0.0941937
643.8	0.0942093
644	0.0942249
644.2	0.0942405
644.4	0.0942561
644.6	0.0942716
644.8	0.0942872
645	0.0943027
645.2	0.0943182
645.4	0.0943337
645.6	0.0943492
645.8	0.0943646
646	0.0943801
646.2	0.0943955
646.4	0.0944109
646.6	0.0944263
646.8	0.0944417
647	0.0944571
647.2	0.0944724
647.4	0.0944877
647.6	0.0945031
647.8	0.0945184
648	0.0945337
648.2	0.0945489
648.4	0.0945642
648.6	0.0945794
648.8	0.0945946
649	0.0946098
649.2	0.094625
649.4	0.0946402
649.6	0.0946553
649.8	0.0946705
650	0.0946856
650.2	0.0947007
650.4	0.0947158
650.6	0.0947309
650.8	0.094746
651	0.094761
651.2	0.094776
651.4	0.0947911
651.6	0.0948061
651.8	0.094821
652	0.094836
652.2	0.0948509
652.4	0.0948659
652.6	0.0948808
652.8	0.0948957
653	0.0949106
653.2	0.0949255
653.4	0.0949403
653.6	0.0949552
653.8	0.09497
654	0.0949848
654.2	0.0949996
654.4	0.0950144
654.6	0.0950292
654.8	0.0950439
655	0.0950586
655.2	0.0950733
655.4	0.0950881
655.6	0.0951027
655.8	0.0951174
656	0.0951321
656.2	0.0951467
656.4	0.0951613
656.6	0.0951759
656.8	0.0951905
657	0.0952051
657.2	0.0952197
657.4	0.0952342
657.6	0.0952488
657.8	0.0952633
658	0.0952778
658.2	0.0952923
658.4	0.0953067
658.6	0.0953212
658.8	0.0953356
659	0.0953501
659.2	0.0953645
659.4	0.0953789
659.6	0.0953933
659.8	0.0954076
660	0.095422
660.2	0.0954363
660.4	0.0954506
660.6	0.095465
660.8	0.0954792
661	0.0954935
661.2	0.0955078
661.4	0.095522
661.6	0.0955363
661.8	0.0955505
662	0.0955647
662.2	0.0955789
662.4	0.095593
662.6	0.0956072
662.8	0.0956213
663	0.0956355
663.2	0.0956496
663.4	0.0956637
663.6	0.0956778
663.8	0.0956918
664	0.0957059
664.2	0.0957199
664.4	0.0957339
664.6	0.0957479
664.8	0.0957619
665	0.0957759
665.2	0.0957899
665.4	0.0958038
665.6	0.0958178
665.8	0.0958317
666	0.0958456
666.2	0.0958595
666.4	0.0958734
666.6	0.0958872
666.8	0.0959011
667	0.0959149
667.2	0.0959287
667.4	0.0959425
667.6	0.0959563
667.8	0.0959701
668	0.0959839
668.2	0.0959976
668.4	0.0960113
668.6	0.0960251
668.8	0.0960388
669	0.0960525
669.2	0.0960661
669.4	0.0960798
669.6	0.0960934
669.8	0.0961071
670	0.0961207
670.2	0.0961343
670.4	0.0961479
670.6	0.0961614
670.8	0.096175
671	0.0961886
671.2	0.0962021
671.4	0.0962156
671.6	0.0962291
671.8	0.0962426
672	0.0962561
672.2	0.0962695
672.4	0.096283
672.6	0.0962964
672.8	0.0963098
673	0.0963232
673.2	0.0963366
673.4	0.09635
673.6	0.0963634
673.8	0.0963767
674	0.0963901
674.2	0.0964034
674.4	0.0964167
674.6	0.09643
674.8	0.0964433
675	0.0964565
675.2	0.0964698
675.4	0.096483
675.6	0.0964962
675.8	0.0965094
676	0.0965226
676.2	0.0965358
676.4	0.096549
676.6	0.0965621
676.8	0.0965753
677	0.0965884
677.2	0.0966015
677.4	0.0966146
677.6	0.0966277
677.8	0.0966408
678	0.0966538
678.2	0.0966669
678.4	0.0966799
678.6	0.0966929
678.8	0.0967059
679	0.0967189
679.2	0.0967319
679.4	0.0967449
679.6	0.0967578
679.8	0.0967707
680	0.0967837
680.2	0.0967966
680.4	0.0968095
680.6	0.0968223
680.8	0.0968352
681	0.0968481
681.2	0.0968609
681.4	0.0968737
681.6	0.0968865
681.8	0.0968993
682	0.0969121
682.2	0.0969249
682.4	0.0969376
682.6	0.0969504
682.8	0.0969631
683	0.0969758
683.2	0.0969886
683.4	0.0970012
683.6	0.0970139
683.8	0.0970266
684	0.0970392
684.2	0.0970519
684.4	0.0970645
684.6	0.0970771
684.8	0.0970897
685	0.0971023
685.2	0.0971149
685.4	0.0971274
685.6	0.09714
685.8	0.0971525
686	0.097165
686.2	0.0971776
686.4	0.09719
686.6	0.0972025
686.8	0.097215
687	0.0972274
687.2	0.0972399
687.4	0.0972523
687.6	0.0972647
687.8	0.0972771
688	0.0972895
688.2	0.0973019
688.4	0.0973143
688.6	0.0973266
688.8	0.097339
689	0.0973513
689.2	0.0973636
689.4	0.0973759
689.6	0.0973882
689.8	0.0974004
690	0.0974127
690.2	0.097425
690.4	0.0974372
690.6	0.0974494
690.8	0.0974616
691	0.0974738
691.2	0.097486
691.4	0.0974982
691.6	0.0975103
691.8	0.0975225
692	0.0975346
692.2	0.0975467
692.4	0.0975588
692.6	0.0975709
692.8	0.097583
693	0.0975951
693.2	0.0976071
693.4	0.0976192
693.6	0.0976312
693.8	0.0976432
694	0.0976552
694.2	0.0976672
694.4	0.0976792
694.6	0.0976912
694.8	0.0977031
695	0.0977151
695.2	0.097727
695.4	0.0977389
695.6	0.0977508
695.8	0.0977627
696	0.0977746
696.2	0.0977865
696.4	0.0977983
696.6	0.0978102
696.8	0.097822
697	0.0978338
697.2	0.0978456
697.4	0.0978574
697.6	0.0978692
697.8	0.097881
698	0.0978927
698.2	0.0979045
698.4	0.0979162
698.6	0.0979279
698.8	0.0979396
699	0.0979513
699.2	0.097963
699.4	0.0979747
699.6	0.0979863
699.8	0.097998
700	0.0980096
700.2	0.0980193
700.4	0.0980264
700.6	0.098031
700.8	0.0980333
701	0.0980332
701.2	0.0980309
701.4	0.0980264
701.6	0.0980199
701.8	0.0980113
702	0.0980007
702.2	0.0979882
702.4	0.0979738
702.6	0.0979576
702.8	0.0979396
703	0.0979199
703.2	0.0978985
703.4	0.0978755
703.6	0.0978509
703.8	0.0978248
704	0.0977971
704.2	0.097768
704.4	0.0977375
704.6	0.0977055
704.8	0.0976722
705	0.0976376
705.2	0.0976016
705.4	0.0975644
705.6	0.097526
705.8	0.0974863
706	0.0974455
706.2	0.0974035
706.4	0.0973604
706.6	0.0973162
706.8	0.0972709
707	0.0972245
707.2	0.0971772
707.4	0.0971288
707.6	0.0970795
707.8	0.0970292
708	0.096978
708.2	0.0969259
708.4	0.0968728
708.6	0.0968189
708.8	0.0967642
709	0.0967086
709.2	0.0966523
709.4	0.0965951
709.6	0.0965371
709.8	0.0964784
710	0.096419
710.2	0.0963589
710.4	0.096298
710.6	0.0962365
710.8	0.0961742
711	0.0961114
711.2	0.0960479
711.4	0.0959837
711.6	0.095919
711.8	0.0958537
712	0.0957878
712.2	0.0957213
712.4	0.0956543
712.6	0.0955867
712.8	0.0955186
713	0.09545
713.2	0.095381
713.4	0.0953114
713.6	0.0952413
713.8	0.0951708
714	0.0950999
714.2	0.0950285
714.4	0.0949567
714.6	0.0948844
714.8	0.0948118
715	0.0947388
715.2	0.0946654
715.4	0.0945916
715.6	0.0945175
715.8	0.094443
716	0.0943681
716.2	0.094293
716.4	0.0942175
716.6	0.0941417
716.8	0.0940656
717	0.0939892
717.2	0.0939125
717.4	0.0938355
717.6	0.0937583
717.8	0.0936808
718	0.0936031
718.2	0.0935251
718.4	0.0934469
718.6	0.0933684
718.8	0.0932897
719	0.0932108
719.2	0.0931317
719.4	0.0930524
719.6	0.0929729
719.8	0.0928932
720	0.0928134
720.2	0.0927333
720.4	0.0926531
720.6	0.0925727
720.8	0.0924922
721	0.0924115
721.2	0.0923307
721.4	0.0922498
721.6	0.0921687
721.8	0.0920874
722	0.0920061
722.2	0.0919246
722.4	0.0918431
722.6	0.0917614
722.8	0.0916796
723	0.0915977
723.2	0.0915157
723.4	0.0914337
723.6	0.0913515
723.8	0.0912693
724	0.091187
724.2	0.0911046
724.4	0.0910222
724.6	0.0909397
724.8	0.0908572
725	0.0907746
725.2	0.0906919
725.4	0.0906092
725.6	0.0905264
725.8	0.0904436
726	0.0903608
726.2	0.090278
726.4	0.0901951
726.6	0.0901122
726.8	0.0900292
727	0.0899463
727.2	0.0898633
727.4	0.0897803
727.6	0.0896973
727.8	0.0896143
728	0.0895313
728.2	0.0894483
728.4	0.0893653
728.6	0.0892823
728.8	0.0891993
729	0.0891163
729.2	0.0890333
729.4	0.0889503
729.6	0.0888674
729.8	0.0887844
730	0.0887015
730.2	0.0886186
730.4	0.0885357
730.6	0.0884529
730.8	0.0883701
731	0.0882873
731.2	0.0882045
731.4	0.0881218
731.6	0.0880391
731.8	0.0879564
732	0.0878738
732.2	0.0877913
732.4	0.0877087
732.6	0.0876262
732.8	0.0875438
733	0.0874614
733.2	0.0873791
733.4	0.0872968
733.6	0.0872145
733.8	0.0871324
734	0.0870502
734.2	0.0869682
734.4	0.0868861
734.6	0.0868042
734.8	0.0867223
735	0.0866404
735.2	0.0865587
735.4	0.086477
735.6	0.0863953
735.8	0.0863137
736	0.0862322
736.2	0.0861508
736.4	0.0860694
736.6	0.0859881
736.8	0.0859069
737	0.0858257
737.2	0.0857446
737.4	0.0856636
737.6	0.0855827
737.8	0.0855018
738	0.085421
738.2	0.0853403
738.4	0.0852597
738.6	0.0851791
738.8	0.0850986
739	0.0850182
739.2	0.0849379
739.4	0.0848577
739.6	0.0847775
739.8	0.0846975
740	0.0846175
740.2	0.0845376
740.4	0.0844578
740.6	0.0843781
740.8	0.0842984
741	0.0842189
741.2	0.0841394
741.4	0.08406
741.6	0.0839807
741.8	0.0839015
742	0.0838224
742.2	0.0837434
742.4	0.0836645
742.6	0.0835856
742.8	0.0835069
743	0.0834282
743.2	0.0833497
743.4	0.0832712
743.6	0.0831928
743.8	0.0831145
744	0.0830363
744.2	0.0829582
744.4	0.0828802
744.6	0.0828023
744.8	0.0827245
745	0.0826468
745.2	0.0825692
745.4	0.0824916
745.6	0.0824142
745.8	0.0823369
746	0.0822596
746.2	0.0821825
746.4	0.0821054
746.6	0.0820285
746.8	0.0819516
747	0.0818749
747.2	0.0817982
747.4	0.0817216
747.6	0.0816452
747.8	0.0815688
748	0.0814926
748.2	0.0814164
748.4	0.0813403
748.6	0.0812644
748.8	0.0811885
749	0.0811127
749.2	0.0810371
749.4	0.0809615
749.6	0.080886
749.8	0.0808106
750	0.0807354
750.2	0.0806602
750.4	0.0805851
750.6	0.0805102
750.8	0.0804353
751	0.0803605
751.2	0.0802858
751.4	0.0802113
751.6	0.0801368
751.8	0.0800624
752	0.0799882
752.2	0.079914
752.4	0.0798399
752.6	0.079766
752.8	0.0796921
753	0.0796183
753.2	0.0795447
753.4	0.0794711
753.6	0.0793977
753.8	0.0793243
754	0.079251
754.2	0.0791779
754.4	0.0791048
754.6	0.0790319
754.8	0.078959
755	0.0788863
755.2	0.0788136
755.4	0.0787411
755.6	0.0786686
755.8	0.0785962
756	0.078524
756.2	0.0784518
756.4	0.0783798
756.6	0.0783079
756.8	0.078236
757	0.0781643
757.2	0.0780926
757.4	0.0780211
757.6	0.0779496
757.8	0.0778783
758	0.077807
758.2	0.0777359
758.4	0.0776648
758.6	0.0775939
758.8	0.0775231
759	0.0774523
759.2	0.0773817
759.4	0.0773111
759.6	0.0772407
759.8	0.0771703
760	0.0771001
760.2	0.07703
760.4	0.0769599
760.6	0.07689
760.8	0.0768201
761	0.0767504
761.2	0.0766807
761.4	0.0766112
761.6	0.0765418
761.8	0.0764724
762	0.0764032
762.2	0.076334
762.4	0.076265
762.6	0.076196
762.8	0.0761272
763	0.0760584
763.2	0.0759898
763.4	0.0759212
763.6	0.0758527
763.8	0.0757844
764	0.0757161
764.2	0.075648
764.4	0.0755799
764.6	0.0755119
764.8	0.0754441
765	0.0753763
765.2	0.0753086
765.4	0.075241
765.6	0.0751735
765.8	0.0751062
766	0.0750389
766.2	0.0749717
766.4	0.0749046
766.6	0.0748376
766.8	0.0747707
767	0.0747039
767.2	0.0746372
767.4	0.0745706
767.6	0.0745041
767.8	0.0744377
768	0.0743713
768.2	0.0743051
768.4	0.074239
768.6	0.074173
768.8	0.074107
769	0.0740412
769.2	0.0739754
769.4	0.0739098
769.6	0.0738442
769.8	0.0737788
770	0.0737134
770.2	0.0736481
770.4	0.073583
770.6	0.0735179
770.8	0.0734529
771	0.073388
771.2	0.0733232
771.4	0.0732585
771.6	0.0731939
771.8	0.0731294
772	0.0730649
772.2	0.0730006
772.4	0.0729364
772.6	0.0728722
772.8	0.0728082
773	0.0727442
773.2	0.0726804
773.4	0.0726166
773.6	0.0725529
773.8	0.0724893
774	0.0724258
774.2	0.0723624
774.4	0.0722991
774.6	0.0722359
774.8	0.0721728
775	0.0721098
775.2	0.0720468
775.4	0.071984
775.6	0.0719212
775.8	0.0718585
776	0.071796
776.2	0.0717335
776.4	0.0716711
776.6	0.0716088
776.8	0.0715466
777	0.0714845
777.2	0.0714224
777.4	0.0713605
777.6	0.0712986
777.8	0.0712369
778	0.0711752
778.2	0.0711136
778.4	0.0710521
778.6	0.0709907
778.8	0.0709294
779	0.0708682
779.2	0.0708071
779.4	0.070746
779.6	0.0706851
779.8	0.0706242
780	0.0705634
780.2	0.0705027
780.4	0.0704421
780.6	0.0703816
780.8	0.0703212
781	0.0702609
781.2	0.0702006
781.4	0.0701405
781.6	0.0700804
781.8	0.0700204
782	0.0699605
782.2	0.0699007
782.4	0.069841
782.6	0.0697813
782.8	0.0697218
783	0.0696623
783.2	0.0696029
783.4	0.0695436
783.6	0.0694844
783.8	0.0694253
784	0.0693663
784.2	0.0693073
784.4	0.0692485
784.6	0.0691897
784.8	0.069131
785	0.0690724
785.2	0.0690139
785.4	0.0689555
785.6	0.0688971
785.8	0.0688389
786	0.0687807
786.2	0.0687226
786.4	0.0686646
786.6	0.0686067
786.8	0.0685488
787	0.0684911
787.2	0.0684334
787.4	0.0683758
787.6	0.0683183
787.8	0.0682609
788	0.0682035
788.2	0.0681463
788.4	0.0680891
788.6	0.068032
788.8	0.067975
789	0.0679181
789.2	0.0678613
789.4	0.0678045
789.6	0.0677478
789.8	0.0676913
790	0.0676347
790.2	0.0675783
790.4	0.067522
790.6	0.0674657
790.8	0.0674095
791	0.0673534
791.2	0.0672974
791.4	0.0672415
791.6	0.0671856
791.8	0.0671299
792	0.0670742
792.2	0.0670186
792.4	0.066963
792.6	0.0669076
792.8	0.0668522
793	0.0667969
793.2	0.0667417
793.4	0.0666866
793.6	0.0666316
793.8	0.0665766
794	0.0665217
794.2	0.0664669
794.4	0.0664122
794.6	0.0663575
794.8	0.066303
795	0.0662485
795.2	0.0661941
795.4	0.0661397
795.6	0.0660855
795.8	0.0660313
796	0.0659772
796.2	0.0659232
796.4	0.0658693
796.6	0.0658154
796.8	0.0657616
797	0.0657079
797.2	0.0656543
797.4	0.0656008
797.6	0.0655473
797.8	0.0654939
798	0.0654406
798.2	0.0653873
798.4	0.0653342
798.6	0.0652811
798.8	0.0652281
799	0.0651752
799.2	0.0651223
799.4	0.0650695
799.6	0.0650168
799.8	0.0649642
800	0.0649117
800.2	0.0648592
800.4	0.0648068
800.6	0.0647545
800.8	0.0647023
801	0.0646501
801.2	0.064598
801.4	0.064546
801.6	0.0644941
801.8	0.0644422
802	0.0643904
802.2	0.0643387
802.4	0.0642871
802.6	0.0642355
802.8	0.064184
803	0.0641326
803.2	0.0640813
803.4	0.06403
803.6	0.0639788
803.8	0.0639277
804	0.0638766
804.2	0.0638257
804.4	0.0637748
804.6	0.063724
804.8	0.0636732
805	0.0636225
805.2	0.0635719
805.4	0.0635214
805.6	0.063471
805.8	0.0634206
806	0.0633703
806.2	0.06332
806.4	0.0632699
806.6	0.0632198
806.8	0.0631698
807	0.0631198
807.2	0.06307
807.4	0.0630202
807.6	0.0629704
807.8	0.0629208
808	0.0628712
808.2	0.0628217
808.4	0.0627722
808.6	0.0627229
808.8	0.0626736
809	0.0626244
809.2	0.0625752
809.4	0.0625261
809.6	0.0624771
809.8	0.0624282
810	0.0623793
810.2	0.0623305
810.4	0.0622818
810.6	0.0622331
810.8	0.0621845
811	0.062136
811.2	0.0620875
811.4	0.0620392
811.6	0.0619909
811.8	0.0619426
812	0.0618944
812.2	0.0618463
812.4	0.0617983
812.6	0.0617504
812.8	0.0617025
813	0.0616546
813.2	0.0616069
813.4	0.0615592
813.6	0.0615116
813.8	0.061464
814	0.0614166
814.2	0.0613692
814.4	0.0613218
814.6	0.0612745
814.8	0.0612273
815	0.0611802
815.2	0.0611331
815.4	0.0610861
815.6	0.0610392
815.8	0.0609923
816	0.0609455
816.2	0.0608988
816.4	0.0608521
816.6	0.0608056
816.8	0.060759
817	0.0607126
817.2	0.0606662
817.4	0.0606198
817.6	0.0605736
817.8	0.0605274
818	0.0604813
818.2	0.0604352
818.4	0.0603892
818.6	0.0603433
818.8	0.0602974
819	0.0602516
819.2	0.0602059
819.4	0.0601602
819.6	0.0601146
819.8	0.0600691
820	0.0600236
820.2	0.0599782
820.4	0.0599329
820.6	0.0598876
820.8	0.0598424
821	0.0597973
821.2	0.0597522
821.4	0.0597072
821.6	0.0596623
821.8	0.0596174
822	0.0595726
822.2	0.0595278
822.4	0.0594831
822.6	0.0594385
822.8	0.059394
823	0.0593495
823.2	0.059305
823.4	0.0592607
823.6	0.0592164
823.8	0.0591721
824	0.059128
824.2	0.0590838
824.4	0.0590398
824.6	0.0589958
824.8	0.0589519
825	0.058908
825.2	0.0588643
825.4	0.0588205
825.6	0.0587769
825.8	0.0587332
826	0.0586897
826.2	0.0586462
826.4	0.0586028
826.6	0.0585595
826.8	0.0585162
827	0.0584729
827.2	0.0584298
827.4	0.0583867
827.6	0.0583436
827.8	0.0583006
828	0.0582577
828.2	0.0582148
828.4	0.0581721
828.6	0.0581293
828.8	0.0580866
829	0.058044
829.2	0.0580015
829.4	0.057959
829.6	0.0579166
829.8	0.0578742
830	0.0578319
830.2	0.0577896
830.4	0.0577474
830.6	0.0577053
830.8	0.0576633
831	0.0576213
831.2	0.0575793
831.4	0.0575374
831.6	0.0574956
831.8	0.0574538
832	0.0574121
832.2	0.0573705
832.4	0.0573289
832.6	0.0572874
832.8	0.0572459
833	0.0572045
833.2	0.0571632
833.4	0.0571219
833.6	0.0570806
833.8	0.0570395
834	0.0569984
834.2	0.0569573
834.4	0.0569163
834.6	0.0568754
834.8	0.0568345
835	0.0567937
835.2	0.056753
835.4	0.0567123
835.6	0.0566716
835.8	0.056631
836	0.0565905
836.2	0.05655
836.4	0.0565096
836.6	0.0564693
836.8	0.056429
837	0.0563888
837.2	0.0563486
837.4	0.0563085
837.6	0.0562684
837.8	0.0562284
838	0.0561885
838.2	0.0561486
838.4	0.0561087
838.6	0.056069
838.8	0.0560292
839	0.0559896
839.2	0.05595
839.4	0.0559104
839.6	0.0558709
839.8	0.0558315
840	0.0557921
840.2	0.0557528
840.4	0.0557135
840.6	0.0556743
840.8	0.0556352
841	0.0555961
841.2	0.055557
841.4	0.055518
841.6	0.0554791
841.8	0.0554402
842	0.0554014
842.2	0.0553627
842.4	0.055324
842.6	0.0552853
842.8	0.0552467
843	0.0552082
843.2	0.0551697
843.4	0.0551313
843.6	0.0550929
843.8	0.0550546
844	0.0550163
844.2	0.0549781
844.4	0.0549399
844.6	0.0549018
844.8	0.0548638
845	0.0548258
845.2	0.0547878
845.4	0.05475
845.6	0.0547121
845.8	0.0546743
846	0.0546366
846.2	0.054599
846.4	0.0545613
846.6	0.0545238
846.8	0.0544863
847	0.0544488
847.2	0.0544114
847.4	0.0543741
847.6	0.0543368
847.8	0.0542995
848	0.0542624
848.2	0.0542252
848.4	0.0541881
848.6	0.0541511
848.8	0.0541141
849	0.0540772
849.2	0.0540404
849.4	0.0540035
849.6	0.0539668
849.8	0.0539301
850	0.0538934
850.2	0.0538568
850.4	0.0538202
850.6	0.0537837
850.8	0.0537473
851	0.0537109
851.2	0.0536745
851.4	0.0536382
851.6	0.053602
851.8	0.0535658
852	0.0535297
852.2	0.0534936
852.4	0.0534576
852.6	0.0534216
852.8	0.0533856
853	0.0533497
853.2	0.0533139
853.4	0.0532781
853.6	0.0532424
853.8	0.0532067
854	0.0531711
854.2	0.0531355
854.4	0.0531
854.6	0.0530645
854.8	0.0530291
855	0.0529937
855.2	0.0529584
855.4	0.0529231
855.6	0.0528879
855.8	0.0528527
856	0.0528176
856.2	0.0527825
856.4	0.0527475
856.6	0.0527126
856.8	0.0526776
857	0.0526428
857.2	0.0526079
857.4	0.0525732
857.6	0.0525384
857.8	0.0525038
858	0.0524691
858.2	0.0524346
858.4	0.0524
858.6	0.0523656
858.8	0.0523311
859	0.0522968
859.2	0.0522624
859.4	0.0522281
859.6	0.0521939
859.8	0.0521597
860	0.0521256
860.2	0.0520915
860.4	0.0520575
860.6	0.0520235
860.8	0.0519895
861	0.0519556
861.2	0.0519218
861.4	0.051888
861.6	0.0518543
861.8	0.0518206
862	0.0517869
862.2	0.0517533
862.4	0.0517198
862.6	0.0516862
862.8	0.0516528
863	0.0516194
863.2	0.051586
863.4	0.0515527
863.6	0.0515194
863.8	0.0514862
864	0.051453
864.2	0.0514199
864.4	0.0513868
864.6	0.0513538
864.8	0.0513208
865	0.0512878
865.2	0.0512549
865.4	0.0512221
865.6	0.0511893
865.8	0.0511565
866	0.0511238
866.2	0.0510912
866.4	0.0510586
866.6	0.051026
866.8	0.0509935
867	0.050961
867.2	0.0509286
867.4	0.0508962
867.6	0.0508638
867.8	0.0508316
868	0.0507993
868.2	0.0507671
868.4	0.050735
868.6	0.0507028
868.8	0.0506708
869	0.0506388
869.2	0.0506068
869.4	0.0505749
869.6	0.050543
869.8	0.0505112
870	0.0504794
870.2	0.0504476
870.4	0.0504159
870.6	0.0503843
870.8	0.0503527
871	0.0503211
871.2	0.0502896
871.4	0.0502581
871.6	0.0502267
871.8	0.0501953
872	0.0501639
872.2	0.0501326
872.4	0.0501014
872.6	0.0500702
872.8	0.050039
873	0.0500079
873.2	0.0499768
873.4	0.0499458
873.6	0.0499148
873.8	0.0498839
874	0.049853
874.2	0.0498221
874.4	0.0497913
874.6	0.0497605
874.8	0.0497298
875	0.0496991
875.2	0.0496685
875.4	0.0496379
875.6	0.0496073
875.8	0.0495768
876	0.0495464
876.2	0.0495159
876.4	0.0494856
876.6	0.0494552
876.8	0.0494249
877	0.0493947
877.2	0.0493645
877.4	0.0493343
877.6	0.0493042
877.8	0.0492741
878	0.0492441
878.2	0.0492141
878.4	0.0491841
878.6	0.0491542
878.8	0.0491244
879	0.0490946
879.2	0.0490648
879.4	0.049035
879.6	0.0490053
879.8	0.0489757
880	0.0489461
880.2	0.0489165
880.4	0.048887
880.6	0.0488575
880.8	0.048828
881	0.0487986
881.2	0.0487693
881.4	0.04874
881.6	0.0487107
881.8	0.0486814
882	0.0486522
882.2	0.0486231
882.4	0.048594
882.6	0.0485649
882.8	0.0485359
883	0.0485069
883.2	0.0484779
883.4	0.048449
883.6	0.0484202
883.8	0.0483913
884	0.0483626
884.2	0.0483338
884.4	0.0483051
884.6	0.0482765
884.8	0.0482478
885	0.0482193
885.2	0.0481907
885.4	0.0481622
885.6	0.0481338
885.8	0.0481053
886	0.048077
886.2	0.0480486
886.4	0.0480203
886.6	0.0479921
886.8	0.0479638
887	0.0479357
887.2	0.0479075
887.4	0.0478794
887.6	0.0478514
887.8	0.0478233
888	0.0477954
888.2	0.0477674
888.4	0.0477395
888.6	0.0477117
888.8	0.0476838
889	0.0476561
889.2	0.0476283
889.4	0.0476006
889.6	0.0475729
889.8	0.0475453
890	0.0475177
890.2	0.0474902
890.4	0.0474627
890.6	0.0474352
890.8	0.0474078
891	0.0473804
891.2	0.047353
891.4	0.0473257
891.6	0.0472984
891.8	0.0472712
892	0.047244
892.2	0.0472168
892.4	0.0471897
892.6	0.0471626
892.8	0.0471356
893	0.0471086
893.2	0.0470816
893.4	0.0470547
893.6	0.0470278
893.8	0.0470009
894	0.0469741
894.2	0.0469473
894.4	0.0469206
894.6	0.0468939
894.8	0.0468672
895	0.0468406
895.2	0.046814
895.4	0.0467874
895.6	0.0467609
895.8	0.0467344
896	0.046708
896.2	0.0466816
896.4	0.0466552
896.6	0.0466289
896.8	0.0466026
897	0.0465763
897.2	0.0465501
897.4	0.0465239
897.6	0.0464978
897.8	0.0464717
898	0.0464456
898.2	0.0464196
898.4	0.0463936
898.6	0.0463676
898.8	0.0463417
899	0.0463158
899.2	0.04629
899.4	0.0462642
899.6	0.0462384
899.8	0.0462126
900	0.0461869
900.2	0.0461613
900.4	0.0461356
900.6	0.04611
900.8	0.0460845
901	0.046059
901.2	0.0460335
901.4	0.046008
901.6	0.0459826
901.8	0.0459572
902	0.0459319
902.2	0.0459066
902.4	0.0458813
902.6	0.0458561
902.8	0.0458308
903	0.0458057
903.2	0.0457806
903.4	0.0457555
903.6	0.0457304
903.8	0.0457054
904	0.0456804
904.2	0.0456554
904.4	0.0456305
904.6	0.0456056
904.8	0.0455808
905	0.045556
905.2	0.0455312
905.4	0.0455064
905.6	0.0454817
905.8	0.0454571
906	0.0454324
906.2	0.0454078
906.4	0.0453832
906.6	0.0453587
906.8	0.0453342
907	0.0453097
907.2	0.0452853
907.4	0.0452609
907.6	0.0452366
907.8	0.0452122
908	0.0451879
908.2	0.0451637
908.4	0.0451394
908.6	0.0451152
908.8	0.0450911
909	0.045067
909.2	0.0450429
909.4	0.0450188
909.6	0.0449948
909.8	0.0449708
910	0.0449469
910.2	0.0449229
910.4	0.0448991
910.6	0.0448752
910.8	0.0448514
911	0.0448276
911.2	0.0448038
911.4	0.0447801
911.6	0.0447564
911.8	0.0447328
912	0.0447092
912.2	0.0446856
912.4	0.044662
912.6	0.0446385
912.8	0.044615
913	0.0445916
913.2	0.0445681
913.4	0.0445448
913.6	0.0445214
913.8	0.0444981
914	0.0444748
914.2	0.0444515
914.4	0.0444283
914.6	0.0444051
914.8	0.044382
915	0.0443588
915.2	0.0443357
915.4	0.0443127
915.6	0.0442897
915.8	0.0442667
916	0.0442437
916.2	0.0442208
916.4	0.0441979
916.6	0.044175
916.8	0.0441522
917	0.0441294
917.2	0.0441066
917.4	0.0440839
917.6	0.0440611
917.8	0.0440385
918	0.0440158
918.2	0.0439932
918.4	0.0439706
918.6	0.0439481
918.8	0.0439256
919	0.0439031
919.2	0.0438806
919.4	0.0438582
919.6	0.0438358
919.8	0.0438135
920	0.0437911
920.2	0.0437689
920.4	0.0437466
920.6	0.0437244
920.8	0.0437022
921	0.04368
921.2	0.0436579
921.4	0.0436357
921.6	0.0436137
921.8	0.0435916
922	0.0435696
922.2	0.0435476
922.4	0.0435257
922.6	0.0435038
922.8	0.0434819
923	0.04346
923.2	0.0434382
923.4	0.0434164
923.6	0.0433946
923.8	0.0433729
924	0.0433512
924.2	0.0433295
924.4	0.0433078
924.6	0.0432862
924.8	0.0432646
925	0.0432431
925.2	0.0432216
925.4	0.0432001
925.6	0.0431786
925.8	0.0431572
926	0.0431358
926.2	0.0431144
926.4	0.043093
926.6	0.0430717
926.8	0.0430504
927	0.0430292
927.2	0.043008
927.4	0.0429868
927.6	0.0429656
927.8	0.0429445
928	0.0429234
928.2	0.0429023
928.4	0.0428813
928.6	0.0428602
928.8	0.0428392
929	0.0428183
929.2	0.0427974
929.4	0.0427765
929.6	0.0427556
929.8	0.0427348
930	0.0427139
930.2	0.0426932
930.4	0.0426724
930.6	0.0426517
930.8	0.042631
931	0.0426103
931.2	0.0425897
931.4	0.0425691
931.6	0.0425485
931.8	0.042528
932	0.0425074
932.2	0.0424869
932.4	0.0424665
932.6	0.042446
932.8	0.0424256
933	0.0424053
933.2	0.0423849
933.4	0.0423646
933.6	0.0423443
933.8	0.042324
934	0.0423038
934.2	0.0422836
934.4	0.0422634
934.6	0.0422433
934.8	0.0422231
935	0.0422031
935.2	0.042183
935.4	0.042163
935.6	0.0421429
935.8	0.042123
936	0.042103
936.2	0.0420831
936.4	0.0420632
936.6	0.0420433
936.8	0.0420235
937	0.0420037
937.2	0.0419839
937.4	0.0419641
937.6	0.0419444
937.8	0.0419247
938	0.041905
938.2	0.0418854
938.4	0.0418657
938.6	0.0418462
938.8	0.0418266
939	0.0418071
939.2	0.0417875
939.4	0.0417681
939.6	0.0417486
939.8	0.0417292
940	0.0417098
940.2	0.0416904
940.4	0.0416711
940.6	0.0416517
940.8	0.0416324
941	0.0416132
941.2	0.0415939
941.4	0.0415747
941.6	0.0415555
941.8	0.0415364
942	0.0415173
942.2	0.0414982
942.4	0.0414791
942.6	0.04146
942.8	0.041441
943	0.041422
943.2	0.041403
943.4	0.0413841
943.6	0.0413652
943.8	0.0413463
944	0.0413274
944.2	0.0413086
944.4	0.0412898
944.6	0.041271
944.8	0.0412522
945	0.0412335
945.2	0.0412148
945.4	0.0411961
945.6	0.0411774
945.8	0.0411588
946	0.0411402
946.2	0.0411216
946.4	0.0411031
946.6	0.0410846
946.8	0.0410661
947	0.0410476
947.2	0.0410292
947.4	0.0410107
947.6	0.0409923
947.8	0.040974
948	0.0409556
948.2	0.0409373
948.4	0.040919
948.6	0.0409007
948.8	0.0408825
949	0.0408643
949.2	0.0408461
949.4	0.0408279
949.6	0.0408098
949.8	0.0407917
950	0.0407736
950.2	0.0407555
950.4	0.0407375
950.6	0.0407195
950.8	0.0407015
951	0.0406835
951.2	0.0406656
951.4	0.0406477
951.6	0.0406298
951.8	0.0406119
952	0.0405941
952.2	0.0405763
952.4	0.0405585
952.6	0.0405407
952.8	0.040523
953	0.0405053
953.2	0.0404876
953.4	0.0404699
953.6	0.0404523
953.8	0.0404347
954	0.0404171
954.2	0.0403995
954.4	0.040382
954.6	0.0403645
954.8	0.040347
955	0.0403295
955.2	0.0403121
955.4	0.0402947
955.6	0.0402773
955.8	0.0402599
956	0.0402426
956.2	0.0402252
956.4	0.0402079
956.6	0.0401907
956.8	0.0401734
957	0.0401562
957.2	0.040139
957.4	0.0401218
957.6	0.0401047
957.8	0.0400875
958	0.0400704
958.2	0.0400534
958.4	0.0400363
958.6	0.0400193
958.8	0.0400023
959	0.0399853
959.2	0.0399683
959.4	0.0399514
959.6	0.0399345
959.8	0.0399176
960	0.0399007
960.2	0.0398839
960.4	0.0398671
960.6	0.0398503
960.8	0.0398335
961	0.0398167
961.2	0.0398
961.4	0.0397833
961.6	0.0397666
961.8	0.03975
962	0.0397333
962.2	0.0397167
962.4	0.0397002
962.6	0.0396836
962.8	0.0396671
963	0.0396505
963.2	0.039634
963.4	0.0396176
963.6	0.0396011
963.8	0.0395847
964	0.0395683
964.2	0.0395519
964.4	0.0395356
964.6	0.0395192
964.8	0.0395029
965	0.0394866
965.2	0.0394704
965.4	0.0394541
965.6	0.0394379
965.8	0.0394217
966	0.0394055
966.2	0.0393894
966.4	0.0393733
966.6	0.0393572
966.8	0.0393411
967	0.039325
967.2	0.039309
967.4	0.039293
967.6	0.039277
967.8	0.039261
968	0.039245
968.2	0.0392291
968.4	0.0392132
968.6	0.0391973
968.8	0.0391815
969	0.0391656
969.2	0.0391498
969.4	0.039134
969.6	0.0391182
969.8	0.0391025
970	0.0390868
970.2	0.0390711
970.4	0.0390554
970.6	0.0390397
970.8	0.0390241
971	0.0390085
971.2	0.0389929
971.4	0.0389773
971.6	0.0389617
971.8	0.0389462
972	0.0389307
972.2	0.0389152
972.4	0.0388997
972.6	0.0388843
972.8	0.0388689
973	0.0388535
973.2	0.0388381
973.4	0.0388227
973.6	0.0388074
973.8	0.0387921
974	0.0387768
974.2	0.0387615
974.4	0.0387463
974.6	0.038731
974.8	0.0387158
975	0.0387006
975.2	0.0386855
975.4	0.0386703
975.6	0.0386552
975.8	0.0386401
976	0.038625
976.2	0.0386099
976.4	0.0385949
976.6	0.0385799
976.8	0.0385649
977	0.0385499
977.2	0.0385349
977.4	0.03852
977.6	0.0385051
977.8	0.0384902
978	0.0384753
978.2	0.0384605
978.4	0.0384456
978.6	0.0384308
978.8	0.038416
979	0.0384013
979.2	0.0383865
979.4	0.0383718
979.6	0.0383571
979.8	0.0383424
980	0.0383277
980.2	0.0383131
980.4	0.0382984
980.6	0.0382838
980.8	0.0382693
981	0.0382547
981.2	0.0382401
981.4	0.0382256
981.6	0.0382111
981.8	0.0381966
982	0.0381822
982.2	0.0381677
982.4	0.0381533
982.6	0.0381389
982.8	0.0381245
983	0.0381101
983.2	0.0380958
983.4	0.0380815
983.6	0.0380672
983.8	0.0380529
984	0.0380386
984.2	0.0380244
984.4	0.0380101
984.6	0.0379959
984.8	0.0379818
985	0.0379676
985.2	0.0379534
985.4	0.0379393
985.6	0.0379252
985.8	0.0379111
986	0.0378971
986.2	0.037883
986.4	0.037869
986.6	0.037855
986.8	0.037841
987	0.037827
987.2	0.0378131
987.4	0.0377991
987.6	0.0377852
987.8	0.0377713
988	0.0377575
988.2	0.0377436
988.4	0.0377298
988.6	0.037716
988.8	0.0377022
989	0.0376884
989.2	0.0376746
989.4	0.0376609
989.6	0.0376472
989.8	0.0376335
990	0.0376198
990.2	0.0376061
990.4	0.0375925
990.6	0.0375789
990.8	0.0375653
991	0.0375517
991.2	0.0375381
991.4	0.0375246
991.6	0.037511
991.8	0.0374975
992	0.037484
992.2	0.0374706
992.4	0.0374571
992.6	0.0374437
992.8	0.0374303
993	0.0374169
993.2	0.0374035
993.4	0.0373901
993.6	0.0373768
993.8	0.0373635
994	0.0373502
994.2	0.0373369
994.4	0.0373236
994.6	0.0373104
994.8	0.0372971
995	0.0372839
995.2	0.0372707
995.4	0.0372575
995.6	0.0372444
995.8	0.0372312
996	0.0372181
996.2	0.037205
996.4	0.0371919
996.6	0.0371789
996.8	0.0371658
997	0.0371528
997.2	0.0371398
997.4	0.0371268
997.6	0.0371138
997.8	0.0371009
998	0.0370879
998.2	0.037075
998.4	0.0370621
998.6	0.0370492
998.8	0.0370363
999	0.0370235
999.2	0.0370107
999.4	0.0369978
999.6	0.036985
999.8	0.0369723
1000	0.0369595
