label:PY[0].soma.v(0.5)
5001
0	-70
0.2	-70
0.4	-70
0.6	-70.0001
0.8	-70.0001
1	-70.0002
1.2	-70.0002
1.4	-70.0003
1.6	-70.0004
1.8	-70.0006
2	-70.0007
2.2	-70.0008
2.4	-70.001
2.6	-70.0012
2.8	-70.0013
3	-70.0015
3.2	-70.0017
3.4	-70.0019
3.6	-70.0022
3.8	-70.0024
4	-70.0026
4.2	-70.0029
4.4	-70.0032
4.6	-70.0034
4.8	-70.0037
5	-70.004
5.2	-70.0043
5.4	-70.0046
5.6	-70.0049
5.8	-70.0053
6	-70.0056
6.2	-70.006
6.4	-70.0063
6.6	-70.0067
6.8	-70.007
7	-70.0074
7.2	-70.0078
7.4	-70.0082
7.6	-70.0086
7.8	-70.009
8	-70.0094
8.2	-70.0098
8.4	-70.0102
8.6	-70.0107
8.8	-70.0111
9	-70.0115
9.2	-70.012
9.4	-70.0124
9.6	-70.0129
9.8	-70.0134
10	-70.0138
10.2	-70.0143
10.4	-70.0148
10.6	-70.0153
10.8	-70.0158
11	-70.0163
11.2	-70.0167
11.4	-70.0173
11.6	-70.0178
11.8	-70.0183
12	-70.0188
12.2	-70.0193
12.4	-70.0198
12.6	-70.0204
12.8	-70.0209
13	-70.0214
13.2	-70.022
13.4	-70.0225
13.6	-70.023
13.8	-70.0236
14	-70.0241
14.2	-70.0247
14.4	-70.0253
14.6	-70.0258
14.8	-70.0264
15	-70.0269
15.2	-70.0275
15.4	-70.0281
15.6	-70.0287
15.8	-70.0292
16	-70.0298
16.2	-70.0304
16.4	-70.031
16.6	-70.0316
16.8	-70.0322
17	-70.0327
17.2	-70.0333
17.4	-70.0339
17.6	-70.0345
17.8	-70.0351
18	-70.0357
18.2	-70.0363
18.4	-70.0369
18.6	-70.0375
18.8	-70.0381
19	-70.0388
19.2	-70.0394
19.4	-70.04
19.6	-70.0406
19.8	-70.0412
20	-70.0418
20.2	-70.0424
20.4	-70.0431
20.6	-70.0437
20.8	-70.0443
21	-70.0449
21.2	-70.0455
21.4	-70.0462
21.6	-70.0468
21.8	-70.0474
22	-70.048
22.2	-70.0487
22.4	-70.0493
22.6	-70.0499
22.8	-70.0506
23	-70.0512
23.2	-70.0518
23.4	-70.0525
23.6	-70.0531
23.8	-70.0537
24	-70.0544
24.2	-70.055
24.4	-70.0556
24.6	-70.0563
24.8	-70.0569
25	-70.0576
25.2	-70.0582
25.4	-70.0588
25.6	-70.0595
25.8	-70.0601
26	-70.0607
26.2	-70.0614
26.4	-70.062
26.6	-70.0627
26.8	-70.0633
27	-70.0639
27.2	-70.0646
27.4	-70.0652
27.6	-70.0659
27.8	-70.0665
28	-70.0672
28.2	-70.0678
28.4	-70.0684
28.6	-70.0691
28.8	-70.0697
29	-70.0704
29.2	-70.071
29.4	-70.0716
29.6	-70.0723
29.8	-70.0729
30	-70.0736
30.2	-70.0742
30.4	-70.0749
30.6	-70.0755
30.8	-70.0761
31	-70.0768
31.2	-70.0774
31.4	-70.0781
31.6	-70.0787
31.8	-70.0793
32	-70.08
32.2	-70.0806
32.4	-70.0813
32.6	-70.0819
32.8	-70.0825
33	-70.0832
33.2	-70.0838
33.4	-70.0844
33.6	-70.0851
33.8	-70.0857
34	-70.0864
34.2	-70.087
34.4	-70.0876
34.6	-70.0883
34.8	-70.0889
35	-70.0895
35.2	-70.0902
35.4	-70.0908
35.6	-70.0914
35.8	-70.0921
36	-70.0927
36.2	-70.0933
36.4	-70.094
36.6	-70.0946
36.8	-70.0952
37	-70.0959
37.2	-70.0965
37.4	-70.0971
37.6	-70.0978
37.8	-70.0984
38	-70.099
38.2	-70.0997
38.4	-70.1003
38.6	-70.1009
38.8	-70.1015
39	-70.1022
39.2	-70.1028
39.4	-70.1034
39.6	-70.104
39.8	-70.1047
40	-70.1053
40.2	-70.1059
40.4	-70.1065
40.6	-70.1072
40.8	-70.1078
41	-70.1084
41.2	-70.109
41.4	-70.1096
41.6	-70.1103
41.8	-70.1109
42	-70.1115
42.2	-70.1121
42.4	-70.1127
42.6	-70.1133
42.8	-70.114
43	-70.1146
43.2	-70.1152
43.4	-70.1158
43.6	-70.1164
43.8	-70.117
44	-70.1176
44.2	-70.1182
44.4	-70.1189
44.6	-70.1195
44.8	-70.1201
45	-70.1207
45.2	-70.1213
45.4	-70.1219
45.6	-70.1225
45.8	-70.1231
46	-70.1237
46.2	-70.1243
46.4	-70.1249
46.6	-70.1255
46.8	-70.1261
47	-70.1267
47.2	-70.1273
47.4	-70.1279
47.6	-70.1285
47.8	-70.1291
48	-70.1297
48.2	-70.1303
48.4	-70.1309
48.6	-70.1315
48.8	-70.1321
49	-70.1327
49.2	-70.1333
49.4	-70.1339
49.6	-70.1345
49.8	-70.1351
50	-70.1357
50.2	-70.1363
50.4	-70.1369
50.6	-70.1374
50.8	-70.138
51	-70.1386
51.2	-70.1392
51.4	-70.1398
51.6	-70.1404
51.8	-70.141
52	-70.1415
52.2	-70.1421
52.4	-70.1427
52.6	-70.1433
52.8	-70.1439
53	-70.1445
53.2	-70.145
53.4	-70.1456
53.6	-70.1462
53.8	-70.1468
54	-70.1474
54.2	-70.1479
54.4	-70.1485
54.6	-70.1491
54.8	-70.1497
55	-70.1502
55.2	-70.1508
55.4	-70.1514
55.6	-70.1519
55.8	-70.1525
56	-70.1531
56.2	-70.1537
56.4	-70.1542
56.6	-70.1548
56.8	-70.1554
57	-70.1559
57.2	-70.1565
57.4	-70.1571
57.6	-70.1576
57.8	-70.1582
58	-70.1587
58.2	-70.1593
58.4	-70.1599
58.6	-70.1604
58.8	-70.161
59	-70.1616
59.2	-70.1621
59.4	-70.1627
59.6	-70.1632
59.8	-70.1638
60	-70.1643
60.2	-70.1649
60.4	-70.1654
60.6	-70.166
60.8	-70.1665
61	-70.1671
61.2	-70.1677
61.4	-70.1682
61.6	-70.1688
61.8	-70.1693
62	-70.1699
62.2	-70.1704
62.4	-70.1709
62.6	-70.1715
62.8	-70.172
63	-70.1726
63.2	-70.1731
63.4	-70.1737
63.6	-70.1742
63.8	-70.1748
64	-70.1753
64.2	-70.1758
64.4	-70.1764
64.6	-70.1769
64.8	-70.1775
65	-70.178
65.2	-70.1785
65.4	-70.1791
65.6	-70.1796
65.8	-70.1801
66	-70.1807
66.2	-70.1812
66.4	-70.1817
66.6	-70.1823
66.8	-70.1828
67	-70.1833
67.2	-70.1839
67.4	-70.1844
67.6	-70.1849
67.8	-70.1854
68	-70.186
68.2	-70.1865
68.4	-70.187
68.6	-70.1876
68.8	-70.1881
69	-70.1886
69.2	-70.1891
69.4	-70.1896
69.6	-70.1902
69.8	-70.1907
70	-70.1912
70.2	-70.1917
70.4	-70.1922
70.6	-70.1928
70.8	-70.1933
71	-70.1938
71.2	-70.1943
71.4	-70.1948
71.6	-70.1953
71.8	-70.1959
72	-70.1964
72.2	-70.1969
72.4	-70.1974
72.6	-70.1979
72.8	-70.1984
73	-70.1989
73.2	-70.1994
73.4	-70.1999
73.6	-70.2005
73.8	-70.201
74	-70.2015
74.2	-70.202
74.4	-70.2025
74.6	-70.203
74.8	-70.2035
75	-70.204
75.2	-70.2045
75.4	-70.205
75.6	-70.2055
75.8	-70.206
76	-70.2065
76.2	-70.207
76.4	-70.2075
76.6	-70.208
76.8	-70.2085
77	-70.209
77.2	-70.2095
77.4	-70.21
77.6	-70.2105
77.8	-70.211
78	-70.2114
78.2	-70.2119
78.4	-70.2124
78.6	-70.2129
78.8	-70.2134
79	-70.2139
79.2	-70.2144
79.4	-70.2149
79.6	-70.2154
79.8	-70.2159
80	-70.2163
80.2	-70.2168
80.4	-70.2173
80.6	-70.2178
80.8	-70.2183
81	-70.2188
81.2	-70.2192
81.4	-70.2197
81.6	-70.2202
81.8	-70.2207
82	-70.2212
82.2	-70.2216
82.4	-70.2221
82.6	-70.2226
82.8	-70.2231
83	-70.2236
83.2	-70.224
83.4	-70.2245
83.6	-70.225
83.8	-70.2255
84	-70.2259
84.2	-70.2264
84.4	-70.2269
84.6	-70.2273
84.8	-70.2278
85	-70.2283
85.2	-70.2288
85.4	-70.2292
85.6	-70.2297
85.8	-70.2302
86	-70.2306
86.2	-70.2311
86.4	-70.2316
86.6	-70.232
86.8	-70.2325
87	-70.2329
87.2	-70.2334
87.4	-70.2339
87.6	-70.2343
87.8	-70.2348
88	-70.2353
88.2	-70.2357
88.4	-70.2362
88.6	-70.2366
88.8	-70.2371
89	-70.2375
89.2	-70.238
89.4	-70.2385
89.6	-70.2389
89.8	-70.2394
90	-70.2398
90.2	-70.2403
90.4	-70.2407
90.6	-70.2412
90.8	-70.2416
91	-70.2421
91.2	-70.2425
91.4	-70.243
91.6	-70.2434
91.8	-70.2439
92	-70.2443
92.2	-70.2448
92.4	-70.2452
92.6	-70.2457
92.8	-70.2461
93	-70.2466
93.2	-70.247
93.4	-70.2475
93.6	-70.2479
93.8	-70.2483
94	-70.2488
94.2	-70.2492
94.4	-70.2497
94.6	-70.2501
94.8	-70.2505
95	-70.251
95.2	-70.2514
95.4	-70.2519
95.6	-70.2523
95.8	-70.2527
96	-70.2532
96.2	-70.2536
96.4	-70.254
96.6	-70.2545
96.8	-70.2549
97	-70.2553
97.2	-70.2558
97.4	-70.2562
97.6	-70.2566
97.8	-70.2571
98	-70.2575
98.2	-70.2579
98.4	-70.2584
98.6	-70.2588
98.8	-70.2592
99	-70.2596
99.2	-70.2601
99.4	-70.2605
99.6	-70.2609
99.8	-70.2613
100	-70.2618
100.2	-70.2622
100.4	-70.2626
100.6	-70.263
100.8	-70.2635
101	-70.2639
101.2	-70.2643
101.4	-70.2647
101.6	-70.2651
101.8	-70.2656
102	-70.266
102.2	-70.2664
102.4	-70.2668
102.6	-70.2672
102.8	-70.2676
103	-70.2681
103.2	-70.2685
103.4	-70.2689
103.6	-70.2693
103.8	-70.2697
104	-70.2701
104.2	-70.2705
104.4	-70.271
104.6	-70.2714
104.8	-70.2718
105	-70.2722
105.2	-70.2726
105.4	-70.273
105.6	-70.2734
105.8	-70.2738
106	-70.2742
106.2	-70.2746
106.4	-70.275
106.6	-70.2754
106.8	-70.2759
107	-70.2763
107.2	-70.2767
107.4	-70.2771
107.6	-70.2775
107.8	-70.2779
108	-70.2783
108.2	-70.2787
108.4	-70.2791
108.6	-70.2795
108.8	-70.2799
109	-70.2803
109.2	-70.2807
109.4	-70.2811
109.6	-70.2815
109.8	-70.2819
110	-70.2823
110.2	-70.2827
110.4	-70.2831
110.6	-70.2834
110.8	-70.2838
111	-70.2842
111.2	-70.2846
111.4	-70.285
111.6	-70.2854
111.8	-70.2858
112	-70.2862
112.2	-70.2866
112.4	-70.287
112.6	-70.2874
112.8	-70.2878
113	-70.2881
113.2	-70.2885
113.4	-70.2889
113.6	-70.2893
113.8	-70.2897
114	-70.2901
114.2	-70.2905
114.4	-70.2908
114.6	-70.2912
114.8	-70.2916
115	-70.292
115.2	-70.2924
115.4	-70.2928
115.6	-70.2931
115.8	-70.2935
116	-70.2939
116.2	-70.2943
116.4	-70.2947
116.6	-70.295
116.8	-70.2954
117	-70.2958
117.2	-70.2962
117.4	-70.2965
117.6	-70.2969
117.8	-70.2973
118	-70.2977
118.2	-70.298
118.4	-70.2984
118.6	-70.2988
118.8	-70.2992
119	-70.2995
119.2	-70.2999
119.4	-70.3003
119.6	-70.3007
119.8	-70.301
120	-70.3014
120.2	-70.3018
120.4	-70.3021
120.6	-70.3025
120.8	-70.3029
121	-70.3032
121.2	-70.3036
121.4	-70.304
121.6	-70.3043
121.8	-70.3047
122	-70.3051
122.2	-70.3054
122.4	-70.3058
122.6	-70.3062
122.8	-70.3065
123	-70.3069
123.2	-70.3072
123.4	-70.3076
123.6	-70.308
123.8	-70.3083
124	-70.3087
124.2	-70.309
124.4	-70.3094
124.6	-70.3098
124.8	-70.3101
125	-70.3105
125.2	-70.3108
125.4	-70.3112
125.6	-70.3115
125.8	-70.3119
126	-70.3123
126.2	-70.3126
126.4	-70.313
126.6	-70.3133
126.8	-70.3137
127	-70.314
127.2	-70.3144
127.4	-70.3147
127.6	-70.3151
127.8	-70.3154
128	-70.3158
128.2	-70.3161
128.4	-70.3165
128.6	-70.3168
128.8	-70.3172
129	-70.3175
129.2	-70.3179
129.4	-70.3182
129.6	-70.3186
129.8	-70.3189
130	-70.3193
130.2	-70.3196
130.4	-70.32
130.6	-70.3203
130.8	-70.3206
131	-70.321
131.2	-70.3213
131.4	-70.3217
131.6	-70.322
131.8	-70.3223
132	-70.3227
132.2	-70.323
132.4	-70.3234
132.6	-70.3237
132.8	-70.3241
133	-70.3244
133.2	-70.3247
133.4	-70.3251
133.6	-70.3254
133.8	-70.3257
134	-70.3261
134.2	-70.3264
134.4	-70.3267
134.6	-70.3271
134.8	-70.3274
135	-70.3277
135.2	-70.3281
135.4	-70.3284
135.6	-70.3287
135.8	-70.3291
136	-70.3294
136.2	-70.3297
136.4	-70.3301
136.6	-70.3304
136.8	-70.3307
137	-70.3311
137.2	-70.3314
137.4	-70.3317
137.6	-70.332
137.8	-70.3324
138	-70.3327
138.2	-70.333
138.4	-70.3334
138.6	-70.3337
138.8	-70.334
139	-70.3343
139.2	-70.3347
139.4	-70.335
139.6	-70.3353
139.8	-70.3356
140	-70.3359
140.2	-70.3363
140.4	-70.3366
140.6	-70.3369
140.8	-70.3372
141	-70.3376
141.2	-70.3379
141.4	-70.3382
141.6	-70.3385
141.8	-70.3388
142	-70.3391
142.2	-70.3395
142.4	-70.3398
142.6	-70.3401
142.8	-70.3404
143	-70.3407
143.2	-70.341
143.4	-70.3414
143.6	-70.3417
143.8	-70.342
144	-70.3423
144.2	-70.3426
144.4	-70.3429
144.6	-70.3432
144.8	-70.3436
145	-70.3439
145.2	-70.3442
145.4	-70.3445
145.6	-70.3448
145.8	-70.3451
146	-70.3454
146.2	-70.3457
146.4	-70.346
146.6	-70.3464
146.8	-70.3467
147	-70.347
147.2	-70.3473
147.4	-70.3476
147.6	-70.3479
147.8	-70.3482
148	-70.3485
148.2	-70.3488
148.4	-70.3491
148.6	-70.3494
148.8	-70.3497
149	-70.35
149.2	-70.3503
149.4	-70.3506
149.6	-70.3509
149.8	-70.3512
150	-70.3515
150.2	-70.3518
150.4	-70.3521
150.6	-70.3524
150.8	-70.3527
151	-70.353
151.2	-70.3533
151.4	-70.3536
151.6	-70.3539
151.8	-70.3542
152	-70.3545
152.2	-70.3548
152.4	-70.3551
152.6	-70.3554
152.8	-70.3557
153	-70.356
153.2	-70.3563
153.4	-70.3566
153.6	-70.3569
153.8	-70.3572
154	-70.3575
154.2	-70.3578
154.4	-70.3581
154.6	-70.3583
154.8	-70.3586
155	-70.3589
155.2	-70.3592
155.4	-70.3595
155.6	-70.3598
155.8	-70.3601
156	-70.3604
156.2	-70.3607
156.4	-70.361
156.6	-70.3612
156.8	-70.3615
157	-70.3618
157.2	-70.3621
157.4	-70.3624
157.6	-70.3627
157.8	-70.363
158	-70.3633
158.2	-70.3635
158.4	-70.3638
158.6	-70.3641
158.8	-70.3644
159	-70.3647
159.2	-70.365
159.4	-70.3652
159.6	-70.3655
159.8	-70.3658
160	-70.3661
160.2	-70.3664
160.4	-70.3666
160.6	-70.3669
160.8	-70.3672
161	-70.3675
161.2	-70.3678
161.4	-70.368
161.6	-70.3683
161.8	-70.3686
162	-70.3689
162.2	-70.3691
162.4	-70.3694
162.6	-70.3697
162.8	-70.37
163	-70.3703
163.2	-70.3705
163.4	-70.3708
163.6	-70.3711
163.8	-70.3714
164	-70.3716
164.2	-70.3719
164.4	-70.3722
164.6	-70.3724
164.8	-70.3727
165	-70.373
165.2	-70.3733
165.4	-70.3735
165.6	-70.3738
165.8	-70.3741
166	-70.3743
166.2	-70.3746
166.4	-70.3749
166.6	-70.3752
166.8	-70.3754
167	-70.3757
167.2	-70.376
167.4	-70.3762
167.6	-70.3765
167.8	-70.3768
168	-70.377
168.2	-70.3773
168.4	-70.3776
168.6	-70.3778
168.8	-70.3781
169	-70.3783
169.2	-70.3786
169.4	-70.3789
169.6	-70.3791
169.8	-70.3794
170	-70.3797
170.2	-70.3799
170.4	-70.3802
170.6	-70.3805
170.8	-70.3807
171	-70.381
171.2	-70.3812
171.4	-70.3815
171.6	-70.3818
171.8	-70.382
172	-70.3823
172.2	-70.3825
172.4	-70.3828
172.6	-70.383
172.8	-70.3833
173	-70.3836
173.2	-70.3838
173.4	-70.3841
173.6	-70.3843
173.8	-70.3846
174	-70.3848
174.2	-70.3851
174.4	-70.3854
174.6	-70.3856
174.8	-70.3859
175	-70.3861
175.2	-70.3864
175.4	-70.3866
175.6	-70.3869
175.8	-70.3871
176	-70.3874
176.2	-70.3876
176.4	-70.3879
176.6	-70.3881
176.8	-70.3884
177	-70.3886
177.2	-70.3889
177.4	-70.3891
177.6	-70.3894
177.8	-70.3896
178	-70.3899
178.2	-70.3901
178.4	-70.3904
178.6	-70.3906
178.8	-70.3909
179	-70.3911
179.2	-70.3914
179.4	-70.3916
179.6	-70.3919
179.8	-70.3921
180	-70.3924
180.2	-70.3926
180.4	-70.3928
180.6	-70.3931
180.8	-70.3933
181	-70.3936
181.2	-70.3938
181.4	-70.3941
181.6	-70.3943
181.8	-70.3945
182	-70.3948
182.2	-70.395
182.4	-70.3953
182.6	-70.3955
182.8	-70.3958
183	-70.396
183.2	-70.3962
183.4	-70.3965
183.6	-70.3967
183.8	-70.397
184	-70.3972
184.2	-70.3974
184.4	-70.3977
184.6	-70.3979
184.8	-70.3981
185	-70.3984
185.2	-70.3986
185.4	-70.3989
185.6	-70.3991
185.8	-70.3993
186	-70.3996
186.2	-70.3998
186.4	-70.4
186.6	-70.4003
186.8	-70.4005
187	-70.4007
187.2	-70.401
187.4	-70.4012
187.6	-70.4014
187.8	-70.4017
188	-70.4019
188.2	-70.4021
188.4	-70.4024
188.6	-70.4026
188.8	-70.4028
189	-70.4031
189.2	-70.4033
189.4	-70.4035
189.6	-70.4037
189.8	-70.404
190	-70.4042
190.2	-70.4044
190.4	-70.4047
190.6	-70.4049
190.8	-70.4051
191	-70.4053
191.2	-70.4056
191.4	-70.4058
191.6	-70.406
191.8	-70.4062
192	-70.4065
192.2	-70.4067
192.4	-70.4069
192.6	-70.4072
192.8	-70.4074
193	-70.4076
193.2	-70.4078
193.4	-70.4081
193.6	-70.4083
193.8	-70.4085
194	-70.4087
194.2	-70.4089
194.4	-70.4092
194.6	-70.4094
194.8	-70.4096
195	-70.4098
195.2	-70.4101
195.4	-70.4103
195.6	-70.4105
195.8	-70.4107
196	-70.4109
196.2	-70.4112
196.4	-70.4114
196.6	-70.4116
196.8	-70.4118
197	-70.412
197.2	-70.4122
197.4	-70.4125
197.6	-70.4127
197.8	-70.4129
198	-70.4131
198.2	-70.4133
198.4	-70.4136
198.6	-70.4138
198.8	-70.414
199	-70.4142
199.2	-70.4144
199.4	-70.4146
199.6	-70.4148
199.8	-70.4151
200	-70.4153
200.2	-70.4155
200.4	-70.4157
200.6	-70.4159
200.8	-70.4161
201	-70.4163
201.2	-70.4165
201.4	-70.4168
201.6	-70.417
201.8	-70.4172
202	-70.4174
202.2	-70.4176
202.4	-70.4178
202.6	-70.418
202.8	-70.4182
203	-70.4184
203.2	-70.4187
203.4	-70.4189
203.6	-70.4191
203.8	-70.4193
204	-70.4195
204.2	-70.4197
204.4	-70.4199
204.6	-70.4201
204.8	-70.4203
205	-70.4205
205.2	-70.4207
205.4	-70.4209
205.6	-70.4211
205.8	-70.4213
206	-70.4216
206.2	-70.4218
206.4	-70.422
206.6	-70.4222
206.8	-70.4224
207	-70.4226
207.2	-70.4228
207.4	-70.423
207.6	-70.4232
207.8	-70.4234
208	-70.4236
208.2	-70.4238
208.4	-70.424
208.6	-70.4242
208.8	-70.4244
209	-70.4246
209.2	-70.4248
209.4	-70.425
209.6	-70.4252
209.8	-70.4254
210	-70.4256
210.2	-70.4258
210.4	-70.426
210.6	-70.4262
210.8	-70.4264
211	-70.4266
211.2	-70.4268
211.4	-70.427
211.6	-70.4272
211.8	-70.4274
212	-70.4276
212.2	-70.4278
212.4	-70.428
212.6	-70.4282
212.8	-70.4284
213	-70.4286
213.2	-70.4288
213.4	-70.429
213.6	-70.4292
213.8	-70.4293
214	-70.4295
214.2	-70.4297
214.4	-70.4299
214.6	-70.4301
214.8	-70.4303
215	-70.4305
215.2	-70.4307
215.4	-70.4309
215.6	-70.4311
215.8	-70.4313
216	-70.4315
216.2	-70.4317
216.4	-70.4319
216.6	-70.432
216.8	-70.4322
217	-70.4324
217.2	-70.4326
217.4	-70.4328
217.6	-70.433
217.8	-70.4332
218	-70.4334
218.2	-70.4336
218.4	-70.4337
218.6	-70.4339
218.8	-70.4341
219	-70.4343
219.2	-70.4345
219.4	-70.4347
219.6	-70.4349
219.8	-70.4351
220	-70.4352
220.2	-70.4354
220.4	-70.4356
220.6	-70.4358
220.8	-70.436
221	-70.4362
221.2	-70.4364
221.4	-70.4365
221.6	-70.4367
221.8	-70.4369
222	-70.4371
222.2	-70.4373
222.4	-70.4375
222.6	-70.4377
222.8	-70.4378
223	-70.438
223.2	-70.4382
223.4	-70.4384
223.6	-70.4386
223.8	-70.4387
224	-70.4389
224.2	-70.4391
224.4	-70.4393
224.6	-70.4395
224.8	-70.4397
225	-70.4398
225.2	-70.44
225.4	-70.4402
225.6	-70.4404
225.8	-70.4406
226	-70.4407
226.2	-70.4409
226.4	-70.4411
226.6	-70.4413
226.8	-70.4414
227	-70.4416
227.2	-70.4418
227.4	-70.442
227.6	-70.4422
227.8	-70.4423
228	-70.4425
228.2	-70.4427
228.4	-70.4429
228.6	-70.443
228.8	-70.4432
229	-70.4434
229.2	-70.4436
229.4	-70.4437
229.6	-70.4439
229.8	-70.4441
230	-70.4443
230.2	-70.4444
230.4	-70.4446
230.6	-70.4448
230.8	-70.445
231	-70.4451
231.2	-70.4453
231.4	-70.4455
231.6	-70.4456
231.8	-70.4458
232	-70.446
232.2	-70.4462
232.4	-70.4463
232.6	-70.4465
232.8	-70.4467
233	-70.4468
233.2	-70.447
233.4	-70.4472
233.6	-70.4473
233.8	-70.4475
234	-70.4477
234.2	-70.4479
234.4	-70.448
234.6	-70.4482
234.8	-70.4484
235	-70.4485
235.2	-70.4487
235.4	-70.4489
235.6	-70.449
235.8	-70.4492
236	-70.4494
236.2	-70.4495
236.4	-70.4497
236.6	-70.4499
236.8	-70.45
237	-70.4502
237.2	-70.4504
237.4	-70.4505
237.6	-70.4507
237.8	-70.4509
238	-70.451
238.2	-70.4512
238.4	-70.4514
238.6	-70.4515
238.8	-70.4517
239	-70.4519
239.2	-70.452
239.4	-70.4522
239.6	-70.4523
239.8	-70.4525
240	-70.4527
240.2	-70.4528
240.4	-70.453
240.6	-70.4532
240.8	-70.4533
241	-70.4535
241.2	-70.4536
241.4	-70.4538
241.6	-70.454
241.8	-70.4541
242	-70.4543
242.2	-70.4544
242.4	-70.4546
242.6	-70.4548
242.8	-70.4549
243	-70.4551
243.2	-70.4552
243.4	-70.4554
243.6	-70.4556
243.8	-70.4557
244	-70.4559
244.2	-70.456
244.4	-70.4562
244.6	-70.4564
244.8	-70.4565
245	-70.4567
245.2	-70.4568
245.4	-70.457
245.6	-70.4571
245.8	-70.4573
246	-70.4574
246.2	-70.4576
246.4	-70.4578
246.6	-70.4579
246.8	-70.4581
247	-70.4582
247.2	-70.4584
247.4	-70.4585
247.6	-70.4587
247.8	-70.4588
248	-70.459
248.2	-70.4592
248.4	-70.4593
248.6	-70.4595
248.8	-70.4596
249	-70.4598
249.2	-70.4599
249.4	-70.4601
249.6	-70.4602
249.8	-70.4604
250	-70.4605
250.2	-70.4607
250.4	-70.4608
250.6	-70.461
250.8	-70.4611
251	-70.4613
251.2	-70.4614
251.4	-70.4616
251.6	-70.4617
251.8	-70.4619
252	-70.462
252.2	-70.4622
252.4	-70.4623
252.6	-70.4625
252.8	-70.4626
253	-70.4628
253.2	-70.4629
253.4	-70.4631
253.6	-70.4632
253.8	-70.4634
254	-70.4635
254.2	-70.4637
254.4	-70.4638
254.6	-70.464
254.8	-70.4641
255	-70.4643
255.2	-70.4644
255.4	-70.4645
255.6	-70.4647
255.8	-70.4648
256	-70.465
256.2	-70.4651
256.4	-70.4653
256.6	-70.4654
256.8	-70.4656
257	-70.4657
257.2	-70.4659
257.4	-70.466
257.6	-70.4661
257.8	-70.4663
258	-70.4664
258.2	-70.4666
258.4	-70.4667
258.6	-70.4669
258.8	-70.467
259	-70.4671
259.2	-70.4673
259.4	-70.4674
259.6	-70.4676
259.8	-70.4677
260	-70.4679
260.2	-70.468
260.4	-70.4681
260.6	-70.4683
260.8	-70.4684
261	-70.4686
261.2	-70.4687
261.4	-70.4688
261.6	-70.469
261.8	-70.4691
262	-70.4693
262.2	-70.4694
262.4	-70.4695
262.6	-70.4697
262.8	-70.4698
263	-70.47
263.2	-70.4701
263.4	-70.4702
263.6	-70.4704
263.8	-70.4705
264	-70.4707
264.2	-70.4708
264.4	-70.4709
264.6	-70.4711
264.8	-70.4712
265	-70.4713
265.2	-70.4715
265.4	-70.4716
265.6	-70.4717
265.8	-70.4719
266	-70.472
266.2	-70.4722
266.4	-70.4723
266.6	-70.4724
266.8	-70.4726
267	-70.4727
267.2	-70.4728
267.4	-70.473
267.6	-70.4731
267.8	-70.4732
268	-70.4734
268.2	-70.4735
268.4	-70.4736
268.6	-70.4738
268.8	-70.4739
269	-70.474
269.2	-70.4742
269.4	-70.4743
269.6	-70.4744
269.8	-70.4746
270	-70.4747
270.2	-70.4748
270.4	-70.475
270.6	-70.4751
270.8	-70.4752
271	-70.4754
271.2	-70.4755
271.4	-70.4756
271.6	-70.4758
271.8	-70.4759
272	-70.476
272.2	-70.4762
272.4	-70.4763
272.6	-70.4764
272.8	-70.4765
273	-70.4767
273.2	-70.4768
273.4	-70.4769
273.6	-70.4771
273.8	-70.4772
274	-70.4773
274.2	-70.4774
274.4	-70.4776
274.6	-70.4777
274.8	-70.4778
275	-70.478
275.2	-70.4781
275.4	-70.4782
275.6	-70.4783
275.8	-70.4785
276	-70.4786
276.2	-70.4787
276.4	-70.4789
276.6	-70.479
276.8	-70.4791
277	-70.4792
277.2	-70.4794
277.4	-70.4795
277.6	-70.4796
277.8	-70.4797
278	-70.4799
278.2	-70.48
278.4	-70.4801
278.6	-70.4802
278.8	-70.4804
279	-70.4805
279.2	-70.4806
279.4	-70.4807
279.6	-70.4809
279.8	-70.481
280	-70.4811
280.2	-70.4812
280.4	-70.4813
280.6	-70.4815
280.8	-70.4816
281	-70.4817
281.2	-70.4818
281.4	-70.482
281.6	-70.4821
281.8	-70.4822
282	-70.4823
282.2	-70.4825
282.4	-70.4826
282.6	-70.4827
282.8	-70.4828
283	-70.4829
283.2	-70.4831
283.4	-70.4832
283.6	-70.4833
283.8	-70.4834
284	-70.4835
284.2	-70.4837
284.4	-70.4838
284.6	-70.4839
284.8	-70.484
285	-70.4841
285.2	-70.4843
285.4	-70.4844
285.6	-70.4845
285.8	-70.4846
286	-70.4847
286.2	-70.4849
286.4	-70.485
286.6	-70.4851
286.8	-70.4852
287	-70.4853
287.2	-70.4854
287.4	-70.4856
287.6	-70.4857
287.8	-70.4858
288	-70.4859
288.2	-70.486
288.4	-70.4861
288.6	-70.4863
288.8	-70.4864
289	-70.4865
289.2	-70.4866
289.4	-70.4867
289.6	-70.4868
289.8	-70.487
290	-70.4871
290.2	-70.4872
290.4	-70.4873
290.6	-70.4874
290.8	-70.4875
291	-70.4876
291.2	-70.4878
291.4	-70.4879
291.6	-70.488
291.8	-70.4881
292	-70.4882
292.2	-70.4883
292.4	-70.4884
292.6	-70.4886
292.8	-70.4887
293	-70.4888
293.2	-70.4889
293.4	-70.489
293.6	-70.4891
293.8	-70.4892
294	-70.4893
294.2	-70.4895
294.4	-70.4896
294.6	-70.4897
294.8	-70.4898
295	-70.4899
295.2	-70.49
295.4	-70.4901
295.6	-70.4902
295.8	-70.4904
296	-70.4905
296.2	-70.4906
296.4	-70.4907
296.6	-70.4908
296.8	-70.4909
297	-70.491
297.2	-70.4911
297.4	-70.4912
297.6	-70.4913
297.8	-70.4915
298	-70.4916
298.2	-70.4917
298.4	-70.4918
298.6	-70.4919
298.8	-70.492
299	-70.4921
299.2	-70.4922
299.4	-70.4923
299.6	-70.4924
299.8	-70.4925
300	-70.4927
300.2	-70.0165
300.4	-69.5499
300.6	-69.0926
300.8	-68.6445
301	-68.2054
301.2	-67.7751
301.4	-67.3534
301.6	-66.9401
301.8	-66.5352
302	-66.1383
302.2	-65.7495
302.4	-65.3684
302.6	-64.995
302.8	-64.629
303	-64.2704
303.2	-63.919
303.4	-63.5747
303.6	-63.2372
303.8	-62.9066
304	-62.5825
304.2	-62.265
304.4	-61.9539
304.6	-61.649
304.8	-61.3502
305	-61.0574
305.2	-60.7705
305.4	-60.4894
305.6	-60.2138
305.8	-59.9439
306	-59.6793
306.2	-59.42
306.4	-59.1659
306.6	-58.9169
306.8	-58.6729
307	-58.4338
307.2	-58.1994
307.4	-57.9697
307.6	-57.7445
307.8	-57.5239
308	-57.3076
308.2	-57.0955
308.4	-56.8877
308.6	-56.6839
308.8	-56.4841
309	-56.2882
309.2	-56.0961
309.4	-55.9077
309.6	-55.7229
309.8	-55.5416
310	-55.3638
310.2	-55.1893
310.4	-55.018
310.6	-54.85
310.8	-54.685
311	-54.5229
311.2	-54.3638
311.4	-54.2075
311.6	-54.0539
311.8	-53.9029
312	-53.7545
312.2	-53.6085
312.4	-53.4649
312.6	-53.3236
312.8	-53.1845
313	-53.0474
313.2	-52.9124
313.4	-52.7793
313.6	-52.648
313.8	-52.5185
314	-52.3906
314.2	-52.2643
314.4	-52.1394
314.6	-52.0159
314.8	-51.8937
315	-51.7726
315.2	-51.6526
315.4	-51.5335
315.6	-51.4154
315.8	-51.2979
316	-51.1811
316.2	-51.0648
316.4	-50.949
316.6	-50.8334
316.8	-50.7179
317	-50.6024
317.2	-50.4868
317.4	-50.3708
317.6	-50.2544
317.8	-50.1373
318	-50.0193
318.2	-49.9003
318.4	-49.7799
318.6	-49.658
318.8	-49.5343
319	-49.4084
319.2	-49.28
319.4	-49.1486
319.6	-49.014
319.8	-48.8754
320	-48.7323
320.2	-48.5841
320.4	-48.4299
320.6	-48.2688
320.8	-48.0995
321	-47.9208
321.2	-47.7307
321.4	-47.5272
321.6	-47.3074
321.8	-47.0679
322	-46.8036
322.2	-46.5082
322.4	-46.1723
322.6	-45.7823
322.8	-45.3171
323	-44.7418
323.2	-43.9936
323.4	-42.9441
323.6	-41.2767
323.8	-37.9145
324	-25.9529
324.2	31.6488
324.4	43.5583
324.6	31.1667
324.8	8.00725
325	-16.2262
325.2	-35.1359
325.4	-50.7362
325.6	-59.9529
325.8	-64.3207
326	-66.2617
326.2	-67.0215
326.4	-67.2063
326.6	-67.1112
326.8	-66.8808
327	-66.5865
327.2	-66.2635
327.4	-65.9296
327.6	-65.5936
327.8	-65.2599
328	-64.9308
328.2	-64.6073
328.4	-64.2898
328.6	-63.9787
328.8	-63.674
329	-63.3755
329.2	-63.0832
329.4	-62.7971
329.6	-62.5169
329.8	-62.2426
330	-61.9741
330.2	-61.7112
330.4	-61.4539
330.6	-61.2019
330.8	-60.9553
331	-60.7138
331.2	-60.4774
331.4	-60.246
331.6	-60.0194
331.8	-59.7976
332	-59.5804
332.2	-59.3678
332.4	-59.1596
332.6	-58.9558
332.8	-58.7562
333	-58.5608
333.2	-58.3695
333.4	-58.1822
333.6	-57.9988
333.8	-57.8192
334	-57.6433
334.2	-57.471
334.4	-57.3024
334.6	-57.1372
334.8	-56.9754
335	-56.8169
335.2	-56.6617
335.4	-56.5096
335.6	-56.3606
335.8	-56.2147
336	-56.0717
336.2	-55.9316
336.4	-55.7943
336.6	-55.6597
336.8	-55.5278
337	-55.3986
337.2	-55.2718
337.4	-55.1476
337.6	-55.0257
337.8	-54.9062
338	-54.789
338.2	-54.6741
338.4	-54.5613
338.6	-54.4506
338.8	-54.342
339	-54.2354
339.2	-54.1307
339.4	-54.0279
339.6	-53.927
339.8	-53.8279
340	-53.7304
340.2	-53.6347
340.4	-53.5406
340.6	-53.4481
340.8	-53.3572
341	-53.2677
341.2	-53.1797
341.4	-53.093
341.6	-53.0077
341.8	-52.9238
342	-52.8411
342.2	-52.7596
342.4	-52.6793
342.6	-52.6001
342.8	-52.522
343	-52.445
343.2	-52.369
343.4	-52.294
343.6	-52.22
343.8	-52.1468
344	-52.0745
344.2	-52.003
344.4	-51.9323
344.6	-51.8623
344.8	-51.7931
345	-51.7245
345.2	-51.6566
345.4	-51.5892
345.6	-51.5225
345.8	-51.4562
346	-51.3905
346.2	-51.3252
346.4	-51.2604
346.6	-51.1959
346.8	-51.1318
347	-51.068
347.2	-51.0044
347.4	-50.9411
347.6	-50.878
347.8	-50.815
348	-50.7522
348.2	-50.6894
348.4	-50.6267
348.6	-50.5639
348.8	-50.5011
349	-50.4381
349.2	-50.3751
349.4	-50.3118
349.6	-50.2482
349.8	-50.1843
350	-50.1201
350.2	-50.0554
350.4	-49.9902
350.6	-49.9245
350.8	-49.8581
351	-49.7909
351.2	-49.723
351.4	-49.6542
351.6	-49.5844
351.8	-49.5134
352	-49.4413
352.2	-49.3678
352.4	-49.2929
352.6	-49.2163
352.8	-49.1379
353	-49.0576
353.2	-48.9751
353.4	-48.8902
353.6	-48.8026
353.8	-48.7121
354	-48.6183
354.2	-48.5209
354.4	-48.4194
354.6	-48.3134
354.8	-48.2022
355	-48.0852
355.2	-47.9616
355.4	-47.8305
355.6	-47.6907
355.8	-47.5407
356	-47.379
356.2	-47.2032
356.4	-47.0107
356.6	-46.7977
356.8	-46.5595
357	-46.2894
357.2	-45.9782
357.4	-45.6119
357.6	-45.1693
357.8	-44.6148
358	-43.8844
358.2	-42.8468
358.4	-41.1761
358.6	-37.7522
358.8	-25.2386
359	32.7037
359.2	43.3835
359.4	30.554
359.6	7.24475
359.8	-16.872
360	-35.667
360.2	-51.1656
360.4	-60.2129
360.6	-64.4966
360.8	-66.4062
361	-67.1623
361.2	-67.358
361.4	-67.2814
361.6	-67.0737
361.8	-66.804
362	-66.5068
362.2	-66.199
362.4	-65.8893
362.6	-65.5819
362.8	-65.2789
363	-64.9813
363.2	-64.6895
363.4	-64.4037
363.6	-64.124
363.8	-63.8503
364	-63.5825
364.2	-63.3205
364.4	-63.0642
364.6	-62.8135
364.8	-62.5683
365	-62.3284
365.2	-62.0937
365.4	-61.8642
365.6	-61.6396
365.8	-61.4199
366	-61.2051
366.2	-60.9949
366.4	-60.7892
366.6	-60.5881
366.8	-60.3913
367	-60.1988
367.2	-60.0105
367.4	-59.8263
367.6	-59.646
367.8	-59.4697
368	-59.2972
368.2	-59.1284
368.4	-58.9633
368.6	-58.8017
368.8	-58.6437
369	-58.489
369.2	-58.3377
369.4	-58.1896
369.6	-58.0447
369.8	-57.9029
370	-57.7642
370.2	-57.6284
370.4	-57.4955
370.6	-57.3655
370.8	-57.2382
371	-57.1136
371.2	-56.9917
371.4	-56.8724
371.6	-56.7555
371.8	-56.6412
372	-56.5292
372.2	-56.4196
372.4	-56.3123
372.6	-56.2072
372.8	-56.1043
373	-56.0035
373.2	-55.9049
373.4	-55.8082
373.6	-55.7136
373.8	-55.6208
374	-55.53
374.2	-55.441
374.4	-55.3538
374.6	-55.2684
374.8	-55.1847
375	-55.1027
375.2	-55.0222
375.4	-54.9434
375.6	-54.8662
375.8	-54.7904
376	-54.7162
376.2	-54.6434
376.4	-54.5719
376.6	-54.5019
376.8	-54.4332
377	-54.3658
377.2	-54.2997
377.4	-54.2348
377.6	-54.1712
377.8	-54.1087
378	-54.0474
378.2	-53.9872
378.4	-53.9281
378.6	-53.8701
378.8	-53.8131
379	-53.7571
379.2	-53.7022
379.4	-53.6482
379.6	-53.5951
379.8	-53.543
380	-53.4917
380.2	-53.4414
380.4	-53.3919
380.6	-53.3432
380.8	-53.2954
381	-53.2483
381.2	-53.202
381.4	-53.1565
381.6	-53.1117
381.8	-53.0676
382	-53.0242
382.2	-52.9815
382.4	-52.9394
382.6	-52.898
382.8	-52.8573
383	-52.8171
383.2	-52.7776
383.4	-52.7387
383.6	-52.7003
383.8	-52.6624
384	-52.6252
384.2	-52.5884
384.4	-52.5522
384.6	-52.5165
384.8	-52.4812
385	-52.4465
385.2	-52.4122
385.4	-52.3784
385.6	-52.345
385.8	-52.312
386	-52.2795
386.2	-52.2474
386.4	-52.2157
386.6	-52.1844
386.8	-52.1535
387	-52.1229
387.2	-52.0927
387.4	-52.0628
387.6	-52.0333
387.8	-52.0042
388	-51.9753
388.2	-51.9468
388.4	-51.9186
388.6	-51.8907
388.8	-51.8631
389	-51.8358
389.2	-51.8088
389.4	-51.782
389.6	-51.7555
389.8	-51.7293
390	-51.7033
390.2	-51.6775
390.4	-51.652
390.6	-51.6268
390.8	-51.6017
391	-51.5769
391.2	-51.5523
391.4	-51.5279
391.6	-51.5036
391.8	-51.4796
392	-51.4558
392.2	-51.4322
392.4	-51.4087
392.6	-51.3854
392.8	-51.3623
393	-51.3393
393.2	-51.3165
393.4	-51.2939
393.6	-51.2713
393.8	-51.249
394	-51.2267
394.2	-51.2046
394.4	-51.1827
394.6	-51.1608
394.8	-51.1391
395	-51.1175
395.2	-51.096
395.4	-51.0745
395.6	-51.0532
395.8	-51.032
396	-51.0109
396.2	-50.9898
396.4	-50.9689
396.6	-50.948
396.8	-50.9272
397	-50.9064
397.2	-50.8857
397.4	-50.8651
397.6	-50.8445
397.8	-50.824
398	-50.8035
398.2	-50.7831
398.4	-50.7627
398.6	-50.7423
398.8	-50.722
399	-50.7017
399.2	-50.6814
399.4	-50.6611
399.6	-50.6408
399.8	-50.6206
400	-50.6003
400.2	-50.58
400.4	-50.5597
400.6	-50.5395
400.8	-50.5191
401	-50.4988
401.2	-50.4785
401.4	-50.4581
401.6	-50.4376
401.8	-50.4172
402	-50.3966
402.2	-50.3761
402.4	-50.3554
402.6	-50.3347
402.8	-50.314
403	-50.2931
403.2	-50.2722
403.4	-50.2512
403.6	-50.2301
403.8	-50.2089
404	-50.1875
404.2	-50.1661
404.4	-50.1445
404.6	-50.1228
404.8	-50.101
405	-50.0791
405.2	-50.0569
405.4	-50.0346
405.6	-50.0122
405.8	-49.9896
406	-49.9667
406.2	-49.9437
406.4	-49.9205
406.6	-49.897
406.8	-49.8734
407	-49.8494
407.2	-49.8253
407.4	-49.8008
407.6	-49.7761
407.8	-49.7511
408	-49.7258
408.2	-49.7002
408.4	-49.6742
408.6	-49.6479
408.8	-49.6212
409	-49.5941
409.2	-49.5666
409.4	-49.5387
409.6	-49.5103
409.8	-49.4814
410	-49.4521
410.2	-49.4222
410.4	-49.3918
410.6	-49.3608
410.8	-49.3291
411	-49.2969
411.2	-49.2639
411.4	-49.2303
411.6	-49.1958
411.8	-49.1606
412	-49.1245
412.2	-49.0875
412.4	-49.0495
412.6	-49.0105
412.8	-48.9705
413	-48.9293
413.2	-48.8868
413.4	-48.843
413.6	-48.7979
413.8	-48.7512
414	-48.7029
414.2	-48.6529
414.4	-48.601
414.6	-48.547
414.8	-48.4909
415	-48.4324
415.2	-48.3713
415.4	-48.3074
415.6	-48.2405
415.8	-48.1701
416	-48.096
416.2	-48.0177
416.4	-47.9349
416.6	-47.8469
416.8	-47.7532
417	-47.653
417.2	-47.5453
417.4	-47.4293
417.6	-47.3034
417.8	-47.1663
418	-47.0157
418.2	-46.8492
418.4	-46.6635
418.6	-46.4543
418.8	-46.2155
419	-45.9389
419.2	-45.6125
419.4	-45.2179
419.6	-44.7254
419.8	-44.0832
420	-43.1899
420.2	-41.8123
420.4	-39.2492
420.6	-32.0058
420.8	12.7929
421	43.9782
421.2	36.7141
421.4	16.0675
421.6	-8.75491
421.8	-29.4081
422	-46.3315
422.2	-57.8503
422.4	-63.5002
422.6	-66.0778
422.8	-67.1638
423	-67.5277
423.2	-67.5418
423.4	-67.3871
423.6	-67.1524
423.8	-66.881
424	-66.5947
424.2	-66.3042
424.4	-66.0147
424.6	-65.7289
424.8	-65.4481
425	-65.1728
425.2	-64.9033
425.4	-64.6396
425.6	-64.3817
425.8	-64.1295
426	-63.883
426.2	-63.642
426.4	-63.4064
426.6	-63.176
426.8	-62.9508
427	-62.7307
427.2	-62.5155
427.4	-62.3051
427.6	-62.0994
427.8	-61.8983
428	-61.7017
428.2	-61.5095
428.4	-61.3216
428.6	-61.1379
428.8	-60.9583
429	-60.7828
429.2	-60.6111
429.4	-60.4432
429.6	-60.2791
429.8	-60.1186
430	-59.9617
430.2	-59.8083
430.4	-59.6583
430.6	-59.5116
430.8	-59.3682
431	-59.2279
431.2	-59.0908
431.4	-58.9567
431.6	-58.8255
431.8	-58.6972
432	-58.5718
432.2	-58.4491
432.4	-58.3291
432.6	-58.2117
432.8	-58.097
433	-57.9847
433.2	-57.8749
433.4	-57.7675
433.6	-57.6624
433.8	-57.5596
434	-57.459
434.2	-57.3606
434.4	-57.2644
434.6	-57.1702
434.8	-57.0781
435	-56.9879
435.2	-56.8997
435.4	-56.8134
435.6	-56.7289
435.8	-56.6462
436	-56.5653
436.2	-56.4861
436.4	-56.4086
436.6	-56.3327
436.8	-56.2585
437	-56.1858
437.2	-56.1146
437.4	-56.0449
437.6	-55.9767
437.8	-55.9098
438	-55.8444
438.2	-55.7804
438.4	-55.7176
438.6	-55.6562
438.8	-55.596
439	-55.537
439.2	-55.4793
439.4	-55.4227
439.6	-55.3673
439.8	-55.313
440	-55.2598
440.2	-55.2076
440.4	-55.1565
440.6	-55.1064
440.8	-55.0574
441	-55.0093
441.2	-54.9621
441.4	-54.9159
441.6	-54.8706
441.8	-54.8261
442	-54.7826
442.2	-54.7398
442.4	-54.6979
442.6	-54.6569
442.8	-54.6166
443	-54.577
443.2	-54.5382
443.4	-54.5002
443.6	-54.4629
443.8	-54.4263
444	-54.3903
444.2	-54.3551
444.4	-54.3205
444.6	-54.2865
444.8	-54.2531
445	-54.2204
445.2	-54.1883
445.4	-54.1567
445.6	-54.1258
445.8	-54.0954
446	-54.0655
446.2	-54.0362
446.4	-54.0073
446.6	-53.979
446.8	-53.9513
447	-53.9239
447.2	-53.8971
447.4	-53.8707
447.6	-53.8448
447.8	-53.8194
448	-53.7944
448.2	-53.7698
448.4	-53.7456
448.6	-53.7218
448.8	-53.6985
449	-53.6755
449.2	-53.6529
449.4	-53.6307
449.6	-53.6089
449.8	-53.5874
450	-53.5663
450.2	-53.5455
450.4	-53.525
450.6	-53.5049
450.8	-53.4851
451	-53.4657
451.2	-53.4465
451.4	-53.4277
451.6	-53.4091
451.8	-53.3908
452	-53.3728
452.2	-53.3551
452.4	-53.3377
452.6	-53.3206
452.8	-53.3037
453	-53.287
453.2	-53.2706
453.4	-53.2545
453.6	-53.2386
453.8	-53.2229
454	-53.2075
454.2	-53.1923
454.4	-53.1773
454.6	-53.1626
454.8	-53.148
455	-53.1337
455.2	-53.1196
455.4	-53.1057
455.6	-53.092
455.8	-53.0784
456	-53.0651
456.2	-53.0519
456.4	-53.039
456.6	-53.0262
456.8	-53.0136
457	-53.0011
457.2	-52.9889
457.4	-52.9768
457.6	-52.9648
457.8	-52.9531
458	-52.9415
458.2	-52.93
458.4	-52.9187
458.6	-52.9075
458.8	-52.8965
459	-52.8856
459.2	-52.8749
459.4	-52.8643
459.6	-52.8538
459.8	-52.8435
460	-52.8333
460.2	-52.8232
460.4	-52.8133
460.6	-52.8035
460.8	-52.7938
461	-52.7842
461.2	-52.7747
461.4	-52.7654
461.6	-52.7561
461.8	-52.747
462	-52.738
462.2	-52.7291
462.4	-52.7203
462.6	-52.7115
462.8	-52.7029
463	-52.6944
463.2	-52.686
463.4	-52.6777
463.6	-52.6695
463.8	-52.6614
464	-52.6533
464.2	-52.6454
464.4	-52.6375
464.6	-52.6298
464.8	-52.6221
465	-52.6145
465.2	-52.607
465.4	-52.5995
465.6	-52.5921
465.8	-52.5849
466	-52.5777
466.2	-52.5705
466.4	-52.5635
466.6	-52.5565
466.8	-52.5496
467	-52.5427
467.2	-52.5359
467.4	-52.5292
467.6	-52.5226
467.8	-52.516
468	-52.5095
468.2	-52.503
468.4	-52.4966
468.6	-52.4903
468.8	-52.484
469	-52.4778
469.2	-52.4717
469.4	-52.4656
469.6	-52.4596
469.8	-52.4536
470	-52.4477
470.2	-52.4418
470.4	-52.436
470.6	-52.4302
470.8	-52.4245
471	-52.4188
471.2	-52.4132
471.4	-52.4076
471.6	-52.4021
471.8	-52.3966
472	-52.3912
472.2	-52.3858
472.4	-52.3805
472.6	-52.3752
472.8	-52.3699
473	-52.3647
473.2	-52.3596
473.4	-52.3544
473.6	-52.3493
473.8	-52.3443
474	-52.3393
474.2	-52.3343
474.4	-52.3294
474.6	-52.3245
474.8	-52.3197
475	-52.3149
475.2	-52.3101
475.4	-52.3053
475.6	-52.3006
475.8	-52.296
476	-52.2913
476.2	-52.2867
476.4	-52.2821
476.6	-52.2776
476.8	-52.2731
477	-52.2686
477.2	-52.2641
477.4	-52.2597
477.6	-52.2553
477.8	-52.251
478	-52.2467
478.2	-52.2423
478.4	-52.2381
478.6	-52.2338
478.8	-52.2296
479	-52.2254
479.2	-52.2213
479.4	-52.2171
479.6	-52.213
479.8	-52.2089
480	-52.2048
480.2	-52.2008
480.4	-52.1968
480.6	-52.1928
480.8	-52.1888
481	-52.1849
481.2	-52.181
481.4	-52.1771
481.6	-52.1732
481.8	-52.1693
482	-52.1655
482.2	-52.1617
482.4	-52.1579
482.6	-52.1541
482.8	-52.1504
483	-52.1467
483.2	-52.1429
483.4	-52.1392
483.6	-52.1356
483.8	-52.1319
484	-52.1283
484.2	-52.1247
484.4	-52.1211
484.6	-52.1175
484.8	-52.1139
485	-52.1104
485.2	-52.1069
485.4	-52.1033
485.6	-52.0998
485.8	-52.0964
486	-52.0929
486.2	-52.0895
486.4	-52.086
486.6	-52.0826
486.8	-52.0792
487	-52.0758
487.2	-52.0724
487.4	-52.0691
487.6	-52.0657
487.8	-52.0624
488	-52.0591
488.2	-52.0558
488.4	-52.0525
488.6	-52.0492
488.8	-52.046
489	-52.0427
489.2	-52.0395
489.4	-52.0363
489.6	-52.0331
489.8	-52.0299
490	-52.0267
490.2	-52.0235
490.4	-52.0204
490.6	-52.0172
490.8	-52.0141
491	-52.0109
491.2	-52.0078
491.4	-52.0047
491.6	-52.0016
491.8	-51.9985
492	-51.9955
492.2	-51.9924
492.4	-51.9894
492.6	-51.9863
492.8	-51.9833
493	-51.9803
493.2	-51.9772
493.4	-51.9742
493.6	-51.9713
493.8	-51.9683
494	-51.9653
494.2	-51.9623
494.4	-51.9594
494.6	-51.9564
494.8	-51.9535
495	-51.9506
495.2	-51.9476
495.4	-51.9447
495.6	-51.9418
495.8	-51.9389
496	-51.936
496.2	-51.9332
496.4	-51.9303
496.6	-51.9274
496.8	-51.9246
497	-51.9217
497.2	-51.9189
497.4	-51.916
497.6	-51.9132
497.8	-51.9104
498	-51.9076
498.2	-51.9048
498.4	-51.902
498.6	-51.8992
498.8	-51.8964
499	-51.8936
499.2	-51.8908
499.4	-51.8881
499.6	-51.8853
499.8	-51.8826
500	-51.8798
500.2	-51.8771
500.4	-51.8743
500.6	-51.8716
500.8	-51.8689
501	-51.8662
501.2	-51.8634
501.4	-51.8607
501.6	-51.858
501.8	-51.8553
502	-51.8527
502.2	-51.85
502.4	-51.8473
502.6	-51.8446
502.8	-51.8419
503	-51.8393
503.2	-51.8366
503.4	-51.834
503.6	-51.8313
503.8	-51.8287
504	-51.826
504.2	-51.8234
504.4	-51.8208
504.6	-51.8181
504.8	-51.8155
505	-51.8129
505.2	-51.8103
505.4	-51.8077
505.6	-51.8051
505.8	-51.8025
506	-51.7999
506.2	-51.7973
506.4	-51.7947
506.6	-51.7921
506.8	-51.7895
507	-51.787
507.2	-51.7844
507.4	-51.7818
507.6	-51.7793
507.8	-51.7767
508	-51.7741
508.2	-51.7716
508.4	-51.769
508.6	-51.7665
508.8	-51.764
509	-51.7614
509.2	-51.7589
509.4	-51.7563
509.6	-51.7538
509.8	-51.7513
510	-51.7488
510.2	-51.7462
510.4	-51.7437
510.6	-51.7412
510.8	-51.7387
511	-51.7362
511.2	-51.7337
511.4	-51.7312
511.6	-51.7287
511.8	-51.7262
512	-51.7237
512.2	-51.7212
512.4	-51.7187
512.6	-51.7162
512.8	-51.7137
513	-51.7113
513.2	-51.7088
513.4	-51.7063
513.6	-51.7038
513.8	-51.7014
514	-51.6989
514.2	-51.6964
514.4	-51.694
514.6	-51.6915
514.8	-51.6891
515	-51.6866
515.2	-51.6841
515.4	-51.6817
515.6	-51.6792
515.8	-51.6768
516	-51.6744
516.2	-51.6719
516.4	-51.6695
516.6	-51.667
516.8	-51.6646
517	-51.6622
517.2	-51.6597
517.4	-51.6573
517.6	-51.6549
517.8	-51.6524
518	-51.65
518.2	-51.6476
518.4	-51.6452
518.6	-51.6427
518.8	-51.6403
519	-51.6379
519.2	-51.6355
519.4	-51.6331
519.6	-51.6307
519.8	-51.6282
520	-51.6258
520.2	-51.6234
520.4	-51.621
520.6	-51.6186
520.8	-51.6162
521	-51.6138
521.2	-51.6114
521.4	-51.609
521.6	-51.6066
521.8	-51.6042
522	-51.6018
522.2	-51.5994
522.4	-51.597
522.6	-51.5946
522.8	-51.5922
523	-51.5899
523.2	-51.5875
523.4	-51.5851
523.6	-51.5827
523.8	-51.5803
524	-51.5779
524.2	-51.5755
524.4	-51.5732
524.6	-51.5708
524.8	-51.5684
525	-51.566
525.2	-51.5636
525.4	-51.5613
525.6	-51.5589
525.8	-51.5565
526	-51.5541
526.2	-51.5518
526.4	-51.5494
526.6	-51.547
526.8	-51.5447
527	-51.5423
527.2	-51.5399
527.4	-51.5375
527.6	-51.5352
527.8	-51.5328
528	-51.5304
528.2	-51.5281
528.4	-51.5257
528.6	-51.5233
528.8	-51.521
529	-51.5186
529.2	-51.5163
529.4	-51.5139
529.6	-51.5115
529.8	-51.5092
530	-51.5068
530.2	-51.5045
530.4	-51.5021
530.6	-51.4997
530.8	-51.4974
531	-51.495
531.2	-51.4927
531.4	-51.4903
531.6	-51.4879
531.8	-51.4856
532	-51.4832
532.2	-51.4809
532.4	-51.4785
532.6	-51.4762
532.8	-51.4738
533	-51.4715
533.2	-51.4691
533.4	-51.4668
533.6	-51.4644
533.8	-51.462
534	-51.4597
534.2	-51.4573
534.4	-51.455
534.6	-51.4526
534.8	-51.4503
535	-51.4479
535.2	-51.4456
535.4	-51.4432
535.6	-51.4409
535.8	-51.4385
536	-51.4362
536.2	-51.4338
536.4	-51.4315
536.6	-51.4291
536.8	-51.4268
537	-51.4244
537.2	-51.4221
537.4	-51.4197
537.6	-51.4174
537.8	-51.415
538	-51.4127
538.2	-51.4103
538.4	-51.4079
538.6	-51.4056
538.8	-51.4032
539	-51.4009
539.2	-51.3985
539.4	-51.3962
539.6	-51.3938
539.8	-51.3915
540	-51.3891
540.2	-51.3868
540.4	-51.3844
540.6	-51.3821
540.8	-51.3797
541	-51.3774
541.2	-51.375
541.4	-51.3726
541.6	-51.3703
541.8	-51.3679
542	-51.3656
542.2	-51.3632
542.4	-51.3609
542.6	-51.3585
542.8	-51.3561
543	-51.3538
543.2	-51.3514
543.4	-51.3491
543.6	-51.3467
543.8	-51.3443
544	-51.342
544.2	-51.3396
544.4	-51.3373
544.6	-51.3349
544.8	-51.3325
545	-51.3302
545.2	-51.3278
545.4	-51.3255
545.6	-51.3231
545.8	-51.3207
546	-51.3184
546.2	-51.316
546.4	-51.3136
546.6	-51.3113
546.8	-51.3089
547	-51.3065
547.2	-51.3041
547.4	-51.3018
547.6	-51.2994
547.8	-51.297
548	-51.2947
548.2	-51.2923
548.4	-51.2899
548.6	-51.2875
548.8	-51.2852
549	-51.2828
549.2	-51.2804
549.4	-51.278
549.6	-51.2756
549.8	-51.2733
550	-51.2709
550.2	-51.2685
550.4	-51.2661
550.6	-51.2637
550.8	-51.2613
551	-51.259
551.2	-51.2566
551.4	-51.2542
551.6	-51.2518
551.8	-51.2494
552	-51.247
552.2	-51.2446
552.4	-51.2422
552.6	-51.2398
552.8	-51.2374
553	-51.235
553.2	-51.2326
553.4	-51.2302
553.6	-51.2278
553.8	-51.2254
554	-51.223
554.2	-51.2206
554.4	-51.2182
554.6	-51.2158
554.8	-51.2134
555	-51.211
555.2	-51.2086
555.4	-51.2062
555.6	-51.2038
555.8	-51.2014
556	-51.199
556.2	-51.1965
556.4	-51.1941
556.6	-51.1917
556.8	-51.1893
557	-51.1869
557.2	-51.1844
557.4	-51.182
557.6	-51.1796
557.8	-51.1772
558	-51.1747
558.2	-51.1723
558.4	-51.1699
558.6	-51.1674
558.8	-51.165
559	-51.1626
559.2	-51.1601
559.4	-51.1577
559.6	-51.1552
559.8	-51.1528
560	-51.1504
560.2	-51.1479
560.4	-51.1455
560.6	-51.143
560.8	-51.1406
561	-51.1381
561.2	-51.1357
561.4	-51.1332
561.6	-51.1307
561.8	-51.1283
562	-51.1258
562.2	-51.1234
562.4	-51.1209
562.6	-51.1184
562.8	-51.116
563	-51.1135
563.2	-51.111
563.4	-51.1085
563.6	-51.1061
563.8	-51.1036
564	-51.1011
564.2	-51.0986
564.4	-51.0961
564.6	-51.0937
564.8	-51.0912
565	-51.0887
565.2	-51.0862
565.4	-51.0837
565.6	-51.0812
565.8	-51.0787
566	-51.0762
566.2	-51.0737
566.4	-51.0712
566.6	-51.0687
566.8	-51.0662
567	-51.0636
567.2	-51.0611
567.4	-51.0586
567.6	-51.0561
567.8	-51.0536
568	-51.051
568.2	-51.0485
568.4	-51.046
568.6	-51.0435
568.8	-51.0409
569	-51.0384
569.2	-51.0359
569.4	-51.0333
569.6	-51.0308
569.8	-51.0282
570	-51.0257
570.2	-51.0231
570.4	-51.0206
570.6	-51.018
570.8	-51.0154
571	-51.0129
571.2	-51.0103
571.4	-51.0077
571.6	-51.0052
571.8	-51.0026
572	-51
572.2	-50.9974
572.4	-50.9949
572.6	-50.9923
572.8	-50.9897
573	-50.9871
573.2	-50.9845
573.4	-50.9819
573.6	-50.9793
573.8	-50.9767
574	-50.9741
574.2	-50.9715
574.4	-50.9689
574.6	-50.9663
574.8	-50.9636
575	-50.961
575.2	-50.9584
575.4	-50.9558
575.6	-50.9531
575.8	-50.9505
576	-50.9479
576.2	-50.9452
576.4	-50.9426
576.6	-50.9399
576.8	-50.9373
577	-50.9346
577.2	-50.932
577.4	-50.9293
577.6	-50.9266
577.8	-50.924
578	-50.9213
578.2	-50.9186
578.4	-50.9159
578.6	-50.9132
578.8	-50.9106
579	-50.9079
579.2	-50.9052
579.4	-50.9025
579.6	-50.8998
579.8	-50.8971
580	-50.8944
580.2	-50.8916
580.4	-50.8889
580.6	-50.8862
580.8	-50.8835
581	-50.8807
581.2	-50.878
581.4	-50.8753
581.6	-50.8725
581.8	-50.8698
582	-50.867
582.2	-50.8643
582.4	-50.8615
582.6	-50.8587
582.8	-50.856
583	-50.8532
583.2	-50.8504
583.4	-50.8476
583.6	-50.8448
583.8	-50.842
584	-50.8392
584.2	-50.8364
584.4	-50.8336
584.6	-50.8308
584.8	-50.828
585	-50.8252
585.2	-50.8223
585.4	-50.8195
585.6	-50.8167
585.8	-50.8138
586	-50.811
586.2	-50.8081
586.4	-50.8053
586.6	-50.8024
586.8	-50.7995
587	-50.7967
587.2	-50.7938
587.4	-50.7909
587.6	-50.788
587.8	-50.7851
588	-50.7822
588.2	-50.7793
588.4	-50.7764
588.6	-50.7735
588.8	-50.7705
589	-50.7676
589.2	-50.7647
589.4	-50.7617
589.6	-50.7588
589.8	-50.7558
590	-50.7529
590.2	-50.7499
590.4	-50.7469
590.6	-50.7439
590.8	-50.741
591	-50.738
591.2	-50.735
591.4	-50.732
591.6	-50.7289
591.8	-50.7259
592	-50.7229
592.2	-50.7199
592.4	-50.7168
592.6	-50.7138
592.8	-50.7107
593	-50.7077
593.2	-50.7046
593.4	-50.7015
593.6	-50.6984
593.8	-50.6954
594	-50.6923
594.2	-50.6892
594.4	-50.686
594.6	-50.6829
594.8	-50.6798
595	-50.6767
595.2	-50.6735
595.4	-50.6704
595.6	-50.6672
595.8	-50.664
596	-50.6609
596.2	-50.6577
596.4	-50.6545
596.6	-50.6513
596.8	-50.6481
597	-50.6449
597.2	-50.6417
597.4	-50.6384
597.6	-50.6352
597.8	-50.6319
598	-50.6287
598.2	-50.6254
598.4	-50.6221
598.6	-50.6188
598.8	-50.6155
599	-50.6122
599.2	-50.6089
599.4	-50.6056
599.6	-50.6022
599.8	-50.5989
600	-50.5955
600.2	-50.5922
600.4	-50.5888
600.6	-50.5854
600.8	-50.582
601	-50.5786
601.2	-50.5752
601.4	-50.5718
601.6	-50.5683
601.8	-50.5649
602	-50.5614
602.2	-50.558
602.4	-50.5545
602.6	-50.551
602.8	-50.5475
603	-50.544
603.2	-50.5404
603.4	-50.5369
603.6	-50.5333
603.8	-50.5298
604	-50.5262
604.2	-50.5226
604.4	-50.519
604.6	-50.5154
604.8	-50.5118
605	-50.5081
605.2	-50.5045
605.4	-50.5008
605.6	-50.4971
605.8	-50.4934
606	-50.4897
606.2	-50.486
606.4	-50.4823
606.6	-50.4785
606.8	-50.4748
607	-50.471
607.2	-50.4672
607.4	-50.4634
607.6	-50.4596
607.8	-50.4557
608	-50.4519
608.2	-50.448
608.4	-50.4441
608.6	-50.4402
608.8	-50.4363
609	-50.4324
609.2	-50.4284
609.4	-50.4245
609.6	-50.4205
609.8	-50.4165
610	-50.4125
610.2	-50.4084
610.4	-50.4044
610.6	-50.4003
610.8	-50.3962
611	-50.3921
611.2	-50.388
611.4	-50.3839
611.6	-50.3797
611.8	-50.3755
612	-50.3713
612.2	-50.3671
612.4	-50.3629
612.6	-50.3586
612.8	-50.3543
613	-50.35
613.2	-50.3457
613.4	-50.3413
613.6	-50.337
613.8	-50.3326
614	-50.3282
614.2	-50.3237
614.4	-50.3193
614.6	-50.3148
614.8	-50.3103
615	-50.3058
615.2	-50.3012
615.4	-50.2966
615.6	-50.292
615.8	-50.2874
616	-50.2828
616.2	-50.2781
616.4	-50.2734
616.6	-50.2687
616.8	-50.2639
617	-50.2591
617.2	-50.2543
617.4	-50.2495
617.6	-50.2446
617.8	-50.2397
618	-50.2348
618.2	-50.2298
618.4	-50.2248
618.6	-50.2198
618.8	-50.2148
619	-50.2097
619.2	-50.2046
619.4	-50.1994
619.6	-50.1942
619.8	-50.189
620	-50.1838
620.2	-50.1785
620.4	-50.1732
620.6	-50.1678
620.8	-50.1624
621	-50.157
621.2	-50.1516
621.4	-50.1461
621.6	-50.1405
621.8	-50.1349
622	-50.1293
622.2	-50.1237
622.4	-50.118
622.6	-50.1122
622.8	-50.1064
623	-50.1006
623.2	-50.0947
623.4	-50.0888
623.6	-50.0828
623.8	-50.0768
624	-50.0708
624.2	-50.0646
624.4	-50.0585
624.6	-50.0523
624.8	-50.046
625	-50.0397
625.2	-50.0333
625.4	-50.0269
625.6	-50.0205
625.8	-50.0139
626	-50.0073
626.2	-50.0007
626.4	-49.994
626.6	-49.9872
626.8	-49.9804
627	-49.9735
627.2	-49.9666
627.4	-49.9595
627.6	-49.9525
627.8	-49.9453
628	-49.9381
628.2	-49.9308
628.4	-49.9234
628.6	-49.916
628.8	-49.9085
629	-49.9009
629.2	-49.8932
629.4	-49.8855
629.6	-49.8777
629.8	-49.8698
630	-49.8618
630.2	-49.8537
630.4	-49.8455
630.6	-49.8372
630.8	-49.8289
631	-49.8204
631.2	-49.8119
631.4	-49.8032
631.6	-49.7945
631.8	-49.7856
632	-49.7767
632.2	-49.7676
632.4	-49.7584
632.6	-49.7491
632.8	-49.7397
633	-49.7302
633.2	-49.7205
633.4	-49.7107
633.6	-49.7008
633.8	-49.6907
634	-49.6805
634.2	-49.6702
634.4	-49.6597
634.6	-49.6491
634.8	-49.6383
635	-49.6274
635.2	-49.6163
635.4	-49.605
635.6	-49.5936
635.8	-49.582
636	-49.5702
636.2	-49.5582
636.4	-49.546
636.6	-49.5337
636.8	-49.5211
637	-49.5083
637.2	-49.4953
637.4	-49.4821
637.6	-49.4687
637.8	-49.455
638	-49.441
638.2	-49.4268
638.4	-49.4124
638.6	-49.3976
638.8	-49.3826
639	-49.3673
639.2	-49.3517
639.4	-49.3358
639.6	-49.3196
639.8	-49.303
640	-49.2861
640.2	-49.2688
640.4	-49.2511
640.6	-49.233
640.8	-49.2146
641	-49.1957
641.2	-49.1763
641.4	-49.1565
641.6	-49.1362
641.8	-49.1154
642	-49.0941
642.2	-49.0723
642.4	-49.0498
642.6	-49.0268
642.8	-49.0031
643	-48.9787
643.2	-48.9537
643.4	-48.9279
643.6	-48.9014
643.8	-48.874
644	-48.8458
644.2	-48.8167
644.4	-48.7866
644.6	-48.7555
644.8	-48.7234
645	-48.6901
645.2	-48.6556
645.4	-48.6198
645.6	-48.5826
645.8	-48.5439
646	-48.5037
646.2	-48.4618
646.4	-48.4181
646.6	-48.3725
646.8	-48.3247
647	-48.2746
647.2	-48.2221
647.4	-48.1669
647.6	-48.1088
647.8	-48.0474
648	-47.9825
648.2	-47.9137
648.4	-47.8406
648.6	-47.7627
648.8	-47.6795
649	-47.5902
649.2	-47.494
649.4	-47.3901
649.6	-47.2772
649.8	-47.154
650	-47.0187
650.2	-46.8692
650.4	-46.7025
650.6	-46.5151
650.8	-46.302
651	-46.0566
651.2	-45.7692
651.4	-45.4259
651.6	-45.0046
651.8	-44.469
652	-43.753
652.2	-42.7198
652.4	-41.0272
652.6	-37.4746
652.8	-23.8917
653	34.4297
653.2	43.1194
653.4	29.5961
653.6	6.06721
653.8	-17.8541
654	-36.4817
654.2	-51.806
654.4	-60.5899
654.6	-64.7404
654.8	-66.5948
655	-67.3362
655.2	-67.538
655.4	-67.4785
655.6	-67.2933
655.8	-67.049
656	-66.7786
656.2	-66.4983
656.4	-66.2162
656.6	-65.9364
656.8	-65.6607
657	-65.3901
657.2	-65.1251
657.4	-64.8658
657.6	-64.6121
657.8	-64.3642
658	-64.1218
658.2	-63.8849
658.4	-63.6533
658.6	-63.4269
658.8	-63.2057
659	-62.9895
659.2	-62.7781
659.4	-62.5716
659.6	-62.3697
659.8	-62.1723
660	-61.9794
660.2	-61.7909
660.4	-61.6066
660.6	-61.4265
660.8	-61.2504
661	-61.0783
661.2	-60.91
661.4	-60.7455
661.6	-60.5848
661.8	-60.4276
662	-60.274
662.2	-60.1237
662.4	-59.9769
662.6	-59.8334
662.8	-59.693
663	-59.5558
663.2	-59.4217
663.4	-59.2905
663.6	-59.1623
663.8	-59.0369
664	-58.9143
664.2	-58.7944
664.4	-58.6772
664.6	-58.5626
664.8	-58.4505
665	-58.3409
665.2	-58.2337
665.4	-58.1288
665.6	-58.0263
665.8	-57.926
666	-57.8279
666.2	-57.732
666.4	-57.6382
666.6	-57.5464
666.8	-57.4566
667	-57.3688
667.2	-57.2829
667.4	-57.1988
667.6	-57.1166
667.8	-57.0361
668	-56.9574
668.2	-56.8804
668.4	-56.805
668.6	-56.7312
668.8	-56.659
669	-56.5884
669.2	-56.5192
669.4	-56.4515
669.6	-56.3853
669.8	-56.3204
670	-56.257
670.2	-56.1948
670.4	-56.134
670.6	-56.0744
670.8	-56.0161
671	-55.959
671.2	-55.9031
671.4	-55.8483
671.6	-55.7947
671.8	-55.7421
672	-55.6907
672.2	-55.6403
672.4	-55.5909
672.6	-55.5425
672.8	-55.4952
673	-55.4487
673.2	-55.4032
673.4	-55.3587
673.6	-55.315
673.8	-55.2722
674	-55.2302
674.2	-55.1891
674.4	-55.1488
674.6	-55.1093
674.8	-55.0705
675	-55.0325
675.2	-54.9953
675.4	-54.9588
675.6	-54.923
675.8	-54.8879
676	-54.8534
676.2	-54.8196
676.4	-54.7865
676.6	-54.754
676.8	-54.7221
677	-54.6908
677.2	-54.6601
677.4	-54.63
677.6	-54.6005
677.8	-54.5715
678	-54.543
678.2	-54.5151
678.4	-54.4876
678.6	-54.4607
678.8	-54.4343
679	-54.4083
679.2	-54.3828
679.4	-54.3578
679.6	-54.3333
679.8	-54.3091
680	-54.2854
680.2	-54.2621
680.4	-54.2393
680.6	-54.2168
680.8	-54.1947
681	-54.173
681.2	-54.1517
681.4	-54.1308
681.6	-54.1102
681.8	-54.09
682	-54.0701
682.2	-54.0505
682.4	-54.0313
682.6	-54.0124
682.8	-53.9939
683	-53.9756
683.2	-53.9576
683.4	-53.94
683.6	-53.9226
683.8	-53.9055
684	-53.8887
684.2	-53.8722
684.4	-53.8559
684.6	-53.8399
684.8	-53.8241
685	-53.8086
685.2	-53.7934
685.4	-53.7784
685.6	-53.7636
685.8	-53.749
686	-53.7347
686.2	-53.7206
686.4	-53.7067
686.6	-53.693
686.8	-53.6796
687	-53.6663
687.2	-53.6533
687.4	-53.6404
687.6	-53.6277
687.8	-53.6152
688	-53.6029
688.2	-53.5908
688.4	-53.5789
688.6	-53.5671
688.8	-53.5555
689	-53.544
689.2	-53.5328
689.4	-53.5217
689.6	-53.5107
689.8	-53.4999
690	-53.4892
690.2	-53.4787
690.4	-53.4684
690.6	-53.4582
690.8	-53.4481
691	-53.4381
691.2	-53.4283
691.4	-53.4186
691.6	-53.4091
691.8	-53.3997
692	-53.3904
692.2	-53.3812
692.4	-53.3721
692.6	-53.3632
692.8	-53.3544
693	-53.3456
693.2	-53.337
693.4	-53.3285
693.6	-53.3201
693.8	-53.3118
694	-53.3037
694.2	-53.2956
694.4	-53.2876
694.6	-53.2797
694.8	-53.2719
695	-53.2642
695.2	-53.2566
695.4	-53.249
695.6	-53.2416
695.8	-53.2342
696	-53.227
696.2	-53.2198
696.4	-53.2127
696.6	-53.2057
696.8	-53.1987
697	-53.1918
697.2	-53.185
697.4	-53.1783
697.6	-53.1717
697.8	-53.1651
698	-53.1586
698.2	-53.1521
698.4	-53.1458
698.6	-53.1395
698.8	-53.1332
699	-53.1271
699.2	-53.1209
699.4	-53.1149
699.6	-53.1089
699.8	-53.103
700	-53.0971
700.2	-53.567
700.4	-54.0281
700.6	-54.4805
700.8	-54.9239
701	-55.3582
701.2	-55.7833
701.4	-56.1993
701.6	-56.6061
701.8	-57.004
702	-57.393
702.2	-57.7732
702.4	-58.1449
702.6	-58.5082
702.8	-58.8632
703	-59.2101
703.2	-59.5491
703.4	-59.8803
703.6	-60.204
703.8	-60.5202
704	-60.8292
704.2	-61.1311
704.4	-61.426
704.6	-61.7142
704.8	-61.9957
705	-62.2708
705.2	-62.5395
705.4	-62.8021
705.6	-63.0586
705.8	-63.3091
706	-63.5539
706.2	-63.7931
706.4	-64.0267
706.6	-64.2549
706.8	-64.4779
707	-64.6957
707.2	-64.9084
707.4	-65.1163
707.6	-65.3193
707.8	-65.5176
708	-65.7113
708.2	-65.9006
708.4	-66.0854
708.6	-66.266
708.8	-66.4423
709	-66.6146
709.2	-66.7829
709.4	-66.9472
709.6	-67.1077
709.8	-67.2645
710	-67.4177
710.2	-67.5673
710.4	-67.7133
710.6	-67.856
710.8	-67.9954
711	-68.1315
711.2	-68.2644
711.4	-68.3942
711.6	-68.5209
711.8	-68.6447
712	-68.7656
712.2	-68.8837
712.4	-68.999
712.6	-69.1115
712.8	-69.2215
713	-69.3288
713.2	-69.4336
713.4	-69.536
713.6	-69.6359
713.8	-69.7335
714	-69.8287
714.2	-69.9218
714.4	-70.0126
714.6	-70.1012
714.8	-70.1878
715	-70.2723
715.2	-70.3548
715.4	-70.4353
715.6	-70.5139
715.8	-70.5907
716	-70.6656
716.2	-70.7387
716.4	-70.81
716.6	-70.8797
716.8	-70.9477
717	-71.014
717.2	-71.0788
717.4	-71.142
717.6	-71.2036
717.8	-71.2638
718	-71.3225
718.2	-71.3798
718.4	-71.4358
718.6	-71.4903
718.8	-71.5435
719	-71.5954
719.2	-71.6461
719.4	-71.6955
719.6	-71.7437
719.8	-71.7907
720	-71.8366
720.2	-71.8813
720.4	-71.925
720.6	-71.9675
720.8	-72.009
721	-72.0495
721.2	-72.0889
721.4	-72.1274
721.6	-72.1649
721.8	-72.2014
722	-72.2371
722.2	-72.2718
722.4	-72.3057
722.6	-72.3387
722.8	-72.3708
723	-72.4022
723.2	-72.4327
723.4	-72.4625
723.6	-72.4915
723.8	-72.5198
724	-72.5473
724.2	-72.5741
724.4	-72.6002
724.6	-72.6256
724.8	-72.6504
725	-72.6745
725.2	-72.6979
725.4	-72.7208
725.6	-72.743
725.8	-72.7647
726	-72.7857
726.2	-72.8062
726.4	-72.8262
726.6	-72.8456
726.8	-72.8644
727	-72.8828
727.2	-72.9006
727.4	-72.918
727.6	-72.9348
727.8	-72.9512
728	-72.9672
728.2	-72.9826
728.4	-72.9977
728.6	-73.0123
728.8	-73.0265
729	-73.0403
729.2	-73.0536
729.4	-73.0666
729.6	-73.0792
729.8	-73.0914
730	-73.1033
730.2	-73.1148
730.4	-73.1259
730.6	-73.1368
730.8	-73.1472
731	-73.1574
731.2	-73.1672
731.4	-73.1767
731.6	-73.1859
731.8	-73.1948
732	-73.2035
732.2	-73.2118
732.4	-73.2199
732.6	-73.2276
732.8	-73.2352
733	-73.2424
733.2	-73.2494
733.4	-73.2562
733.6	-73.2627
733.8	-73.269
734	-73.275
734.2	-73.2809
734.4	-73.2865
734.6	-73.2919
734.8	-73.2971
735	-73.302
735.2	-73.3068
735.4	-73.3114
735.6	-73.3158
735.8	-73.32
736	-73.324
736.2	-73.3278
736.4	-73.3315
736.6	-73.335
736.8	-73.3383
737	-73.3415
737.2	-73.3445
737.4	-73.3473
737.6	-73.35
737.8	-73.3525
738	-73.3549
738.2	-73.3572
738.4	-73.3593
738.6	-73.3613
738.8	-73.3632
739	-73.3649
739.2	-73.3665
739.4	-73.368
739.6	-73.3693
739.8	-73.3706
740	-73.3717
740.2	-73.3727
740.4	-73.3736
740.6	-73.3744
740.8	-73.3751
741	-73.3757
741.2	-73.3762
741.4	-73.3765
741.6	-73.3768
741.8	-73.3771
742	-73.3772
742.2	-73.3772
742.4	-73.3771
742.6	-73.377
742.8	-73.3768
743	-73.3765
743.2	-73.3761
743.4	-73.3756
743.6	-73.3751
743.8	-73.3745
744	-73.3738
744.2	-73.373
744.4	-73.3722
744.6	-73.3713
744.8	-73.3704
745	-73.3694
745.2	-73.3683
745.4	-73.3672
745.6	-73.366
745.8	-73.3647
746	-73.3634
746.2	-73.3621
746.4	-73.3607
746.6	-73.3592
746.8	-73.3577
747	-73.3561
747.2	-73.3545
747.4	-73.3529
747.6	-73.3512
747.8	-73.3494
748	-73.3476
748.2	-73.3458
748.4	-73.3439
748.6	-73.342
748.8	-73.34
749	-73.338
749.2	-73.336
749.4	-73.3339
749.6	-73.3318
749.8	-73.3297
750	-73.3275
750.2	-73.3253
750.4	-73.3231
750.6	-73.3208
750.8	-73.3185
751	-73.3162
751.2	-73.3138
751.4	-73.3114
751.6	-73.309
751.8	-73.3066
752	-73.3041
752.2	-73.3016
752.4	-73.2991
752.6	-73.2966
752.8	-73.294
753	-73.2914
753.2	-73.2888
753.4	-73.2862
753.6	-73.2835
753.8	-73.2808
754	-73.2782
754.2	-73.2754
754.4	-73.2727
754.6	-73.27
754.8	-73.2672
755	-73.2644
755.2	-73.2616
755.4	-73.2588
755.6	-73.256
755.8	-73.2531
756	-73.2503
756.2	-73.2474
756.4	-73.2445
756.6	-73.2416
756.8	-73.2387
757	-73.2357
757.2	-73.2328
757.4	-73.2299
757.6	-73.2269
757.8	-73.2239
758	-73.2209
758.2	-73.2179
758.4	-73.2149
758.6	-73.2119
758.8	-73.2089
759	-73.2058
759.2	-73.2028
759.4	-73.1997
759.6	-73.1967
759.8	-73.1936
760	-73.1905
760.2	-73.1874
760.4	-73.1843
760.6	-73.1812
760.8	-73.1781
761	-73.175
761.2	-73.1719
761.4	-73.1688
761.6	-73.1656
761.8	-73.1625
762	-73.1593
762.2	-73.1562
762.4	-73.153
762.6	-73.1499
762.8	-73.1467
763	-73.1436
763.2	-73.1404
763.4	-73.1372
763.6	-73.134
763.8	-73.1309
764	-73.1277
764.2	-73.1245
764.4	-73.1213
764.6	-73.1181
764.8	-73.1149
765	-73.1117
765.2	-73.1085
765.4	-73.1053
765.6	-73.1021
765.8	-73.0989
766	-73.0957
766.2	-73.0925
766.4	-73.0892
766.6	-73.086
766.8	-73.0828
767	-73.0796
767.2	-73.0764
767.4	-73.0732
767.6	-73.0699
767.8	-73.0667
768	-73.0635
768.2	-73.0603
768.4	-73.0571
768.6	-73.0538
768.8	-73.0506
769	-73.0474
769.2	-73.0442
769.4	-73.041
769.6	-73.0377
769.8	-73.0345
770	-73.0313
770.2	-73.0281
770.4	-73.0249
770.6	-73.0216
770.8	-73.0184
771	-73.0152
771.2	-73.012
771.4	-73.0088
771.6	-73.0056
771.8	-73.0023
772	-72.9991
772.2	-72.9959
772.4	-72.9927
772.6	-72.9895
772.8	-72.9863
773	-72.9831
773.2	-72.9799
773.4	-72.9767
773.6	-72.9735
773.8	-72.9703
774	-72.9671
774.2	-72.9639
774.4	-72.9607
774.6	-72.9576
774.8	-72.9544
775	-72.9512
775.2	-72.948
775.4	-72.9448
775.6	-72.9416
775.8	-72.9385
776	-72.9353
776.2	-72.9321
776.4	-72.9289
776.6	-72.9258
776.8	-72.9226
777	-72.9195
777.2	-72.9163
777.4	-72.9131
777.6	-72.91
777.8	-72.9068
778	-72.9037
778.2	-72.9006
778.4	-72.8974
778.6	-72.8943
778.8	-72.8911
779	-72.888
779.2	-72.8849
779.4	-72.8817
779.6	-72.8786
779.8	-72.8755
780	-72.8724
780.2	-72.8693
780.4	-72.8661
780.6	-72.863
780.8	-72.8599
781	-72.8568
781.2	-72.8537
781.4	-72.8506
781.6	-72.8475
781.8	-72.8444
782	-72.8414
782.2	-72.8383
782.4	-72.8352
782.6	-72.8321
782.8	-72.829
783	-72.826
783.2	-72.8229
783.4	-72.8198
783.6	-72.8168
783.8	-72.8137
784	-72.8107
784.2	-72.8076
784.4	-72.8046
784.6	-72.8015
784.8	-72.7985
785	-72.7954
785.2	-72.7924
785.4	-72.7894
785.6	-72.7863
785.8	-72.7833
786	-72.7803
786.2	-72.7773
786.4	-72.7743
786.6	-72.7713
786.8	-72.7683
787	-72.7653
787.2	-72.7623
787.4	-72.7593
787.6	-72.7563
787.8	-72.7533
788	-72.7503
788.2	-72.7473
788.4	-72.7443
788.6	-72.7414
788.8	-72.7384
789	-72.7354
789.2	-72.7325
789.4	-72.7295
789.6	-72.7266
789.8	-72.7236
790	-72.7207
790.2	-72.7177
790.4	-72.7148
790.6	-72.7118
790.8	-72.7089
791	-72.706
791.2	-72.703
791.4	-72.7001
791.6	-72.6972
791.8	-72.6943
792	-72.6914
792.2	-72.6885
792.4	-72.6856
792.6	-72.6827
792.8	-72.6798
793	-72.6769
793.2	-72.674
793.4	-72.6711
793.6	-72.6682
793.8	-72.6653
794	-72.6625
794.2	-72.6596
794.4	-72.6567
794.6	-72.6539
794.8	-72.651
795	-72.6481
795.2	-72.6453
795.4	-72.6424
795.6	-72.6396
795.8	-72.6368
796	-72.6339
796.2	-72.6311
796.4	-72.6283
796.6	-72.6254
796.8	-72.6226
797	-72.6198
797.2	-72.617
797.4	-72.6142
797.6	-72.6114
797.8	-72.6086
798	-72.6058
798.2	-72.603
798.4	-72.6002
798.6	-72.5974
798.8	-72.5946
799	-72.5918
799.2	-72.589
799.4	-72.5863
799.6	-72.5835
799.8	-72.5807
800	-72.5779
800.2	-72.5752
800.4	-72.5724
800.6	-72.5697
800.8	-72.5669
801	-72.5642
801.2	-72.5614
801.4	-72.5587
801.6	-72.556
801.8	-72.5532
802	-72.5505
802.2	-72.5478
802.4	-72.5451
802.6	-72.5424
802.8	-72.5396
803	-72.5369
803.2	-72.5342
803.4	-72.5315
803.6	-72.5288
803.8	-72.5261
804	-72.5234
804.2	-72.5208
804.4	-72.5181
804.6	-72.5154
804.8	-72.5127
805	-72.51
805.2	-72.5074
805.4	-72.5047
805.6	-72.5021
805.8	-72.4994
806	-72.4967
806.2	-72.4941
806.4	-72.4914
806.6	-72.4888
806.8	-72.4862
807	-72.4835
807.2	-72.4809
807.4	-72.4783
807.6	-72.4756
807.8	-72.473
808	-72.4704
808.2	-72.4678
808.4	-72.4652
808.6	-72.4626
808.8	-72.46
809	-72.4574
809.2	-72.4548
809.4	-72.4522
809.6	-72.4496
809.8	-72.447
810	-72.4444
810.2	-72.4418
810.4	-72.4393
810.6	-72.4367
810.8	-72.4341
811	-72.4315
811.2	-72.429
811.4	-72.4264
811.6	-72.4239
811.8	-72.4213
812	-72.4188
812.2	-72.4162
812.4	-72.4137
812.6	-72.4112
812.8	-72.4086
813	-72.4061
813.2	-72.4036
813.4	-72.401
813.6	-72.3985
813.8	-72.396
814	-72.3935
814.2	-72.391
814.4	-72.3885
814.6	-72.386
814.8	-72.3835
815	-72.381
815.2	-72.3785
815.4	-72.376
815.6	-72.3735
815.8	-72.371
816	-72.3686
816.2	-72.3661
816.4	-72.3636
816.6	-72.3611
816.8	-72.3587
817	-72.3562
817.2	-72.3538
817.4	-72.3513
817.6	-72.3488
817.8	-72.3464
818	-72.3439
818.2	-72.3415
818.4	-72.3391
818.6	-72.3366
818.8	-72.3342
819	-72.3318
819.2	-72.3294
819.4	-72.3269
819.6	-72.3245
819.8	-72.3221
820	-72.3197
820.2	-72.3173
820.4	-72.3149
820.6	-72.3125
820.8	-72.3101
821	-72.3077
821.2	-72.3053
821.4	-72.3029
821.6	-72.3005
821.8	-72.2981
822	-72.2958
822.2	-72.2934
822.4	-72.291
822.6	-72.2886
822.8	-72.2863
823	-72.2839
823.2	-72.2815
823.4	-72.2792
823.6	-72.2768
823.8	-72.2745
824	-72.2721
824.2	-72.2698
824.4	-72.2675
824.6	-72.2651
824.8	-72.2628
825	-72.2605
825.2	-72.2581
825.4	-72.2558
825.6	-72.2535
825.8	-72.2512
826	-72.2489
826.2	-72.2466
826.4	-72.2442
826.6	-72.2419
826.8	-72.2396
827	-72.2373
827.2	-72.2351
827.4	-72.2328
827.6	-72.2305
827.8	-72.2282
828	-72.2259
828.2	-72.2236
828.4	-72.2214
828.6	-72.2191
828.8	-72.2168
829	-72.2145
829.2	-72.2123
829.4	-72.21
829.6	-72.2078
829.8	-72.2055
830	-72.2033
830.2	-72.201
830.4	-72.1988
830.6	-72.1965
830.8	-72.1943
831	-72.1921
831.2	-72.1898
831.4	-72.1876
831.6	-72.1854
831.8	-72.1831
832	-72.1809
832.2	-72.1787
832.4	-72.1765
832.6	-72.1743
832.8	-72.1721
833	-72.1699
833.2	-72.1677
833.4	-72.1655
833.6	-72.1633
833.8	-72.1611
834	-72.1589
834.2	-72.1567
834.4	-72.1545
834.6	-72.1523
834.8	-72.1502
835	-72.148
835.2	-72.1458
835.4	-72.1437
835.6	-72.1415
835.8	-72.1393
836	-72.1372
836.2	-72.135
836.4	-72.1329
836.6	-72.1307
836.8	-72.1286
837	-72.1264
837.2	-72.1243
837.4	-72.1221
837.6	-72.12
837.8	-72.1179
838	-72.1157
838.2	-72.1136
838.4	-72.1115
838.6	-72.1094
838.8	-72.1072
839	-72.1051
839.2	-72.103
839.4	-72.1009
839.6	-72.0988
839.8	-72.0967
840	-72.0946
840.2	-72.0925
840.4	-72.0904
840.6	-72.0883
840.8	-72.0862
841	-72.0841
841.2	-72.0821
841.4	-72.08
841.6	-72.0779
841.8	-72.0758
842	-72.0738
842.2	-72.0717
842.4	-72.0696
842.6	-72.0676
842.8	-72.0655
843	-72.0634
843.2	-72.0614
843.4	-72.0593
843.6	-72.0573
843.8	-72.0552
844	-72.0532
844.2	-72.0512
844.4	-72.0491
844.6	-72.0471
844.8	-72.0451
845	-72.043
845.2	-72.041
845.4	-72.039
845.6	-72.037
845.8	-72.0349
846	-72.0329
846.2	-72.0309
846.4	-72.0289
846.6	-72.0269
846.8	-72.0249
847	-72.0229
847.2	-72.0209
847.4	-72.0189
847.6	-72.0169
847.8	-72.0149
848	-72.0129
848.2	-72.0109
848.4	-72.009
848.6	-72.007
848.8	-72.005
849	-72.003
849.2	-72.0011
849.4	-71.9991
849.6	-71.9971
849.8	-71.9952
850	-71.9932
850.2	-71.9912
850.4	-71.9893
850.6	-71.9873
850.8	-71.9854
851	-71.9835
851.2	-71.9815
851.4	-71.9796
851.6	-71.9776
851.8	-71.9757
852	-71.9738
852.2	-71.9718
852.4	-71.9699
852.6	-71.968
852.8	-71.966
853	-71.9641
853.2	-71.9622
853.4	-71.9603
853.6	-71.9584
853.8	-71.9565
854	-71.9546
854.2	-71.9527
854.4	-71.9508
854.6	-71.9489
854.8	-71.947
855	-71.9451
855.2	-71.9432
855.4	-71.9413
855.6	-71.9394
855.8	-71.9375
856	-71.9357
856.2	-71.9338
856.4	-71.9319
856.6	-71.93
856.8	-71.9282
857	-71.9263
857.2	-71.9244
857.4	-71.9226
857.6	-71.9207
857.8	-71.9188
858	-71.917
858.2	-71.9151
858.4	-71.9133
858.6	-71.9114
858.8	-71.9096
859	-71.9078
859.2	-71.9059
859.4	-71.9041
859.6	-71.9022
859.8	-71.9004
860	-71.8986
860.2	-71.8968
860.4	-71.8949
860.6	-71.8931
860.8	-71.8913
861	-71.8895
861.2	-71.8877
861.4	-71.8858
861.6	-71.884
861.8	-71.8822
862	-71.8804
862.2	-71.8786
862.4	-71.8768
862.6	-71.875
862.8	-71.8732
863	-71.8715
863.2	-71.8697
863.4	-71.8679
863.6	-71.8661
863.8	-71.8643
864	-71.8625
864.2	-71.8608
864.4	-71.859
864.6	-71.8572
864.8	-71.8554
865	-71.8537
865.2	-71.8519
865.4	-71.8501
865.6	-71.8484
865.8	-71.8466
866	-71.8449
866.2	-71.8431
866.4	-71.8414
866.6	-71.8396
866.8	-71.8379
867	-71.8361
867.2	-71.8344
867.4	-71.8327
867.6	-71.8309
867.8	-71.8292
868	-71.8275
868.2	-71.8257
868.4	-71.824
868.6	-71.8223
868.8	-71.8206
869	-71.8188
869.2	-71.8171
869.4	-71.8154
869.6	-71.8137
869.8	-71.812
870	-71.8103
870.2	-71.8086
870.4	-71.8069
870.6	-71.8052
870.8	-71.8035
871	-71.8018
871.2	-71.8001
871.4	-71.7984
871.6	-71.7967
871.8	-71.795
872	-71.7933
872.2	-71.7917
872.4	-71.79
872.6	-71.7883
872.8	-71.7866
873	-71.785
873.2	-71.7833
873.4	-71.7816
873.6	-71.78
873.8	-71.7783
874	-71.7766
874.2	-71.775
874.4	-71.7733
874.6	-71.7717
874.8	-71.77
875	-71.7684
875.2	-71.7667
875.4	-71.7651
875.6	-71.7634
875.8	-71.7618
876	-71.7602
876.2	-71.7585
876.4	-71.7569
876.6	-71.7553
876.8	-71.7536
877	-71.752
877.2	-71.7504
877.4	-71.7487
877.6	-71.7471
877.8	-71.7455
878	-71.7439
878.2	-71.7423
878.4	-71.7407
878.6	-71.7391
878.8	-71.7375
879	-71.7359
879.2	-71.7343
879.4	-71.7327
879.6	-71.7311
879.8	-71.7295
880	-71.7279
880.2	-71.7263
880.4	-71.7247
880.6	-71.7231
880.8	-71.7215
881	-71.7199
881.2	-71.7184
881.4	-71.7168
881.6	-71.7152
881.8	-71.7136
882	-71.7121
882.2	-71.7105
882.4	-71.7089
882.6	-71.7074
882.8	-71.7058
883	-71.7042
883.2	-71.7027
883.4	-71.7011
883.6	-71.6996
883.8	-71.698
884	-71.6965
884.2	-71.6949
884.4	-71.6934
884.6	-71.6918
884.8	-71.6903
885	-71.6888
885.2	-71.6872
885.4	-71.6857
885.6	-71.6841
885.8	-71.6826
886	-71.6811
886.2	-71.6796
886.4	-71.678
886.6	-71.6765
886.8	-71.675
887	-71.6735
887.2	-71.672
887.4	-71.6704
887.6	-71.6689
887.8	-71.6674
888	-71.6659
888.2	-71.6644
888.4	-71.6629
888.6	-71.6614
888.8	-71.6599
889	-71.6584
889.2	-71.6569
889.4	-71.6554
889.6	-71.6539
889.8	-71.6524
890	-71.651
890.2	-71.6495
890.4	-71.648
890.6	-71.6465
890.8	-71.645
891	-71.6436
891.2	-71.6421
891.4	-71.6406
891.6	-71.6391
891.8	-71.6377
892	-71.6362
892.2	-71.6347
892.4	-71.6333
892.6	-71.6318
892.8	-71.6304
893	-71.6289
893.2	-71.6274
893.4	-71.626
893.6	-71.6245
893.8	-71.6231
894	-71.6217
894.2	-71.6202
894.4	-71.6188
894.6	-71.6173
894.8	-71.6159
895	-71.6144
895.2	-71.613
895.4	-71.6116
895.6	-71.6102
895.8	-71.6087
896	-71.6073
896.2	-71.6059
896.4	-71.6044
896.6	-71.603
896.8	-71.6016
897	-71.6002
897.2	-71.5988
897.4	-71.5974
897.6	-71.596
897.8	-71.5945
898	-71.5931
898.2	-71.5917
898.4	-71.5903
898.6	-71.5889
898.8	-71.5875
899	-71.5861
899.2	-71.5847
899.4	-71.5833
899.6	-71.582
899.8	-71.5806
900	-71.5792
900.2	-71.5778
900.4	-71.5764
900.6	-71.575
900.8	-71.5736
901	-71.5723
901.2	-71.5709
901.4	-71.5695
901.6	-71.5681
901.8	-71.5668
902	-71.5654
902.2	-71.564
902.4	-71.5627
902.6	-71.5613
902.8	-71.56
903	-71.5586
903.2	-71.5572
903.4	-71.5559
903.6	-71.5545
903.8	-71.5532
904	-71.5518
904.2	-71.5505
904.4	-71.5491
904.6	-71.5478
904.8	-71.5464
905	-71.5451
905.2	-71.5438
905.4	-71.5424
905.6	-71.5411
905.8	-71.5398
906	-71.5384
906.2	-71.5371
906.4	-71.5358
906.6	-71.5344
906.8	-71.5331
907	-71.5318
907.2	-71.5305
907.4	-71.5292
907.6	-71.5278
907.8	-71.5265
908	-71.5252
908.2	-71.5239
908.4	-71.5226
908.6	-71.5213
908.8	-71.52
909	-71.5187
909.2	-71.5174
909.4	-71.5161
909.6	-71.5148
909.8	-71.5135
910	-71.5122
910.2	-71.5109
910.4	-71.5096
910.6	-71.5083
910.8	-71.507
911	-71.5057
911.2	-71.5044
911.4	-71.5032
911.6	-71.5019
911.8	-71.5006
912	-71.4993
912.2	-71.498
912.4	-71.4968
912.6	-71.4955
912.8	-71.4942
913	-71.493
913.2	-71.4917
913.4	-71.4904
913.6	-71.4892
913.8	-71.4879
914	-71.4866
914.2	-71.4854
914.4	-71.4841
914.6	-71.4829
914.8	-71.4816
915	-71.4804
915.2	-71.4791
915.4	-71.4779
915.6	-71.4766
915.8	-71.4754
916	-71.4741
916.2	-71.4729
916.4	-71.4717
916.6	-71.4704
916.8	-71.4692
917	-71.468
917.2	-71.4667
917.4	-71.4655
917.6	-71.4643
917.8	-71.463
918	-71.4618
918.2	-71.4606
918.4	-71.4594
918.6	-71.4581
918.8	-71.4569
919	-71.4557
919.2	-71.4545
919.4	-71.4533
919.6	-71.4521
919.8	-71.4509
920	-71.4496
920.2	-71.4484
920.4	-71.4472
920.6	-71.446
920.8	-71.4448
921	-71.4436
921.2	-71.4424
921.4	-71.4412
921.6	-71.44
921.8	-71.4388
922	-71.4377
922.2	-71.4365
922.4	-71.4353
922.6	-71.4341
922.8	-71.4329
923	-71.4317
923.2	-71.4305
923.4	-71.4294
923.6	-71.4282
923.8	-71.427
924	-71.4258
924.2	-71.4246
924.4	-71.4235
924.6	-71.4223
924.8	-71.4211
925	-71.42
925.2	-71.4188
925.4	-71.4176
925.6	-71.4165
925.8	-71.4153
926	-71.4141
926.2	-71.413
926.4	-71.4118
926.6	-71.4107
926.8	-71.4095
927	-71.4084
927.2	-71.4072
927.4	-71.4061
927.6	-71.4049
927.8	-71.4038
928	-71.4026
928.2	-71.4015
928.4	-71.4004
928.6	-71.3992
928.8	-71.3981
929	-71.3969
929.2	-71.3958
929.4	-71.3947
929.6	-71.3935
929.8	-71.3924
930	-71.3913
930.2	-71.3902
930.4	-71.389
930.6	-71.3879
930.8	-71.3868
931	-71.3857
931.2	-71.3845
931.4	-71.3834
931.6	-71.3823
931.8	-71.3812
932	-71.3801
932.2	-71.379
932.4	-71.3779
932.6	-71.3768
932.8	-71.3756
933	-71.3745
933.2	-71.3734
933.4	-71.3723
933.6	-71.3712
933.8	-71.3701
934	-71.369
934.2	-71.3679
934.4	-71.3669
934.6	-71.3658
934.8	-71.3647
935	-71.3636
935.2	-71.3625
935.4	-71.3614
935.6	-71.3603
935.8	-71.3592
936	-71.3581
936.2	-71.3571
936.4	-71.356
936.6	-71.3549
936.8	-71.3538
937	-71.3528
937.2	-71.3517
937.4	-71.3506
937.6	-71.3495
937.8	-71.3485
938	-71.3474
938.2	-71.3463
938.4	-71.3453
938.6	-71.3442
938.8	-71.3431
939	-71.3421
939.2	-71.341
939.4	-71.34
939.6	-71.3389
939.8	-71.3379
940	-71.3368
940.2	-71.3358
940.4	-71.3347
940.6	-71.3337
940.8	-71.3326
941	-71.3316
941.2	-71.3305
941.4	-71.3295
941.6	-71.3284
941.8	-71.3274
942	-71.3263
942.2	-71.3253
942.4	-71.3243
942.6	-71.3232
942.8	-71.3222
943	-71.3212
943.2	-71.3201
943.4	-71.3191
943.6	-71.3181
943.8	-71.3171
944	-71.316
944.2	-71.315
944.4	-71.314
944.6	-71.313
944.8	-71.312
945	-71.3109
945.2	-71.3099
945.4	-71.3089
945.6	-71.3079
945.8	-71.3069
946	-71.3059
946.2	-71.3049
946.4	-71.3039
946.6	-71.3028
946.8	-71.3018
947	-71.3008
947.2	-71.2998
947.4	-71.2988
947.6	-71.2978
947.8	-71.2968
948	-71.2958
948.2	-71.2948
948.4	-71.2939
948.6	-71.2929
948.8	-71.2919
949	-71.2909
949.2	-71.2899
949.4	-71.2889
949.6	-71.2879
949.8	-71.2869
950	-71.2859
950.2	-71.285
950.4	-71.284
950.6	-71.283
950.8	-71.282
951	-71.2811
951.2	-71.2801
951.4	-71.2791
951.6	-71.2781
951.8	-71.2772
952	-71.2762
952.2	-71.2752
952.4	-71.2743
952.6	-71.2733
952.8	-71.2723
953	-71.2714
953.2	-71.2704
953.4	-71.2694
953.6	-71.2685
953.8	-71.2675
954	-71.2666
954.2	-71.2656
954.4	-71.2647
954.6	-71.2637
954.8	-71.2628
955	-71.2618
955.2	-71.2609
955.4	-71.2599
955.6	-71.259
955.8	-71.258
956	-71.2571
956.2	-71.2561
956.4	-71.2552
956.6	-71.2543
956.8	-71.2533
957	-71.2524
957.2	-71.2514
957.4	-71.2505
957.6	-71.2496
957.8	-71.2486
958	-71.2477
958.2	-71.2468
958.4	-71.2459
958.6	-71.2449
958.8	-71.244
959	-71.2431
959.2	-71.2422
959.4	-71.2412
959.6	-71.2403
959.8	-71.2394
960	-71.2385
960.2	-71.2376
960.4	-71.2367
960.6	-71.2357
960.8	-71.2348
961	-71.2339
961.2	-71.233
961.4	-71.2321
961.6	-71.2312
961.8	-71.2303
962	-71.2294
962.2	-71.2285
962.4	-71.2276
962.6	-71.2267
962.8	-71.2258
963	-71.2249
963.2	-71.224
963.4	-71.2231
963.6	-71.2222
963.8	-71.2213
964	-71.2204
964.2	-71.2195
964.4	-71.2186
964.6	-71.2177
964.8	-71.2168
965	-71.216
965.2	-71.2151
965.4	-71.2142
965.6	-71.2133
965.8	-71.2124
966	-71.2115
966.2	-71.2107
966.4	-71.2098
966.6	-71.2089
966.8	-71.208
967	-71.2072
967.2	-71.2063
967.4	-71.2054
967.6	-71.2045
967.8	-71.2037
968	-71.2028
968.2	-71.2019
968.4	-71.2011
968.6	-71.2002
968.8	-71.1993
969	-71.1985
969.2	-71.1976
969.4	-71.1967
969.6	-71.1959
969.8	-71.195
970	-71.1942
970.2	-71.1933
970.4	-71.1925
970.6	-71.1916
970.8	-71.1908
971	-71.1899
971.2	-71.1891
971.4	-71.1882
971.6	-71.1874
971.8	-71.1865
972	-71.1857
972.2	-71.1848
972.4	-71.184
972.6	-71.1832
972.8	-71.1823
973	-71.1815
973.2	-71.1806
973.4	-71.1798
973.6	-71.179
973.8	-71.1781
974	-71.1773
974.2	-71.1765
974.4	-71.1756
974.6	-71.1748
974.8	-71.174
975	-71.1731
975.2	-71.1723
975.4	-71.1715
975.6	-71.1707
975.8	-71.1698
976	-71.169
976.2	-71.1682
976.4	-71.1674
976.6	-71.1666
976.8	-71.1657
977	-71.1649
977.2	-71.1641
977.4	-71.1633
977.6	-71.1625
977.8	-71.1617
978	-71.1609
978.2	-71.16
978.4	-71.1592
978.6	-71.1584
978.8	-71.1576
979	-71.1568
979.2	-71.156
979.4	-71.1552
979.6	-71.1544
979.8	-71.1536
980	-71.1528
980.2	-71.152
980.4	-71.1512
980.6	-71.1504
980.8	-71.1496
981	-71.1488
981.2	-71.148
981.4	-71.1472
981.6	-71.1465
981.8	-71.1457
982	-71.1449
982.2	-71.1441
982.4	-71.1433
982.6	-71.1425
982.8	-71.1417
983	-71.141
983.2	-71.1402
983.4	-71.1394
983.6	-71.1386
983.8	-71.1378
984	-71.1371
984.2	-71.1363
984.4	-71.1355
984.6	-71.1347
984.8	-71.1339
985	-71.1332
985.2	-71.1324
985.4	-71.1316
985.6	-71.1309
985.8	-71.1301
986	-71.1293
986.2	-71.1286
986.4	-71.1278
986.6	-71.127
986.8	-71.1263
987	-71.1255
987.2	-71.1247
987.4	-71.124
987.6	-71.1232
987.8	-71.1225
988	-71.1217
988.2	-71.121
988.4	-71.1202
988.6	-71.1195
988.8	-71.1187
989	-71.118
989.2	-71.1172
989.4	-71.1164
989.6	-71.1157
989.8	-71.115
990	-71.1142
990.2	-71.1135
990.4	-71.1127
990.6	-71.112
990.8	-71.1112
991	-71.1105
991.2	-71.1097
991.4	-71.109
991.6	-71.1083
991.8	-71.1075
992	-71.1068
992.2	-71.1061
992.4	-71.1053
992.6	-71.1046
992.8	-71.1039
993	-71.1031
993.2	-71.1024
993.4	-71.1017
993.6	-71.1009
993.8	-71.1002
994	-71.0995
994.2	-71.0988
994.4	-71.098
994.6	-71.0973
994.8	-71.0966
995	-71.0959
995.2	-71.0952
995.4	-71.0944
995.6	-71.0937
995.8	-71.093
996	-71.0923
996.2	-71.0916
996.4	-71.0909
996.6	-71.0901
996.8	-71.0894
997	-71.0887
997.2	-71.088
997.4	-71.0873
997.6	-71.0866
997.8	-71.0859
998	-71.0852
998.2	-71.0845
998.4	-71.0838
998.6	-71.0831
998.8	-71.0824
999	-71.0817
999.2	-71.081
999.4	-71.0803
999.6	-71.0796
999.8	-71.0789
1000	-71.0782
