label:PY[0].soma.m_im
5001
0	0
0.2	3.70744e-05
0.4	7.41019e-05
0.6	0.000111083
0.8	0.000148016
1	0.000184903
1.2	0.000221743
1.4	0.000258537
1.6	0.000295283
1.8	0.000331983
2	0.000368636
2.2	0.000405243
2.4	0.000441802
2.6	0.000478316
2.8	0.000514782
3	0.000551203
3.2	0.000587576
3.4	0.000623904
3.6	0.000660185
3.8	0.000696419
4	0.000732607
4.2	0.000768749
4.4	0.000804844
4.6	0.000840894
4.8	0.000876897
5	0.000912854
5.2	0.000948765
5.4	0.000984629
5.6	0.00102045
5.8	0.00105622
6	0.00109195
6.2	0.00112763
6.4	0.00116326
6.6	0.00119885
6.8	0.0012344
7	0.00126989
7.2	0.00130534
7.4	0.00134075
7.6	0.00137611
7.8	0.00141143
8	0.00144669
8.2	0.00148192
8.4	0.0015171
8.6	0.00155223
8.8	0.00158732
9	0.00162236
9.2	0.00165736
9.4	0.00169231
9.6	0.00172721
9.8	0.00176207
10	0.00179689
10.2	0.00183166
10.4	0.00186639
10.6	0.00190107
10.8	0.0019357
11	0.00197029
11.2	0.00200484
11.4	0.00203934
11.6	0.0020738
11.8	0.00210821
12	0.00214258
12.2	0.0021769
12.4	0.00221118
12.6	0.00224541
12.8	0.0022796
13	0.00231374
13.2	0.00234784
13.4	0.0023819
13.6	0.00241591
13.8	0.00244988
14	0.0024838
14.2	0.00251768
14.4	0.00255151
14.6	0.0025853
14.8	0.00261905
15	0.00265275
15.2	0.00268641
15.4	0.00272003
15.6	0.0027536
15.8	0.00278712
16	0.00282061
16.2	0.00285405
16.4	0.00288744
16.6	0.00292079
16.8	0.0029541
17	0.00298737
17.2	0.00302059
17.4	0.00305377
17.6	0.0030869
17.8	0.00311999
18	0.00315304
18.2	0.00318605
18.4	0.00321901
18.6	0.00325193
18.8	0.00328481
19	0.00331764
19.2	0.00335043
19.4	0.00338318
19.6	0.00341588
19.8	0.00344854
20	0.00348116
20.2	0.00351374
20.4	0.00354627
20.6	0.00357876
20.8	0.00361121
21	0.00364361
21.2	0.00367598
21.4	0.0037083
21.6	0.00374058
21.8	0.00377281
22	0.003805
22.2	0.00383716
22.4	0.00386927
22.6	0.00390133
22.8	0.00393336
23	0.00396534
23.2	0.00399728
23.4	0.00402918
23.6	0.00406104
23.8	0.00409285
24	0.00412463
24.2	0.00415636
24.4	0.00418805
24.6	0.0042197
24.8	0.00425131
25	0.00428287
25.2	0.00431439
25.4	0.00434588
25.6	0.00437732
25.8	0.00440872
26	0.00444008
26.2	0.00447139
26.4	0.00450267
26.6	0.0045339
26.8	0.0045651
27	0.00459625
27.2	0.00462736
27.4	0.00465843
27.6	0.00468946
27.8	0.00472045
28	0.0047514
28.2	0.00478231
28.4	0.00481318
28.6	0.004844
28.8	0.00487479
29	0.00490553
29.2	0.00493624
29.4	0.0049669
29.6	0.00499753
29.8	0.00502811
30	0.00505865
30.2	0.00508916
30.4	0.00511962
30.6	0.00515004
30.8	0.00518042
31	0.00521077
31.2	0.00524107
31.4	0.00527133
31.6	0.00530155
31.8	0.00533174
32	0.00536188
32.2	0.00539198
32.4	0.00542205
32.6	0.00545207
32.8	0.00548205
33	0.005512
33.2	0.0055419
33.4	0.00557177
33.6	0.0056016
33.8	0.00563138
34	0.00566113
34.2	0.00569084
34.4	0.00572051
34.6	0.00575014
34.8	0.00577973
35	0.00580928
35.2	0.00583879
35.4	0.00586827
35.6	0.0058977
35.8	0.0059271
36	0.00595645
36.2	0.00598577
36.4	0.00601505
36.6	0.00604429
36.8	0.0060735
37	0.00610266
37.2	0.00613178
37.4	0.00616087
37.6	0.00618992
37.8	0.00621893
38	0.0062479
38.2	0.00627683
38.4	0.00630573
38.6	0.00633459
38.8	0.0063634
39	0.00639219
39.2	0.00642093
39.4	0.00644963
39.6	0.0064783
39.8	0.00650693
40	0.00653552
40.2	0.00656407
40.4	0.00659259
40.6	0.00662106
40.8	0.0066495
41	0.00667791
41.2	0.00670627
41.4	0.0067346
41.6	0.00676289
41.8	0.00679114
42	0.00681935
42.2	0.00684753
42.4	0.00687567
42.6	0.00690377
42.8	0.00693184
43	0.00695987
43.2	0.00698786
43.4	0.00701581
43.6	0.00704373
43.8	0.00707161
44	0.00709945
44.2	0.00712726
44.4	0.00715503
44.6	0.00718276
44.8	0.00721046
45	0.00723812
45.2	0.00726574
45.4	0.00729333
45.6	0.00732088
45.8	0.00734839
46	0.00737587
46.2	0.00740331
46.4	0.00743071
46.6	0.00745808
46.8	0.00748541
47	0.0075127
47.2	0.00753996
47.4	0.00756719
47.6	0.00759437
47.8	0.00762152
48	0.00764864
48.2	0.00767572
48.4	0.00770276
48.6	0.00772977
48.8	0.00775674
49	0.00778367
49.2	0.00781057
49.4	0.00783744
49.6	0.00786427
49.8	0.00789106
50	0.00791782
50.2	0.00794454
50.4	0.00797122
50.6	0.00799788
50.8	0.00802449
51	0.00805107
51.2	0.00807762
51.4	0.00810413
51.6	0.0081306
51.8	0.00815704
52	0.00818344
52.2	0.00820981
52.4	0.00823615
52.6	0.00826245
52.8	0.00828871
53	0.00831494
53.2	0.00834114
53.4	0.0083673
53.6	0.00839342
53.8	0.00841951
54	0.00844557
54.2	0.00847159
54.4	0.00849758
54.6	0.00852353
54.8	0.00854945
55	0.00857533
55.2	0.00860118
55.4	0.00862699
55.6	0.00865277
55.8	0.00867852
56	0.00870423
56.2	0.00872991
56.4	0.00875555
56.6	0.00878116
56.8	0.00880674
57	0.00883228
57.2	0.00885779
57.4	0.00888326
57.6	0.0089087
57.8	0.00893411
58	0.00895948
58.2	0.00898482
58.4	0.00901012
58.6	0.00903539
58.8	0.00906063
59	0.00908584
59.2	0.00911101
59.4	0.00913614
59.6	0.00916125
59.8	0.00918632
60	0.00921135
60.2	0.00923636
60.4	0.00926133
60.6	0.00928627
60.8	0.00931117
61	0.00933604
61.2	0.00936088
61.4	0.00938568
61.6	0.00941046
61.8	0.00943519
62	0.0094599
62.2	0.00948457
62.4	0.00950921
62.6	0.00953382
62.8	0.0095584
63	0.00958294
63.2	0.00960745
63.4	0.00963192
63.6	0.00965637
63.8	0.00968078
64	0.00970516
64.2	0.00972951
64.4	0.00975382
64.6	0.0097781
64.8	0.00980235
65	0.00982657
65.2	0.00985075
65.4	0.00987491
65.6	0.00989903
65.8	0.00992312
66	0.00994717
66.2	0.0099712
66.4	0.00999519
66.6	0.0100192
66.8	0.0100431
67	0.010067
67.2	0.0100908
67.4	0.0101147
67.6	0.0101385
67.8	0.0101622
68	0.010186
68.2	0.0102097
68.4	0.0102334
68.6	0.010257
68.8	0.0102806
69	0.0103042
69.2	0.0103278
69.4	0.0103513
69.6	0.0103748
69.8	0.0103982
70	0.0104216
70.2	0.010445
70.4	0.0104684
70.6	0.0104917
70.8	0.010515
71	0.0105383
71.2	0.0105615
71.4	0.0105847
71.6	0.0106079
71.8	0.010631
72	0.0106542
72.2	0.0106772
72.4	0.0107003
72.6	0.0107233
72.8	0.0107463
73	0.0107693
73.2	0.0107922
73.4	0.0108151
73.6	0.010838
73.8	0.0108608
74	0.0108836
74.2	0.0109064
74.4	0.0109291
74.6	0.0109519
74.8	0.0109745
75	0.0109972
75.2	0.0110198
75.4	0.0110424
75.6	0.011065
75.8	0.0110875
76	0.01111
76.2	0.0111325
76.4	0.0111549
76.6	0.0111774
76.8	0.0111997
77	0.0112221
77.2	0.0112444
77.4	0.0112667
77.6	0.011289
77.8	0.0113112
78	0.0113334
78.2	0.0113556
78.4	0.0113777
78.6	0.0113999
78.8	0.011422
79	0.011444
79.2	0.011466
79.4	0.011488
79.6	0.01151
79.8	0.011532
80	0.0115539
80.2	0.0115757
80.4	0.0115976
80.6	0.0116194
80.8	0.0116412
81	0.011663
81.2	0.0116847
81.4	0.0117064
81.6	0.0117281
81.8	0.0117498
82	0.0117714
82.2	0.011793
82.4	0.0118145
82.6	0.0118361
82.8	0.0118576
83	0.011879
83.2	0.0119005
83.4	0.0119219
83.6	0.0119433
83.8	0.0119647
84	0.011986
84.2	0.0120073
84.4	0.0120286
84.6	0.0120498
84.8	0.0120711
85	0.0120922
85.2	0.0121134
85.4	0.0121345
85.6	0.0121557
85.8	0.0121767
86	0.0121978
86.2	0.0122188
86.4	0.0122398
86.6	0.0122608
86.8	0.0122817
87	0.0123026
87.2	0.0123235
87.4	0.0123444
87.6	0.0123652
87.8	0.012386
88	0.0124067
88.2	0.0124275
88.4	0.0124482
88.6	0.0124689
88.8	0.0124896
89	0.0125102
89.2	0.0125308
89.4	0.0125514
89.6	0.0125719
89.8	0.0125924
90	0.0126129
90.2	0.0126334
90.4	0.0126538
90.6	0.0126743
90.8	0.0126946
91	0.012715
91.2	0.0127353
91.4	0.0127556
91.6	0.0127759
91.8	0.0127962
92	0.0128164
92.2	0.0128366
92.4	0.0128567
92.6	0.0128769
92.8	0.012897
93	0.0129171
93.2	0.0129371
93.4	0.0129572
93.6	0.0129772
93.8	0.0129972
94	0.0130171
94.2	0.013037
94.4	0.0130569
94.6	0.0130768
94.8	0.0130967
95	0.0131165
95.2	0.0131363
95.4	0.0131561
95.6	0.0131758
95.8	0.0131955
96	0.0132152
96.2	0.0132349
96.4	0.0132545
96.6	0.0132741
96.8	0.0132937
97	0.0133132
97.2	0.0133328
97.4	0.0133523
97.6	0.0133718
97.8	0.0133912
98	0.0134106
98.2	0.01343
98.4	0.0134494
98.6	0.0134688
98.8	0.0134881
99	0.0135074
99.2	0.0135266
99.4	0.0135459
99.6	0.0135651
99.8	0.0135843
100	0.0136035
100.2	0.0136226
100.4	0.0136417
100.6	0.0136608
100.8	0.0136799
101	0.0136989
101.2	0.0137179
101.4	0.0137369
101.6	0.0137559
101.8	0.0137748
102	0.0137937
102.2	0.0138126
102.4	0.0138315
102.6	0.0138503
102.8	0.0138691
103	0.0138879
103.2	0.0139067
103.4	0.0139254
103.6	0.0139441
103.8	0.0139628
104	0.0139815
104.2	0.0140001
104.4	0.0140187
104.6	0.0140373
104.8	0.0140559
105	0.0140744
105.2	0.0140929
105.4	0.0141114
105.6	0.0141298
105.8	0.0141483
106	0.0141667
106.2	0.0141851
106.4	0.0142034
106.6	0.0142218
106.8	0.0142401
107	0.0142584
107.2	0.0142766
107.4	0.0142949
107.6	0.0143131
107.8	0.0143313
108	0.0143495
108.2	0.0143676
108.4	0.0143857
108.6	0.0144038
108.8	0.0144219
109	0.0144399
109.2	0.0144579
109.4	0.0144759
109.6	0.0144939
109.8	0.0145119
110	0.0145298
110.2	0.0145477
110.4	0.0145656
110.6	0.0145834
110.8	0.0146012
111	0.014619
111.2	0.0146368
111.4	0.0146546
111.6	0.0146723
111.8	0.01469
112	0.0147077
112.2	0.0147254
112.4	0.014743
112.6	0.0147606
112.8	0.0147782
113	0.0147958
113.2	0.0148133
113.4	0.0148308
113.6	0.0148483
113.8	0.0148658
114	0.0148833
114.2	0.0149007
114.4	0.0149181
114.6	0.0149355
114.8	0.0149528
115	0.0149701
115.2	0.0149875
115.4	0.0150047
115.6	0.015022
115.8	0.0150392
116	0.0150565
116.2	0.0150736
116.4	0.0150908
116.6	0.015108
116.8	0.0151251
117	0.0151422
117.2	0.0151593
117.4	0.0151763
117.6	0.0151934
117.8	0.0152104
118	0.0152274
118.2	0.0152443
118.4	0.0152613
118.6	0.0152782
118.8	0.0152951
119	0.0153119
119.2	0.0153288
119.4	0.0153456
119.6	0.0153624
119.8	0.0153792
120	0.015396
120.2	0.0154127
120.4	0.0154294
120.6	0.0154461
120.8	0.0154628
121	0.0154794
121.2	0.015496
121.4	0.0155127
121.6	0.0155292
121.8	0.0155458
122	0.0155623
122.2	0.0155788
122.4	0.0155953
122.6	0.0156118
122.8	0.0156282
123	0.0156447
123.2	0.0156611
123.4	0.0156775
123.6	0.0156938
123.8	0.0157102
124	0.0157265
124.2	0.0157428
124.4	0.015759
124.6	0.0157753
124.8	0.0157915
125	0.0158077
125.2	0.0158239
125.4	0.0158401
125.6	0.0158562
125.8	0.0158723
126	0.0158884
126.2	0.0159045
126.4	0.0159205
126.6	0.0159366
126.8	0.0159526
127	0.0159686
127.2	0.0159845
127.4	0.0160005
127.6	0.0160164
127.8	0.0160323
128	0.0160482
128.2	0.0160641
128.4	0.0160799
128.6	0.0160957
128.8	0.0161115
129	0.0161273
129.2	0.016143
129.4	0.0161588
129.6	0.0161745
129.8	0.0161902
130	0.0162058
130.2	0.0162215
130.4	0.0162371
130.6	0.0162527
130.8	0.0162683
131	0.0162839
131.2	0.0162994
131.4	0.0163149
131.6	0.0163304
131.8	0.0163459
132	0.0163614
132.2	0.0163768
132.4	0.0163922
132.6	0.0164076
132.8	0.016423
133	0.0164384
133.2	0.0164537
133.4	0.016469
133.6	0.0164843
133.8	0.0164996
134	0.0165148
134.2	0.0165301
134.4	0.0165453
134.6	0.0165605
134.8	0.0165756
135	0.0165908
135.2	0.0166059
135.4	0.016621
135.6	0.0166361
135.8	0.0166512
136	0.0166662
136.2	0.0166813
136.4	0.0166963
136.6	0.0167113
136.8	0.0167262
137	0.0167412
137.2	0.0167561
137.4	0.016771
137.6	0.0167859
137.8	0.0168008
138	0.0168156
138.2	0.0168304
138.4	0.0168453
138.6	0.01686
138.8	0.0168748
139	0.0168896
139.2	0.0169043
139.4	0.016919
139.6	0.0169337
139.8	0.0169483
140	0.016963
140.2	0.0169776
140.4	0.0169922
140.6	0.0170068
140.8	0.0170214
141	0.0170359
141.2	0.0170505
141.4	0.017065
141.6	0.0170795
141.8	0.0170939
142	0.0171084
142.2	0.0171228
142.4	0.0171372
142.6	0.0171516
142.8	0.017166
143	0.0171804
143.2	0.0171947
143.4	0.017209
143.6	0.0172233
143.8	0.0172376
144	0.0172519
144.2	0.0172661
144.4	0.0172803
144.6	0.0172945
144.8	0.0173087
145	0.0173229
145.2	0.017337
145.4	0.0173511
145.6	0.0173652
145.8	0.0173793
146	0.0173934
146.2	0.0174074
146.4	0.0174215
146.6	0.0174355
146.8	0.0174495
147	0.0174635
147.2	0.0174774
147.4	0.0174913
147.6	0.0175053
147.8	0.0175192
148	0.017533
148.2	0.0175469
148.4	0.0175607
148.6	0.0175746
148.8	0.0175884
149	0.0176022
149.2	0.0176159
149.4	0.0176297
149.6	0.0176434
149.8	0.0176571
150	0.0176708
150.2	0.0176845
150.4	0.0176981
150.6	0.0177118
150.8	0.0177254
151	0.017739
151.2	0.0177526
151.4	0.0177662
151.6	0.0177797
151.8	0.0177932
152	0.0178067
152.2	0.0178202
152.4	0.0178337
152.6	0.0178472
152.8	0.0178606
153	0.017874
153.2	0.0178874
153.4	0.0179008
153.6	0.0179142
153.8	0.0179275
154	0.0179408
154.2	0.0179542
154.4	0.0179674
154.6	0.0179807
154.8	0.017994
155	0.0180072
155.2	0.0180204
155.4	0.0180336
155.6	0.0180468
155.8	0.01806
156	0.0180731
156.2	0.0180863
156.4	0.0180994
156.6	0.0181125
156.8	0.0181256
157	0.0181386
157.2	0.0181517
157.4	0.0181647
157.6	0.0181777
157.8	0.0181907
158	0.0182037
158.2	0.0182166
158.4	0.0182296
158.6	0.0182425
158.8	0.0182554
159	0.0182683
159.2	0.0182811
159.4	0.018294
159.6	0.0183068
159.8	0.0183196
160	0.0183324
160.2	0.0183452
160.4	0.018358
160.6	0.0183707
160.8	0.0183835
161	0.0183962
161.2	0.0184089
161.4	0.0184216
161.6	0.0184342
161.8	0.0184469
162	0.0184595
162.2	0.0184721
162.4	0.0184847
162.6	0.0184973
162.8	0.0185098
163	0.0185224
163.2	0.0185349
163.4	0.0185474
163.6	0.0185599
163.8	0.0185724
164	0.0185848
164.2	0.0185973
164.4	0.0186097
164.6	0.0186221
164.8	0.0186345
165	0.0186469
165.2	0.0186592
165.4	0.0186716
165.6	0.0186839
165.8	0.0186962
166	0.0187085
166.2	0.0187208
166.4	0.018733
166.6	0.0187453
166.8	0.0187575
167	0.0187697
167.2	0.0187819
167.4	0.0187941
167.6	0.0188062
167.8	0.0188184
168	0.0188305
168.2	0.0188426
168.4	0.0188547
168.6	0.0188668
168.8	0.0188789
169	0.0188909
169.2	0.0189029
169.4	0.0189149
169.6	0.0189269
169.8	0.0189389
170	0.0189509
170.2	0.0189628
170.4	0.0189748
170.6	0.0189867
170.8	0.0189986
171	0.0190104
171.2	0.0190223
171.4	0.0190342
171.6	0.019046
171.8	0.0190578
172	0.0190696
172.2	0.0190814
172.4	0.0190932
172.6	0.0191049
172.8	0.0191167
173	0.0191284
173.2	0.0191401
173.4	0.0191518
173.6	0.0191635
173.8	0.0191751
174	0.0191868
174.2	0.0191984
174.4	0.01921
174.6	0.0192216
174.8	0.0192332
175	0.0192448
175.2	0.0192563
175.4	0.0192678
175.6	0.0192794
175.8	0.0192909
176	0.0193024
176.2	0.0193138
176.4	0.0193253
176.6	0.0193367
176.8	0.0193481
177	0.0193596
177.2	0.019371
177.4	0.0193823
177.6	0.0193937
177.8	0.019405
178	0.0194164
178.2	0.0194277
178.4	0.019439
178.6	0.0194503
178.8	0.0194616
179	0.0194728
179.2	0.0194841
179.4	0.0194953
179.6	0.0195065
179.8	0.0195177
180	0.0195289
180.2	0.01954
180.4	0.0195512
180.6	0.0195623
180.8	0.0195734
181	0.0195845
181.2	0.0195956
181.4	0.0196067
181.6	0.0196178
181.8	0.0196288
182	0.0196398
182.2	0.0196509
182.4	0.0196619
182.6	0.0196729
182.8	0.0196838
183	0.0196948
183.2	0.0197057
183.4	0.0197166
183.6	0.0197276
183.8	0.0197385
184	0.0197493
184.2	0.0197602
184.4	0.0197711
184.6	0.0197819
184.8	0.0197927
185	0.0198035
185.2	0.0198143
185.4	0.0198251
185.6	0.0198359
185.8	0.0198466
186	0.0198574
186.2	0.0198681
186.4	0.0198788
186.6	0.0198895
186.8	0.0199002
187	0.0199108
187.2	0.0199215
187.4	0.0199321
187.6	0.0199427
187.8	0.0199533
188	0.0199639
188.2	0.0199745
188.4	0.0199851
188.6	0.0199956
188.8	0.0200061
189	0.0200167
189.2	0.0200272
189.4	0.0200377
189.6	0.0200481
189.8	0.0200586
190	0.020069
190.2	0.0200795
190.4	0.0200899
190.6	0.0201003
190.8	0.0201107
191	0.0201211
191.2	0.0201314
191.4	0.0201418
191.6	0.0201521
191.8	0.0201625
192	0.0201728
192.2	0.0201831
192.4	0.0201933
192.6	0.0202036
192.8	0.0202139
193	0.0202241
193.2	0.0202343
193.4	0.0202445
193.6	0.0202547
193.8	0.0202649
194	0.0202751
194.2	0.0202852
194.4	0.0202954
194.6	0.0203055
194.8	0.0203156
195	0.0203257
195.2	0.0203358
195.4	0.0203459
195.6	0.0203559
195.8	0.020366
196	0.020376
196.2	0.020386
196.4	0.020396
196.6	0.020406
196.8	0.020416
197	0.020426
197.2	0.0204359
197.4	0.0204459
197.6	0.0204558
197.8	0.0204657
198	0.0204756
198.2	0.0204855
198.4	0.0204954
198.6	0.0205052
198.8	0.0205151
199	0.0205249
199.2	0.0205347
199.4	0.0205445
199.6	0.0205543
199.8	0.0205641
200	0.0205738
200.2	0.0205836
200.4	0.0205933
200.6	0.0206031
200.8	0.0206128
201	0.0206225
201.2	0.0206322
201.4	0.0206418
201.6	0.0206515
201.8	0.0206611
202	0.0206708
202.2	0.0206804
202.4	0.02069
202.6	0.0206996
202.8	0.0207092
203	0.0207187
203.2	0.0207283
203.4	0.0207378
203.6	0.0207474
203.8	0.0207569
204	0.0207664
204.2	0.0207759
204.4	0.0207854
204.6	0.0207948
204.8	0.0208043
205	0.0208137
205.2	0.0208231
205.4	0.0208325
205.6	0.0208419
205.8	0.0208513
206	0.0208607
206.2	0.0208701
206.4	0.0208794
206.6	0.0208888
206.8	0.0208981
207	0.0209074
207.2	0.0209167
207.4	0.020926
207.6	0.0209353
207.8	0.0209445
208	0.0209538
208.2	0.020963
208.4	0.0209722
208.6	0.0209814
208.8	0.0209906
209	0.0209998
209.2	0.021009
209.4	0.0210182
209.6	0.0210273
209.8	0.0210364
210	0.0210456
210.2	0.0210547
210.4	0.0210638
210.6	0.0210729
210.8	0.0210819
211	0.021091
211.2	0.0211001
211.4	0.0211091
211.6	0.0211181
211.8	0.0211271
212	0.0211361
212.2	0.0211451
212.4	0.0211541
212.6	0.0211631
212.8	0.021172
213	0.021181
213.2	0.0211899
213.4	0.0211988
213.6	0.0212077
213.8	0.0212166
214	0.0212255
214.2	0.0212343
214.4	0.0212432
214.6	0.021252
214.8	0.0212609
215	0.0212697
215.2	0.0212785
215.4	0.0212873
215.6	0.0212961
215.8	0.0213049
216	0.0213136
216.2	0.0213224
216.4	0.0213311
216.6	0.0213398
216.8	0.0213485
217	0.0213572
217.2	0.0213659
217.4	0.0213746
217.6	0.0213833
217.8	0.0213919
218	0.0214006
218.2	0.0214092
218.4	0.0214178
218.6	0.0214264
218.8	0.021435
219	0.0214436
219.2	0.0214522
219.4	0.0214607
219.6	0.0214693
219.8	0.0214778
220	0.0214863
220.2	0.0214949
220.4	0.0215034
220.6	0.0215118
220.8	0.0215203
221	0.0215288
221.2	0.0215373
221.4	0.0215457
221.6	0.0215541
221.8	0.0215626
222	0.021571
222.2	0.0215794
222.4	0.0215878
222.6	0.0215961
222.8	0.0216045
223	0.0216128
223.2	0.0216212
223.4	0.0216295
223.6	0.0216378
223.8	0.0216461
224	0.0216544
224.2	0.0216627
224.4	0.021671
224.6	0.0216793
224.8	0.0216875
225	0.0216958
225.2	0.021704
225.4	0.0217122
225.6	0.0217204
225.8	0.0217286
226	0.0217368
226.2	0.021745
226.4	0.0217531
226.6	0.0217613
226.8	0.0217694
227	0.0217776
227.2	0.0217857
227.4	0.0217938
227.6	0.0218019
227.8	0.02181
228	0.021818
228.2	0.0218261
228.4	0.0218342
228.6	0.0218422
228.8	0.0218502
229	0.0218583
229.2	0.0218663
229.4	0.0218743
229.6	0.0218822
229.8	0.0218902
230	0.0218982
230.2	0.0219061
230.4	0.0219141
230.6	0.021922
230.8	0.0219299
231	0.0219379
231.2	0.0219458
231.4	0.0219537
231.6	0.0219615
231.8	0.0219694
232	0.0219773
232.2	0.0219851
232.4	0.0219929
232.6	0.0220008
232.8	0.0220086
233	0.0220164
233.2	0.0220242
233.4	0.022032
233.6	0.0220397
233.8	0.0220475
234	0.0220553
234.2	0.022063
234.4	0.0220707
234.6	0.0220785
234.8	0.0220862
235	0.0220939
235.2	0.0221016
235.4	0.0221092
235.6	0.0221169
235.8	0.0221246
236	0.0221322
236.2	0.0221398
236.4	0.0221475
236.6	0.0221551
236.8	0.0221627
237	0.0221703
237.2	0.0221779
237.4	0.0221854
237.6	0.022193
237.8	0.0222006
238	0.0222081
238.2	0.0222156
238.4	0.0222232
238.6	0.0222307
238.8	0.0222382
239	0.0222457
239.2	0.0222532
239.4	0.0222606
239.6	0.0222681
239.8	0.0222756
240	0.022283
240.2	0.0222904
240.4	0.0222978
240.6	0.0223053
240.8	0.0223127
241	0.0223201
241.2	0.0223274
241.4	0.0223348
241.6	0.0223422
241.8	0.0223495
242	0.0223569
242.2	0.0223642
242.4	0.0223715
242.6	0.0223788
242.8	0.0223861
243	0.0223934
243.2	0.0224007
243.4	0.022408
243.6	0.0224152
243.8	0.0224225
244	0.0224297
244.2	0.022437
244.4	0.0224442
244.6	0.0224514
244.8	0.0224586
245	0.0224658
245.2	0.022473
245.4	0.0224802
245.6	0.0224873
245.8	0.0224945
246	0.0225016
246.2	0.0225088
246.4	0.0225159
246.6	0.022523
246.8	0.0225301
247	0.0225372
247.2	0.0225443
247.4	0.0225514
247.6	0.0225584
247.8	0.0225655
248	0.0225725
248.2	0.0225796
248.4	0.0225866
248.6	0.0225936
248.8	0.0226006
249	0.0226076
249.2	0.0226146
249.4	0.0226216
249.6	0.0226286
249.8	0.0226356
250	0.0226425
250.2	0.0226495
250.4	0.0226564
250.6	0.0226633
250.8	0.0226702
251	0.0226771
251.2	0.022684
251.4	0.0226909
251.6	0.0226978
251.8	0.0227047
252	0.0227115
252.2	0.0227184
252.4	0.0227252
252.6	0.022732
252.8	0.0227389
253	0.0227457
253.2	0.0227525
253.4	0.0227593
253.6	0.0227661
253.8	0.0227728
254	0.0227796
254.2	0.0227864
254.4	0.0227931
254.6	0.0227999
254.8	0.0228066
255	0.0228133
255.2	0.02282
255.4	0.0228267
255.6	0.0228334
255.8	0.0228401
256	0.0228468
256.2	0.0228534
256.4	0.0228601
256.6	0.0228667
256.8	0.0228734
257	0.02288
257.2	0.0228866
257.4	0.0228932
257.6	0.0228998
257.8	0.0229064
258	0.022913
258.2	0.0229196
258.4	0.0229262
258.6	0.0229327
258.8	0.0229393
259	0.0229458
259.2	0.0229523
259.4	0.0229589
259.6	0.0229654
259.8	0.0229719
260	0.0229784
260.2	0.0229849
260.4	0.0229913
260.6	0.0229978
260.8	0.0230043
261	0.0230107
261.2	0.0230172
261.4	0.0230236
261.6	0.02303
261.8	0.0230365
262	0.0230429
262.2	0.0230493
262.4	0.0230556
262.6	0.023062
262.8	0.0230684
263	0.0230748
263.2	0.0230811
263.4	0.0230875
263.6	0.0230938
263.8	0.0231001
264	0.0231065
264.2	0.0231128
264.4	0.0231191
264.6	0.0231254
264.8	0.0231317
265	0.0231379
265.2	0.0231442
265.4	0.0231505
265.6	0.0231567
265.8	0.023163
266	0.0231692
266.2	0.0231754
266.4	0.0231817
266.6	0.0231879
266.8	0.0231941
267	0.0232003
267.2	0.0232064
267.4	0.0232126
267.6	0.0232188
267.8	0.0232249
268	0.0232311
268.2	0.0232372
268.4	0.0232434
268.6	0.0232495
268.8	0.0232556
269	0.0232617
269.2	0.0232678
269.4	0.0232739
269.6	0.02328
269.8	0.0232861
270	0.0232922
270.2	0.0232982
270.4	0.0233043
270.6	0.0233103
270.8	0.0233164
271	0.0233224
271.2	0.0233284
271.4	0.0233344
271.6	0.0233404
271.8	0.0233464
272	0.0233524
272.2	0.0233584
272.4	0.0233643
272.6	0.0233703
272.8	0.0233763
273	0.0233822
273.2	0.0233881
273.4	0.0233941
273.6	0.0234
273.8	0.0234059
274	0.0234118
274.2	0.0234177
274.4	0.0234236
274.6	0.0234295
274.8	0.0234354
275	0.0234412
275.2	0.0234471
275.4	0.0234529
275.6	0.0234588
275.8	0.0234646
276	0.0234704
276.2	0.0234762
276.4	0.0234821
276.6	0.0234879
276.8	0.0234936
277	0.0234994
277.2	0.0235052
277.4	0.023511
277.6	0.0235167
277.8	0.0235225
278	0.0235282
278.2	0.023534
278.4	0.0235397
278.6	0.0235454
278.8	0.0235512
279	0.0235569
279.2	0.0235626
279.4	0.0235683
279.6	0.0235739
279.8	0.0235796
280	0.0235853
280.2	0.0235909
280.4	0.0235966
280.6	0.0236022
280.8	0.0236079
281	0.0236135
281.2	0.0236191
281.4	0.0236248
281.6	0.0236304
281.8	0.023636
282	0.0236416
282.2	0.0236471
282.4	0.0236527
282.6	0.0236583
282.8	0.0236638
283	0.0236694
283.2	0.0236749
283.4	0.0236805
283.6	0.023686
283.8	0.0236915
284	0.0236971
284.2	0.0237026
284.4	0.0237081
284.6	0.0237136
284.8	0.023719
285	0.0237245
285.2	0.02373
285.4	0.0237355
285.6	0.0237409
285.8	0.0237464
286	0.0237518
286.2	0.0237572
286.4	0.0237627
286.6	0.0237681
286.8	0.0237735
287	0.0237789
287.2	0.0237843
287.4	0.0237897
287.6	0.0237951
287.8	0.0238005
288	0.0238058
288.2	0.0238112
288.4	0.0238165
288.6	0.0238219
288.8	0.0238272
289	0.0238326
289.2	0.0238379
289.4	0.0238432
289.6	0.0238485
289.8	0.0238538
290	0.0238591
290.2	0.0238644
290.4	0.0238697
290.6	0.023875
290.8	0.0238802
291	0.0238855
291.2	0.0238907
291.4	0.023896
291.6	0.0239012
291.8	0.0239064
292	0.0239117
292.2	0.0239169
292.4	0.0239221
292.6	0.0239273
292.8	0.0239325
293	0.0239377
293.2	0.0239429
293.4	0.023948
293.6	0.0239532
293.8	0.0239584
294	0.0239635
294.2	0.0239687
294.4	0.0239738
294.6	0.0239789
294.8	0.0239841
295	0.0239892
295.2	0.0239943
295.4	0.0239994
295.6	0.0240045
295.8	0.0240096
296	0.0240147
296.2	0.0240197
296.4	0.0240248
296.6	0.0240299
296.8	0.0240349
297	0.02404
297.2	0.024045
297.4	0.0240501
297.6	0.0240551
297.8	0.0240601
298	0.0240651
298.2	0.0240701
298.4	0.0240751
298.6	0.0240801
298.8	0.0240851
299	0.0240901
299.2	0.0240951
299.4	0.0241
299.6	0.024105
299.8	0.0241099
300	0.0241149
300.2	0.024121
300.4	0.0241287
300.6	0.0241379
300.8	0.0241487
301	0.0241609
301.2	0.0241746
301.4	0.0241898
301.6	0.0242065
301.8	0.0242246
302	0.0242442
302.2	0.0242652
302.4	0.0242876
302.6	0.0243114
302.8	0.0243365
303	0.0243631
303.2	0.0243911
303.4	0.0244204
303.6	0.0244511
303.8	0.0244831
304	0.0245165
304.2	0.0245513
304.4	0.0245873
304.6	0.0246247
304.8	0.0246634
305	0.0247034
305.2	0.0247448
305.4	0.0247874
305.6	0.0248313
305.8	0.0248765
306	0.024923
306.2	0.0249707
306.4	0.0250197
306.6	0.02507
306.8	0.0251215
307	0.0251742
307.2	0.0252282
307.4	0.0252835
307.6	0.0253399
307.8	0.0253976
308	0.0254564
308.2	0.0255165
308.4	0.0255777
308.6	0.0256402
308.8	0.0257038
309	0.0257685
309.2	0.0258345
309.4	0.0259015
309.6	0.0259698
309.8	0.0260391
310	0.0261096
310.2	0.0261812
310.4	0.0262539
310.6	0.0263277
310.8	0.0264027
311	0.0264787
311.2	0.0265557
311.4	0.0266339
311.6	0.0267131
311.8	0.0267934
312	0.0268747
312.2	0.0269571
312.4	0.0270405
312.6	0.0271249
312.8	0.0272103
313	0.0272968
313.2	0.0273843
313.4	0.0274728
313.6	0.0275623
313.8	0.0276528
314	0.0277443
314.2	0.0278368
314.4	0.0279303
314.6	0.0280247
314.8	0.0281202
315	0.0282166
315.2	0.0283141
315.4	0.0284125
315.6	0.0285119
315.8	0.0286123
316	0.0287136
316.2	0.028816
316.4	0.0289194
316.6	0.0290238
316.8	0.0291292
317	0.0292356
317.2	0.0293431
317.4	0.0294516
317.6	0.0295612
317.8	0.0296719
318	0.0297837
318.2	0.0298965
318.4	0.0300106
318.6	0.0301258
318.8	0.0302422
319	0.0303598
319.2	0.0304787
319.4	0.0305989
319.6	0.0307205
319.8	0.0308435
320	0.030968
320.2	0.031094
320.4	0.0312217
320.6	0.0313512
320.8	0.0314825
321	0.0316158
321.2	0.0317512
321.4	0.031889
321.6	0.0320293
321.8	0.0321726
322	0.032319
322.2	0.0324691
322.4	0.0326235
322.6	0.032783
322.8	0.0329489
323	0.0331227
323.2	0.0333075
323.4	0.0335083
323.6	0.0337367
323.8	0.0340276
324	0.0346345
324.2	0.0451251
324.4	0.0760016
324.6	0.0965789
324.8	0.10381
325	0.105787
325.2	0.1063
325.4	0.106396
325.6	0.106383
325.8	0.106332
326	0.106264
326.2	0.10619
326.4	0.106113
326.6	0.106037
326.8	0.105962
327	0.10589
327.2	0.105819
327.4	0.105751
327.6	0.105686
327.8	0.105623
328	0.105562
328.2	0.105503
328.4	0.105447
328.6	0.105393
328.8	0.105341
329	0.105291
329.2	0.105244
329.4	0.105198
329.6	0.105154
329.8	0.105112
330	0.105072
330.2	0.105034
330.4	0.104998
330.6	0.104963
330.8	0.10493
331	0.104899
331.2	0.10487
331.4	0.104842
331.6	0.104816
331.8	0.104791
332	0.104768
332.2	0.104746
332.4	0.104726
332.6	0.104708
332.8	0.10469
333	0.104675
333.2	0.10466
333.4	0.104647
333.6	0.104636
333.8	0.104625
334	0.104616
334.2	0.104608
334.4	0.104602
334.6	0.104596
334.8	0.104592
335	0.104589
335.2	0.104588
335.4	0.104587
335.6	0.104588
335.8	0.104589
336	0.104592
336.2	0.104596
336.4	0.104601
336.6	0.104607
336.8	0.104614
337	0.104622
337.2	0.104631
337.4	0.104641
337.6	0.104652
337.8	0.104664
338	0.104677
338.2	0.104691
338.4	0.104706
338.6	0.104721
338.8	0.104738
339	0.104755
339.2	0.104773
339.4	0.104793
339.6	0.104812
339.8	0.104833
340	0.104855
340.2	0.104877
340.4	0.1049
340.6	0.104924
340.8	0.104949
341	0.104975
341.2	0.105001
341.4	0.105028
341.6	0.105056
341.8	0.105084
342	0.105113
342.2	0.105143
342.4	0.105174
342.6	0.105205
342.8	0.105237
343	0.10527
343.2	0.105303
343.4	0.105337
343.6	0.105371
343.8	0.105407
344	0.105443
344.2	0.105479
344.4	0.105516
344.6	0.105554
344.8	0.105593
345	0.105632
345.2	0.105671
345.4	0.105712
345.6	0.105753
345.8	0.105794
346	0.105836
346.2	0.105879
346.4	0.105922
346.6	0.105966
346.8	0.106011
347	0.106056
347.2	0.106102
347.4	0.106148
347.6	0.106195
347.8	0.106242
348	0.10629
348.2	0.106339
348.4	0.106388
348.6	0.106438
348.8	0.106489
349	0.10654
349.2	0.106592
349.4	0.106644
349.6	0.106697
349.8	0.10675
350	0.106804
350.2	0.106859
350.4	0.106915
350.6	0.106971
350.8	0.107028
351	0.107085
351.2	0.107143
351.4	0.107202
351.6	0.107262
351.8	0.107322
352	0.107383
352.2	0.107445
352.4	0.107507
352.6	0.10757
352.8	0.107635
353	0.1077
353.2	0.107765
353.4	0.107832
353.6	0.1079
353.8	0.107969
354	0.108038
354.2	0.108109
354.4	0.108181
354.6	0.108254
354.8	0.108328
355	0.108404
355.2	0.108481
355.4	0.108559
355.6	0.108639
355.8	0.108721
356	0.108805
356.2	0.108891
356.4	0.108979
356.6	0.10907
356.8	0.109164
357	0.109261
357.2	0.109363
357.4	0.109469
357.6	0.109581
357.8	0.109701
358	0.109831
358.2	0.109977
358.4	0.11015
358.6	0.110384
358.8	0.110937
359	0.121192
359.2	0.149615
359.4	0.168088
359.6	0.174499
359.8	0.176235
360	0.176657
360.2	0.176694
360.4	0.176619
360.6	0.176497
360.8	0.176352
361	0.176198
361.2	0.17604
361.4	0.175884
361.6	0.175729
361.8	0.175577
362	0.175427
362.2	0.175282
362.4	0.175139
362.6	0.174999
362.8	0.174863
363	0.17473
363.2	0.174599
363.4	0.174471
363.6	0.174346
363.8	0.174224
364	0.174104
364.2	0.173987
364.4	0.173872
364.6	0.17376
364.8	0.17365
365	0.173542
365.2	0.173437
365.4	0.173334
365.6	0.173232
365.8	0.173133
366	0.173036
366.2	0.17294
366.4	0.172847
366.6	0.172756
366.8	0.172666
367	0.172578
367.2	0.172492
367.4	0.172407
367.6	0.172324
367.8	0.172243
368	0.172163
368.2	0.172085
368.4	0.172008
368.6	0.171933
368.8	0.171859
369	0.171786
369.2	0.171715
369.4	0.171646
369.6	0.171577
369.8	0.17151
370	0.171445
370.2	0.17138
370.4	0.171317
370.6	0.171254
370.8	0.171193
371	0.171134
371.2	0.171075
371.4	0.171017
371.6	0.170961
371.8	0.170905
372	0.170851
372.2	0.170797
372.4	0.170745
372.6	0.170693
372.8	0.170643
373	0.170593
373.2	0.170544
373.4	0.170496
373.6	0.17045
373.8	0.170404
374	0.170358
374.2	0.170314
374.4	0.17027
374.6	0.170228
374.8	0.170186
375	0.170144
375.2	0.170104
375.4	0.170064
375.6	0.170025
375.8	0.169987
376	0.16995
376.2	0.169913
376.4	0.169877
376.6	0.169841
376.8	0.169806
377	0.169772
377.2	0.169739
377.4	0.169706
377.6	0.169673
377.8	0.169642
378	0.169611
378.2	0.16958
378.4	0.16955
378.6	0.169521
378.8	0.169492
379	0.169464
379.2	0.169436
379.4	0.169409
379.6	0.169382
379.8	0.169356
380	0.16933
380.2	0.169305
380.4	0.16928
380.6	0.169256
380.8	0.169232
381	0.169209
381.2	0.169186
381.4	0.169164
381.6	0.169142
381.8	0.16912
382	0.169099
382.2	0.169079
382.4	0.169059
382.6	0.169039
382.8	0.169019
383	0.169
383.2	0.168982
383.4	0.168964
383.6	0.168946
383.8	0.168928
384	0.168911
384.2	0.168895
384.4	0.168878
384.6	0.168862
384.8	0.168847
385	0.168831
385.2	0.168816
385.4	0.168802
385.6	0.168788
385.8	0.168774
386	0.16876
386.2	0.168747
386.4	0.168734
386.6	0.168721
386.8	0.168709
387	0.168697
387.2	0.168686
387.4	0.168674
387.6	0.168663
387.8	0.168652
388	0.168642
388.2	0.168632
388.4	0.168622
388.6	0.168612
388.8	0.168603
389	0.168594
389.2	0.168585
389.4	0.168577
389.6	0.168568
389.8	0.168561
390	0.168553
390.2	0.168545
390.4	0.168538
390.6	0.168531
390.8	0.168525
391	0.168518
391.2	0.168512
391.4	0.168506
391.6	0.168501
391.8	0.168495
392	0.16849
392.2	0.168485
392.4	0.168481
392.6	0.168476
392.8	0.168472
393	0.168468
393.2	0.168465
393.4	0.168461
393.6	0.168458
393.8	0.168455
394	0.168452
394.2	0.16845
394.4	0.168448
394.6	0.168445
394.8	0.168444
395	0.168442
395.2	0.168441
395.4	0.168439
395.6	0.168439
395.8	0.168438
396	0.168437
396.2	0.168437
396.4	0.168437
396.6	0.168437
396.8	0.168437
397	0.168438
397.2	0.168439
397.4	0.16844
397.6	0.168441
397.8	0.168442
398	0.168444
398.2	0.168446
398.4	0.168448
398.6	0.16845
398.8	0.168453
399	0.168456
399.2	0.168458
399.4	0.168462
399.6	0.168465
399.8	0.168469
400	0.168472
400.2	0.168476
400.4	0.16848
400.6	0.168485
400.8	0.168489
401	0.168494
401.2	0.168499
401.4	0.168505
401.6	0.16851
401.8	0.168516
402	0.168522
402.2	0.168528
402.4	0.168534
402.6	0.168541
402.8	0.168547
403	0.168554
403.2	0.168562
403.4	0.168569
403.6	0.168577
403.8	0.168584
404	0.168593
404.2	0.168601
404.4	0.168609
404.6	0.168618
404.8	0.168627
405	0.168636
405.2	0.168646
405.4	0.168655
405.6	0.168665
405.8	0.168676
406	0.168686
406.2	0.168697
406.4	0.168708
406.6	0.168719
406.8	0.16873
407	0.168742
407.2	0.168754
407.4	0.168766
407.6	0.168778
407.8	0.168791
408	0.168804
408.2	0.168817
408.4	0.168831
408.6	0.168844
408.8	0.168858
409	0.168873
409.2	0.168887
409.4	0.168902
409.6	0.168918
409.8	0.168933
410	0.168949
410.2	0.168965
410.4	0.168982
410.6	0.168999
410.8	0.169016
411	0.169033
411.2	0.169051
411.4	0.16907
411.6	0.169088
411.8	0.169107
412	0.169127
412.2	0.169147
412.4	0.169167
412.6	0.169188
412.8	0.169209
413	0.16923
413.2	0.169252
413.4	0.169275
413.6	0.169298
413.8	0.169321
414	0.169346
414.2	0.16937
414.4	0.169396
414.6	0.169421
414.8	0.169448
415	0.169475
415.2	0.169503
415.4	0.169531
415.6	0.169561
415.8	0.169591
416	0.169622
416.2	0.169654
416.4	0.169687
416.6	0.169721
416.8	0.169756
417	0.169792
417.2	0.16983
417.4	0.169869
417.6	0.169909
417.8	0.169951
418	0.169995
418.2	0.170041
418.4	0.17009
418.6	0.170141
418.8	0.170195
419	0.170253
419.2	0.170315
419.4	0.170382
419.6	0.170456
419.8	0.170539
420	0.170635
420.2	0.170752
420.4	0.170912
420.6	0.171218
420.8	0.17466
421	0.198913
421.2	0.220892
421.4	0.229973
421.6	0.232561
421.8	0.233207
422	0.233285
422.2	0.233192
422.4	0.233027
422.6	0.232827
422.8	0.23261
423	0.232387
423.2	0.232163
423.4	0.231941
423.6	0.231721
423.8	0.231506
424	0.231294
424.2	0.231086
424.4	0.230881
424.6	0.230681
424.8	0.230483
425	0.23029
425.2	0.230099
425.4	0.229912
425.6	0.229728
425.8	0.229547
426	0.229369
426.2	0.229194
426.4	0.229022
426.6	0.228852
426.8	0.228685
427	0.22852
427.2	0.228358
427.4	0.228199
427.6	0.228042
427.8	0.227887
428	0.227734
428.2	0.227583
428.4	0.227435
428.6	0.227288
428.8	0.227144
429	0.227001
429.2	0.226861
429.4	0.226722
429.6	0.226585
429.8	0.22645
430	0.226316
430.2	0.226184
430.4	0.226054
430.6	0.225925
430.8	0.225798
431	0.225672
431.2	0.225548
431.4	0.225426
431.6	0.225304
431.8	0.225184
432	0.225066
432.2	0.224949
432.4	0.224833
432.6	0.224718
432.8	0.224605
433	0.224492
433.2	0.224381
433.4	0.224271
433.6	0.224162
433.8	0.224055
434	0.223948
434.2	0.223842
434.4	0.223738
434.6	0.223634
434.8	0.223532
435	0.22343
435.2	0.223329
435.4	0.223229
435.6	0.223131
435.8	0.223033
436	0.222936
436.2	0.222839
436.4	0.222744
436.6	0.222649
436.8	0.222556
437	0.222463
437.2	0.22237
437.4	0.222279
437.6	0.222188
437.8	0.222098
438	0.222009
438.2	0.22192
438.4	0.221832
438.6	0.221745
438.8	0.221659
439	0.221573
439.2	0.221487
439.4	0.221403
439.6	0.221319
439.8	0.221235
440	0.221152
440.2	0.22107
440.4	0.220988
440.6	0.220907
440.8	0.220826
441	0.220746
441.2	0.220667
441.4	0.220588
441.6	0.220509
441.8	0.220431
442	0.220353
442.2	0.220276
442.4	0.2202
442.6	0.220124
442.8	0.220048
443	0.219973
443.2	0.219898
443.4	0.219824
443.6	0.21975
443.8	0.219676
444	0.219603
444.2	0.21953
444.4	0.219458
444.6	0.219386
444.8	0.219315
445	0.219244
445.2	0.219173
445.4	0.219102
445.6	0.219032
445.8	0.218963
446	0.218893
446.2	0.218824
446.4	0.218756
446.6	0.218687
446.8	0.218619
447	0.218552
447.2	0.218484
447.4	0.218417
447.6	0.218351
447.8	0.218284
448	0.218218
448.2	0.218152
448.4	0.218087
448.6	0.218022
448.8	0.217957
449	0.217892
449.2	0.217828
449.4	0.217764
449.6	0.2177
449.8	0.217636
450	0.217573
450.2	0.21751
450.4	0.217447
450.6	0.217384
450.8	0.217322
451	0.21726
451.2	0.217198
451.4	0.217136
451.6	0.217075
451.8	0.217014
452	0.216953
452.2	0.216892
452.4	0.216832
452.6	0.216772
452.8	0.216712
453	0.216652
453.2	0.216592
453.4	0.216533
453.6	0.216474
453.8	0.216415
454	0.216356
454.2	0.216297
454.4	0.216239
454.6	0.216181
454.8	0.216123
455	0.216065
455.2	0.216007
455.4	0.21595
455.6	0.215892
455.8	0.215835
456	0.215778
456.2	0.215722
456.4	0.215665
456.6	0.215609
456.8	0.215552
457	0.215496
457.2	0.215441
457.4	0.215385
457.6	0.215329
457.8	0.215274
458	0.215219
458.2	0.215164
458.4	0.215109
458.6	0.215054
458.8	0.214999
459	0.214945
459.2	0.21489
459.4	0.214836
459.6	0.214782
459.8	0.214728
460	0.214675
460.2	0.214621
460.4	0.214568
460.6	0.214514
460.8	0.214461
461	0.214408
461.2	0.214355
461.4	0.214302
461.6	0.21425
461.8	0.214197
462	0.214145
462.2	0.214093
462.4	0.214041
462.6	0.213989
462.8	0.213937
463	0.213885
463.2	0.213834
463.4	0.213782
463.6	0.213731
463.8	0.213679
464	0.213628
464.2	0.213577
464.4	0.213527
464.6	0.213476
464.8	0.213425
465	0.213375
465.2	0.213324
465.4	0.213274
465.6	0.213224
465.8	0.213174
466	0.213124
466.2	0.213074
466.4	0.213024
466.6	0.212975
466.8	0.212925
467	0.212876
467.2	0.212826
467.4	0.212777
467.6	0.212728
467.8	0.212679
468	0.21263
468.2	0.212581
468.4	0.212533
468.6	0.212484
468.8	0.212436
469	0.212387
469.2	0.212339
469.4	0.212291
469.6	0.212243
469.8	0.212195
470	0.212147
470.2	0.212099
470.4	0.212051
470.6	0.212004
470.8	0.211956
471	0.211909
471.2	0.211861
471.4	0.211814
471.6	0.211767
471.8	0.21172
472	0.211673
472.2	0.211626
472.4	0.211579
472.6	0.211533
472.8	0.211486
473	0.21144
473.2	0.211393
473.4	0.211347
473.6	0.211301
473.8	0.211255
474	0.211208
474.2	0.211162
474.4	0.211117
474.6	0.211071
474.8	0.211025
475	0.210979
475.2	0.210934
475.4	0.210888
475.6	0.210843
475.8	0.210798
476	0.210752
476.2	0.210707
476.4	0.210662
476.6	0.210617
476.8	0.210572
477	0.210527
477.2	0.210483
477.4	0.210438
477.6	0.210393
477.8	0.210349
478	0.210304
478.2	0.21026
478.4	0.210216
478.6	0.210172
478.8	0.210127
479	0.210083
479.2	0.210039
479.4	0.209995
479.6	0.209952
479.8	0.209908
480	0.209864
480.2	0.209821
480.4	0.209777
480.6	0.209734
480.8	0.20969
481	0.209647
481.2	0.209604
481.4	0.20956
481.6	0.209517
481.8	0.209474
482	0.209431
482.2	0.209388
482.4	0.209346
482.6	0.209303
482.8	0.20926
483	0.209218
483.2	0.209175
483.4	0.209133
483.6	0.20909
483.8	0.209048
484	0.209006
484.2	0.208964
484.4	0.208921
484.6	0.208879
484.8	0.208837
485	0.208795
485.2	0.208754
485.4	0.208712
485.6	0.20867
485.8	0.208629
486	0.208587
486.2	0.208545
486.4	0.208504
486.6	0.208463
486.8	0.208421
487	0.20838
487.2	0.208339
487.4	0.208298
487.6	0.208257
487.8	0.208216
488	0.208175
488.2	0.208134
488.4	0.208093
488.6	0.208052
488.8	0.208012
489	0.207971
489.2	0.207931
489.4	0.20789
489.6	0.20785
489.8	0.207809
490	0.207769
490.2	0.207729
490.4	0.207689
490.6	0.207649
490.8	0.207609
491	0.207569
491.2	0.207529
491.4	0.207489
491.6	0.207449
491.8	0.20741
492	0.20737
492.2	0.20733
492.4	0.207291
492.6	0.207251
492.8	0.207212
493	0.207173
493.2	0.207133
493.4	0.207094
493.6	0.207055
493.8	0.207016
494	0.206977
494.2	0.206938
494.4	0.206899
494.6	0.20686
494.8	0.206821
495	0.206782
495.2	0.206744
495.4	0.206705
495.6	0.206666
495.8	0.206628
496	0.206589
496.2	0.206551
496.4	0.206513
496.6	0.206474
496.8	0.206436
497	0.206398
497.2	0.20636
497.4	0.206322
497.6	0.206284
497.8	0.206246
498	0.206208
498.2	0.20617
498.4	0.206132
498.6	0.206095
498.8	0.206057
499	0.20602
499.2	0.205982
499.4	0.205944
499.6	0.205907
499.8	0.20587
500	0.205832
500.2	0.205795
500.4	0.205758
500.6	0.205721
500.8	0.205684
501	0.205647
501.2	0.20561
501.4	0.205573
501.6	0.205536
501.8	0.205499
502	0.205462
502.2	0.205426
502.4	0.205389
502.6	0.205352
502.8	0.205316
503	0.205279
503.2	0.205243
503.4	0.205207
503.6	0.20517
503.8	0.205134
504	0.205098
504.2	0.205062
504.4	0.205026
504.6	0.20499
504.8	0.204954
505	0.204918
505.2	0.204882
505.4	0.204846
505.6	0.20481
505.8	0.204774
506	0.204739
506.2	0.204703
506.4	0.204668
506.6	0.204632
506.8	0.204597
507	0.204561
507.2	0.204526
507.4	0.204491
507.6	0.204455
507.8	0.20442
508	0.204385
508.2	0.20435
508.4	0.204315
508.6	0.20428
508.8	0.204245
509	0.20421
509.2	0.204175
509.4	0.204141
509.6	0.204106
509.8	0.204071
510	0.204037
510.2	0.204002
510.4	0.203967
510.6	0.203933
510.8	0.203899
511	0.203864
511.2	0.20383
511.4	0.203796
511.6	0.203762
511.8	0.203727
512	0.203693
512.2	0.203659
512.4	0.203625
512.6	0.203591
512.8	0.203557
513	0.203524
513.2	0.20349
513.4	0.203456
513.6	0.203422
513.8	0.203389
514	0.203355
514.2	0.203322
514.4	0.203288
514.6	0.203255
514.8	0.203221
515	0.203188
515.2	0.203155
515.4	0.203121
515.6	0.203088
515.8	0.203055
516	0.203022
516.2	0.202989
516.4	0.202956
516.6	0.202923
516.8	0.20289
517	0.202857
517.2	0.202825
517.4	0.202792
517.6	0.202759
517.8	0.202727
518	0.202694
518.2	0.202661
518.4	0.202629
518.6	0.202597
518.8	0.202564
519	0.202532
519.2	0.2025
519.4	0.202467
519.6	0.202435
519.8	0.202403
520	0.202371
520.2	0.202339
520.4	0.202307
520.6	0.202275
520.8	0.202243
521	0.202211
521.2	0.202179
521.4	0.202148
521.6	0.202116
521.8	0.202084
522	0.202053
522.2	0.202021
522.4	0.20199
522.6	0.201958
522.8	0.201927
523	0.201895
523.2	0.201864
523.4	0.201833
523.6	0.201802
523.8	0.20177
524	0.201739
524.2	0.201708
524.4	0.201677
524.6	0.201646
524.8	0.201615
525	0.201584
525.2	0.201553
525.4	0.201523
525.6	0.201492
525.8	0.201461
526	0.201431
526.2	0.2014
526.4	0.201369
526.6	0.201339
526.8	0.201309
527	0.201278
527.2	0.201248
527.4	0.201217
527.6	0.201187
527.8	0.201157
528	0.201127
528.2	0.201097
528.4	0.201067
528.6	0.201037
528.8	0.201007
529	0.200977
529.2	0.200947
529.4	0.200917
529.6	0.200887
529.8	0.200857
530	0.200828
530.2	0.200798
530.4	0.200768
530.6	0.200739
530.8	0.200709
531	0.20068
531.2	0.20065
531.4	0.200621
531.6	0.200592
531.8	0.200562
532	0.200533
532.2	0.200504
532.4	0.200475
532.6	0.200446
532.8	0.200417
533	0.200388
533.2	0.200359
533.4	0.20033
533.6	0.200301
533.8	0.200272
534	0.200243
534.2	0.200215
534.4	0.200186
534.6	0.200157
534.8	0.200129
535	0.2001
535.2	0.200072
535.4	0.200043
535.6	0.200015
535.8	0.199986
536	0.199958
536.2	0.19993
536.4	0.199902
536.6	0.199873
536.8	0.199845
537	0.199817
537.2	0.199789
537.4	0.199761
537.6	0.199733
537.8	0.199705
538	0.199677
538.2	0.19965
538.4	0.199622
538.6	0.199594
538.8	0.199566
539	0.199539
539.2	0.199511
539.4	0.199484
539.6	0.199456
539.8	0.199429
540	0.199401
540.2	0.199374
540.4	0.199347
540.6	0.199319
540.8	0.199292
541	0.199265
541.2	0.199238
541.4	0.199211
541.6	0.199184
541.8	0.199157
542	0.19913
542.2	0.199103
542.4	0.199076
542.6	0.199049
542.8	0.199022
543	0.198995
543.2	0.198969
543.4	0.198942
543.6	0.198915
543.8	0.198889
544	0.198862
544.2	0.198836
544.4	0.198809
544.6	0.198783
544.8	0.198757
545	0.19873
545.2	0.198704
545.4	0.198678
545.6	0.198652
545.8	0.198626
546	0.1986
546.2	0.198574
546.4	0.198548
546.6	0.198522
546.8	0.198496
547	0.19847
547.2	0.198444
547.4	0.198418
547.6	0.198393
547.8	0.198367
548	0.198341
548.2	0.198316
548.4	0.19829
548.6	0.198265
548.8	0.198239
549	0.198214
549.2	0.198188
549.4	0.198163
549.6	0.198138
549.8	0.198113
550	0.198087
550.2	0.198062
550.4	0.198037
550.6	0.198012
550.8	0.197987
551	0.197962
551.2	0.197937
551.4	0.197912
551.6	0.197887
551.8	0.197863
552	0.197838
552.2	0.197813
552.4	0.197788
552.6	0.197764
552.8	0.197739
553	0.197715
553.2	0.19769
553.4	0.197666
553.6	0.197641
553.8	0.197617
554	0.197593
554.2	0.197568
554.4	0.197544
554.6	0.19752
554.8	0.197496
555	0.197472
555.2	0.197448
555.4	0.197423
555.6	0.197399
555.8	0.197376
556	0.197352
556.2	0.197328
556.4	0.197304
556.6	0.19728
556.8	0.197257
557	0.197233
557.2	0.197209
557.4	0.197186
557.6	0.197162
557.8	0.197139
558	0.197115
558.2	0.197092
558.4	0.197068
558.6	0.197045
558.8	0.197022
559	0.196998
559.2	0.196975
559.4	0.196952
559.6	0.196929
559.8	0.196906
560	0.196883
560.2	0.19686
560.4	0.196837
560.6	0.196814
560.8	0.196791
561	0.196768
561.2	0.196745
561.4	0.196723
561.6	0.1967
561.8	0.196677
562	0.196655
562.2	0.196632
562.4	0.19661
562.6	0.196587
562.8	0.196565
563	0.196542
563.2	0.19652
563.4	0.196498
563.6	0.196475
563.8	0.196453
564	0.196431
564.2	0.196409
564.4	0.196387
564.6	0.196365
564.8	0.196343
565	0.196321
565.2	0.196299
565.4	0.196277
565.6	0.196255
565.8	0.196233
566	0.196212
566.2	0.19619
566.4	0.196168
566.6	0.196147
566.8	0.196125
567	0.196103
567.2	0.196082
567.4	0.19606
567.6	0.196039
567.8	0.196018
568	0.195996
568.2	0.195975
568.4	0.195954
568.6	0.195933
568.8	0.195911
569	0.19589
569.2	0.195869
569.4	0.195848
569.6	0.195827
569.8	0.195806
570	0.195785
570.2	0.195764
570.4	0.195744
570.6	0.195723
570.8	0.195702
571	0.195681
571.2	0.195661
571.4	0.19564
571.6	0.19562
571.8	0.195599
572	0.195579
572.2	0.195558
572.4	0.195538
572.6	0.195517
572.8	0.195497
573	0.195477
573.2	0.195457
573.4	0.195436
573.6	0.195416
573.8	0.195396
574	0.195376
574.2	0.195356
574.4	0.195336
574.6	0.195316
574.8	0.195296
575	0.195276
575.2	0.195257
575.4	0.195237
575.6	0.195217
575.8	0.195198
576	0.195178
576.2	0.195158
576.4	0.195139
576.6	0.195119
576.8	0.1951
577	0.19508
577.2	0.195061
577.4	0.195042
577.6	0.195022
577.8	0.195003
578	0.194984
578.2	0.194965
578.4	0.194946
578.6	0.194927
578.8	0.194907
579	0.194888
579.2	0.19487
579.4	0.194851
579.6	0.194832
579.8	0.194813
580	0.194794
580.2	0.194775
580.4	0.194757
580.6	0.194738
580.8	0.194719
581	0.194701
581.2	0.194682
581.4	0.194664
581.6	0.194645
581.8	0.194627
582	0.194609
582.2	0.19459
582.4	0.194572
582.6	0.194554
582.8	0.194536
583	0.194518
583.2	0.194499
583.4	0.194481
583.6	0.194463
583.8	0.194445
584	0.194427
584.2	0.19441
584.4	0.194392
584.6	0.194374
584.8	0.194356
585	0.194339
585.2	0.194321
585.4	0.194303
585.6	0.194286
585.8	0.194268
586	0.194251
586.2	0.194233
586.4	0.194216
586.6	0.194198
586.8	0.194181
587	0.194164
587.2	0.194147
587.4	0.194129
587.6	0.194112
587.8	0.194095
588	0.194078
588.2	0.194061
588.4	0.194044
588.6	0.194027
588.8	0.19401
589	0.193993
589.2	0.193977
589.4	0.19396
589.6	0.193943
589.8	0.193927
590	0.19391
590.2	0.193893
590.4	0.193877
590.6	0.19386
590.8	0.193844
591	0.193827
591.2	0.193811
591.4	0.193795
591.6	0.193778
591.8	0.193762
592	0.193746
592.2	0.19373
592.4	0.193714
592.6	0.193698
592.8	0.193682
593	0.193666
593.2	0.19365
593.4	0.193634
593.6	0.193618
593.8	0.193602
594	0.193587
594.2	0.193571
594.4	0.193555
594.6	0.19354
594.8	0.193524
595	0.193509
595.2	0.193493
595.4	0.193478
595.6	0.193462
595.8	0.193447
596	0.193432
596.2	0.193417
596.4	0.193401
596.6	0.193386
596.8	0.193371
597	0.193356
597.2	0.193341
597.4	0.193326
597.6	0.193311
597.8	0.193296
598	0.193282
598.2	0.193267
598.4	0.193252
598.6	0.193237
598.8	0.193223
599	0.193208
599.2	0.193193
599.4	0.193179
599.6	0.193165
599.8	0.19315
600	0.193136
600.2	0.193121
600.4	0.193107
600.6	0.193093
600.8	0.193079
601	0.193065
601.2	0.193051
601.4	0.193036
601.6	0.193023
601.8	0.193009
602	0.192995
602.2	0.192981
602.4	0.192967
602.6	0.192953
602.8	0.19294
603	0.192926
603.2	0.192912
603.4	0.192899
603.6	0.192885
603.8	0.192872
604	0.192858
604.2	0.192845
604.4	0.192832
604.6	0.192818
604.8	0.192805
605	0.192792
605.2	0.192779
605.4	0.192766
605.6	0.192753
605.8	0.19274
606	0.192727
606.2	0.192714
606.4	0.192701
606.6	0.192688
606.8	0.192676
607	0.192663
607.2	0.19265
607.4	0.192638
607.6	0.192625
607.8	0.192613
608	0.1926
608.2	0.192588
608.4	0.192576
608.6	0.192563
608.8	0.192551
609	0.192539
609.2	0.192527
609.4	0.192515
609.6	0.192503
609.8	0.192491
610	0.192479
610.2	0.192467
610.4	0.192455
610.6	0.192444
610.8	0.192432
611	0.19242
611.2	0.192409
611.4	0.192397
611.6	0.192386
611.8	0.192374
612	0.192363
612.2	0.192351
612.4	0.19234
612.6	0.192329
612.8	0.192318
613	0.192307
613.2	0.192296
613.4	0.192285
613.6	0.192274
613.8	0.192263
614	0.192252
614.2	0.192241
614.4	0.19223
614.6	0.19222
614.8	0.192209
615	0.192199
615.2	0.192188
615.4	0.192178
615.6	0.192167
615.8	0.192157
616	0.192147
616.2	0.192137
616.4	0.192126
616.6	0.192116
616.8	0.192106
617	0.192096
617.2	0.192086
617.4	0.192077
617.6	0.192067
617.8	0.192057
618	0.192047
618.2	0.192038
618.4	0.192028
618.6	0.192019
618.8	0.192009
619	0.192
619.2	0.191991
619.4	0.191982
619.6	0.191972
619.8	0.191963
620	0.191954
620.2	0.191945
620.4	0.191936
620.6	0.191927
620.8	0.191919
621	0.19191
621.2	0.191901
621.4	0.191893
621.6	0.191884
621.8	0.191876
622	0.191867
622.2	0.191859
622.4	0.191851
622.6	0.191843
622.8	0.191835
623	0.191827
623.2	0.191819
623.4	0.191811
623.6	0.191803
623.8	0.191795
624	0.191787
624.2	0.19178
624.4	0.191772
624.6	0.191765
624.8	0.191757
625	0.19175
625.2	0.191743
625.4	0.191736
625.6	0.191729
625.8	0.191722
626	0.191715
626.2	0.191708
626.4	0.191701
626.6	0.191694
626.8	0.191688
627	0.191681
627.2	0.191675
627.4	0.191668
627.6	0.191662
627.8	0.191656
628	0.19165
628.2	0.191644
628.4	0.191638
628.6	0.191632
628.8	0.191626
629	0.19162
629.2	0.191615
629.4	0.191609
629.6	0.191604
629.8	0.191599
630	0.191593
630.2	0.191588
630.4	0.191583
630.6	0.191578
630.8	0.191573
631	0.191569
631.2	0.191564
631.4	0.191559
631.6	0.191555
631.8	0.191551
632	0.191546
632.2	0.191542
632.4	0.191538
632.6	0.191534
632.8	0.19153
633	0.191527
633.2	0.191523
633.4	0.191519
633.6	0.191516
633.8	0.191513
634	0.19151
634.2	0.191507
634.4	0.191504
634.6	0.191501
634.8	0.191498
635	0.191496
635.2	0.191493
635.4	0.191491
635.6	0.191489
635.8	0.191487
636	0.191485
636.2	0.191483
636.4	0.191481
636.6	0.19148
636.8	0.191478
637	0.191477
637.2	0.191476
637.4	0.191475
637.6	0.191475
637.8	0.191474
638	0.191473
638.2	0.191473
638.4	0.191473
638.6	0.191473
638.8	0.191473
639	0.191474
639.2	0.191474
639.4	0.191475
639.6	0.191476
639.8	0.191477
640	0.191478
640.2	0.19148
640.4	0.191481
640.6	0.191483
640.8	0.191485
641	0.191488
641.2	0.19149
641.4	0.191493
641.6	0.191496
641.8	0.191499
642	0.191503
642.2	0.191506
642.4	0.19151
642.6	0.191515
642.8	0.191519
643	0.191524
643.2	0.191529
643.4	0.191534
643.6	0.19154
643.8	0.191546
644	0.191552
644.2	0.191559
644.4	0.191566
644.6	0.191573
644.8	0.191581
645	0.191589
645.2	0.191597
645.4	0.191606
645.6	0.191616
645.8	0.191625
646	0.191635
646.2	0.191646
646.4	0.191657
646.6	0.191669
646.8	0.191681
647	0.191694
647.2	0.191708
647.4	0.191722
647.6	0.191737
647.8	0.191752
648	0.191769
648.2	0.191786
648.4	0.191804
648.6	0.191823
648.8	0.191843
649	0.191864
649.2	0.191886
649.4	0.191909
649.6	0.191934
649.8	0.19196
650	0.191988
650.2	0.192018
650.4	0.19205
650.6	0.192085
650.8	0.192122
651	0.192162
651.2	0.192206
651.4	0.192255
651.6	0.192309
651.8	0.192371
652	0.192442
652.2	0.192529
652.4	0.192643
652.6	0.192817
652.8	0.193326
653	0.203623
653.2	0.229421
653.4	0.245523
653.6	0.251003
653.8	0.252466
654	0.252784
654.2	0.252756
654.4	0.252611
654.6	0.25241
654.8	0.252181
655	0.251939
655.2	0.251693
655.4	0.251448
655.6	0.251205
655.8	0.250965
656	0.250729
656.2	0.250497
656.4	0.250269
656.6	0.250045
656.8	0.249825
657	0.249608
657.2	0.249395
657.4	0.249185
657.6	0.248978
657.8	0.248775
658	0.248575
658.2	0.248378
658.4	0.248184
658.6	0.247992
658.8	0.247804
659	0.247618
659.2	0.247434
659.4	0.247254
659.6	0.247075
659.8	0.246899
660	0.246726
660.2	0.246555
660.4	0.246385
660.6	0.246218
660.8	0.246054
661	0.245891
661.2	0.24573
661.4	0.245571
661.6	0.245414
661.8	0.245258
662	0.245105
662.2	0.244953
662.4	0.244803
662.6	0.244654
662.8	0.244508
663	0.244362
663.2	0.244219
663.4	0.244076
663.6	0.243936
663.8	0.243796
664	0.243658
664.2	0.243522
664.4	0.243386
664.6	0.243252
664.8	0.24312
665	0.242988
665.2	0.242858
665.4	0.242729
665.6	0.242601
665.8	0.242474
666	0.242349
666.2	0.242224
666.4	0.2421
666.6	0.241978
666.8	0.241856
667	0.241736
667.2	0.241616
667.4	0.241498
667.6	0.24138
667.8	0.241264
668	0.241148
668.2	0.241033
668.4	0.240919
668.6	0.240805
668.8	0.240693
669	0.240581
669.2	0.24047
669.4	0.24036
669.6	0.240251
669.8	0.240142
670	0.240035
670.2	0.239927
670.4	0.239821
670.6	0.239715
670.8	0.23961
671	0.239506
671.2	0.239402
671.4	0.239299
671.6	0.239196
671.8	0.239094
672	0.238993
672.2	0.238892
672.4	0.238792
672.6	0.238693
672.8	0.238594
673	0.238495
673.2	0.238397
673.4	0.2383
673.6	0.238203
673.8	0.238106
674	0.238011
674.2	0.237915
674.4	0.23782
674.6	0.237726
674.8	0.237632
675	0.237538
675.2	0.237445
675.4	0.237353
675.6	0.23726
675.8	0.237169
676	0.237077
676.2	0.236986
676.4	0.236896
676.6	0.236806
676.8	0.236716
677	0.236627
677.2	0.236538
677.4	0.236449
677.6	0.236361
677.8	0.236273
678	0.236185
678.2	0.236098
678.4	0.236011
678.6	0.235925
678.8	0.235839
679	0.235753
679.2	0.235667
679.4	0.235582
679.6	0.235497
679.8	0.235413
680	0.235329
680.2	0.235245
680.4	0.235161
680.6	0.235078
680.8	0.234995
681	0.234912
681.2	0.234829
681.4	0.234747
681.6	0.234665
681.8	0.234583
682	0.234502
682.2	0.234421
682.4	0.23434
682.6	0.234259
682.8	0.234179
683	0.234099
683.2	0.234019
683.4	0.233939
683.6	0.23386
683.8	0.23378
684	0.233702
684.2	0.233623
684.4	0.233544
684.6	0.233466
684.8	0.233388
685	0.23331
685.2	0.233232
685.4	0.233155
685.6	0.233078
685.8	0.233001
686	0.232924
686.2	0.232847
686.4	0.232771
686.6	0.232695
686.8	0.232619
687	0.232543
687.2	0.232467
687.4	0.232392
687.6	0.232317
687.8	0.232242
688	0.232167
688.2	0.232092
688.4	0.232018
688.6	0.231943
688.8	0.231869
689	0.231795
689.2	0.231721
689.4	0.231648
689.6	0.231574
689.8	0.231501
690	0.231428
690.2	0.231355
690.4	0.231282
690.6	0.231209
690.8	0.231137
691	0.231064
691.2	0.230992
691.4	0.23092
691.6	0.230848
691.8	0.230777
692	0.230705
692.2	0.230633
692.4	0.230562
692.6	0.230491
692.8	0.23042
693	0.230349
693.2	0.230278
693.4	0.230208
693.6	0.230137
693.8	0.230067
694	0.229997
694.2	0.229927
694.4	0.229857
694.6	0.229787
694.8	0.229718
695	0.229648
695.2	0.229579
695.4	0.22951
695.6	0.229441
695.8	0.229372
696	0.229303
696.2	0.229234
696.4	0.229165
696.6	0.229097
696.8	0.229029
697	0.22896
697.2	0.228892
697.4	0.228824
697.6	0.228756
697.8	0.228689
698	0.228621
698.2	0.228553
698.4	0.228486
698.6	0.228419
698.8	0.228352
699	0.228285
699.2	0.228218
699.4	0.228151
699.6	0.228084
699.8	0.228018
700	0.227951
700.2	0.227881
700.4	0.227806
700.6	0.227727
700.8	0.227644
701	0.227556
701.2	0.227464
701.4	0.227368
701.6	0.227269
701.8	0.227165
702	0.227057
702.2	0.226946
702.4	0.226832
702.6	0.226714
702.8	0.226592
703	0.226467
703.2	0.226339
703.4	0.226207
703.6	0.226073
703.8	0.225935
704	0.225795
704.2	0.225651
704.4	0.225504
704.6	0.225355
704.8	0.225203
705	0.225048
705.2	0.22489
705.4	0.22473
705.6	0.224567
705.8	0.224402
706	0.224234
706.2	0.224063
706.4	0.22389
706.6	0.223715
706.8	0.223538
707	0.223358
707.2	0.223176
707.4	0.222992
707.6	0.222806
707.8	0.222618
708	0.222428
708.2	0.222235
708.4	0.222041
708.6	0.221845
708.8	0.221647
709	0.221447
709.2	0.221245
709.4	0.221042
709.6	0.220837
709.8	0.22063
710	0.220422
710.2	0.220212
710.4	0.22
710.6	0.219787
710.8	0.219573
711	0.219356
711.2	0.219139
711.4	0.21892
711.6	0.2187
711.8	0.218479
712	0.218256
712.2	0.218032
712.4	0.217807
712.6	0.21758
712.8	0.217353
713	0.217124
713.2	0.216894
713.4	0.216663
713.6	0.216432
713.8	0.216199
714	0.215965
714.2	0.21573
714.4	0.215495
714.6	0.215258
714.8	0.215021
715	0.214782
715.2	0.214543
715.4	0.214304
715.6	0.214063
715.8	0.213822
716	0.21358
716.2	0.213337
716.4	0.213094
716.6	0.21285
716.8	0.212605
717	0.21236
717.2	0.212114
717.4	0.211868
717.6	0.211621
717.8	0.211374
718	0.211126
718.2	0.210878
718.4	0.210629
718.6	0.21038
718.8	0.210131
719	0.209881
719.2	0.209631
719.4	0.20938
719.6	0.209129
719.8	0.208878
720	0.208626
720.2	0.208374
720.4	0.208122
720.6	0.20787
720.8	0.207617
721	0.207364
721.2	0.207111
721.4	0.206858
721.6	0.206605
721.8	0.206351
722	0.206098
722.2	0.205844
722.4	0.20559
722.6	0.205336
722.8	0.205082
723	0.204827
723.2	0.204573
723.4	0.204319
723.6	0.204064
723.8	0.20381
724	0.203555
724.2	0.203301
724.4	0.203046
724.6	0.202791
724.8	0.202537
725	0.202282
725.2	0.202028
725.4	0.201773
725.6	0.201519
725.8	0.201265
726	0.20101
726.2	0.200756
726.4	0.200502
726.6	0.200248
726.8	0.199994
727	0.19974
727.2	0.199486
727.4	0.199233
727.6	0.198979
727.8	0.198726
728	0.198473
728.2	0.19822
728.4	0.197967
728.6	0.197714
728.8	0.197461
729	0.197209
729.2	0.196956
729.4	0.196704
729.6	0.196452
729.8	0.196201
730	0.195949
730.2	0.195698
730.4	0.195447
730.6	0.195196
730.8	0.194945
731	0.194695
731.2	0.194445
731.4	0.194194
731.6	0.193945
731.8	0.193695
732	0.193446
732.2	0.193197
732.4	0.192948
732.6	0.192699
732.8	0.192451
733	0.192203
733.2	0.191955
733.4	0.191708
733.6	0.191461
733.8	0.191214
734	0.190967
734.2	0.190721
734.4	0.190474
734.6	0.190229
734.8	0.189983
735	0.189738
735.2	0.189493
735.4	0.189248
735.6	0.189004
735.8	0.188759
736	0.188516
736.2	0.188272
736.4	0.188029
736.6	0.187786
736.8	0.187544
737	0.187301
737.2	0.187059
737.4	0.186818
737.6	0.186576
737.8	0.186335
738	0.186095
738.2	0.185854
738.4	0.185614
738.6	0.185374
738.8	0.185135
739	0.184896
739.2	0.184657
739.4	0.184419
739.6	0.184181
739.8	0.183943
740	0.183705
740.2	0.183468
740.4	0.183232
740.6	0.182995
740.8	0.182759
741	0.182523
741.2	0.182288
741.4	0.182053
741.6	0.181818
741.8	0.181584
742	0.18135
742.2	0.181116
742.4	0.180882
742.6	0.180649
742.8	0.180417
743	0.180184
743.2	0.179952
743.4	0.179721
743.6	0.179489
743.8	0.179258
744	0.179028
744.2	0.178797
744.4	0.178567
744.6	0.178338
744.8	0.178108
745	0.17788
745.2	0.177651
745.4	0.177423
745.6	0.177195
745.8	0.176967
746	0.17674
746.2	0.176513
746.4	0.176287
746.6	0.176061
746.8	0.175835
747	0.17561
747.2	0.175385
747.4	0.17516
747.6	0.174935
747.8	0.174711
748	0.174488
748.2	0.174264
748.4	0.174041
748.6	0.173819
748.8	0.173597
749	0.173375
749.2	0.173153
749.4	0.172932
749.6	0.172711
749.8	0.17249
750	0.17227
750.2	0.17205
750.4	0.171831
750.6	0.171612
750.8	0.171393
751	0.171174
751.2	0.170956
751.4	0.170739
751.6	0.170521
751.8	0.170304
752	0.170087
752.2	0.169871
752.4	0.169655
752.6	0.169439
752.8	0.169224
753	0.169009
753.2	0.168794
753.4	0.16858
753.6	0.168366
753.8	0.168152
754	0.167939
754.2	0.167726
754.4	0.167514
754.6	0.167301
754.8	0.167089
755	0.166878
755.2	0.166667
755.4	0.166456
755.6	0.166245
755.8	0.166035
756	0.165825
756.2	0.165616
756.4	0.165406
756.6	0.165198
756.8	0.164989
757	0.164781
757.2	0.164573
757.4	0.164366
757.6	0.164158
757.8	0.163952
758	0.163745
758.2	0.163539
758.4	0.163333
758.6	0.163128
758.8	0.162922
759	0.162718
759.2	0.162513
759.4	0.162309
759.6	0.162105
759.8	0.161902
760	0.161698
760.2	0.161496
760.4	0.161293
760.6	0.161091
760.8	0.160889
761	0.160688
761.2	0.160486
761.4	0.160286
761.6	0.160085
761.8	0.159885
762	0.159685
762.2	0.159485
762.4	0.159286
762.6	0.159087
762.8	0.158889
763	0.15869
763.2	0.158492
763.4	0.158295
763.6	0.158098
763.8	0.157901
764	0.157704
764.2	0.157508
764.4	0.157312
764.6	0.157116
764.8	0.156921
765	0.156725
765.2	0.156531
765.4	0.156336
765.6	0.156142
765.8	0.155948
766	0.155755
766.2	0.155562
766.4	0.155369
766.6	0.155176
766.8	0.154984
767	0.154792
767.2	0.154601
767.4	0.15441
767.6	0.154219
767.8	0.154028
768	0.153838
768.2	0.153648
768.4	0.153458
768.6	0.153268
768.8	0.153079
769	0.152891
769.2	0.152702
769.4	0.152514
769.6	0.152326
769.8	0.152138
770	0.151951
770.2	0.151764
770.4	0.151578
770.6	0.151391
770.8	0.151205
771	0.151019
771.2	0.150834
771.4	0.150649
771.6	0.150464
771.8	0.150279
772	0.150095
772.2	0.149911
772.4	0.149728
772.6	0.149544
772.8	0.149361
773	0.149179
773.2	0.148996
773.4	0.148814
773.6	0.148632
773.8	0.148451
774	0.148269
774.2	0.148088
774.4	0.147908
774.6	0.147727
774.8	0.147547
775	0.147367
775.2	0.147188
775.4	0.147009
775.6	0.14683
775.8	0.146651
776	0.146473
776.2	0.146295
776.4	0.146117
776.6	0.14594
776.8	0.145762
777	0.145585
777.2	0.145409
777.4	0.145233
777.6	0.145056
777.8	0.144881
778	0.144705
778.2	0.14453
778.4	0.144355
778.6	0.144181
778.8	0.144006
779	0.143832
779.2	0.143658
779.4	0.143485
779.6	0.143312
779.8	0.143139
780	0.142966
780.2	0.142794
780.4	0.142622
780.6	0.14245
780.8	0.142278
781	0.142107
781.2	0.141936
781.4	0.141765
781.6	0.141595
781.8	0.141425
782	0.141255
782.2	0.141085
782.4	0.140916
782.6	0.140747
782.8	0.140578
783	0.14041
783.2	0.140241
783.4	0.140073
783.6	0.139906
783.8	0.139738
784	0.139571
784.2	0.139404
784.4	0.139238
784.6	0.139071
784.8	0.138905
785	0.138739
785.2	0.138574
785.4	0.138408
785.6	0.138243
785.8	0.138079
786	0.137914
786.2	0.13775
786.4	0.137586
786.6	0.137422
786.8	0.137259
787	0.137096
787.2	0.136933
787.4	0.13677
787.6	0.136608
787.8	0.136446
788	0.136284
788.2	0.136122
788.4	0.135961
788.6	0.1358
788.8	0.135639
789	0.135478
789.2	0.135318
789.4	0.135158
789.6	0.134998
789.8	0.134839
790	0.134679
790.2	0.13452
790.4	0.134361
790.6	0.134203
790.8	0.134045
791	0.133887
791.2	0.133729
791.4	0.133571
791.6	0.133414
791.8	0.133257
792	0.1331
792.2	0.132944
792.4	0.132787
792.6	0.132631
792.8	0.132476
793	0.13232
793.2	0.132165
793.4	0.13201
793.6	0.131855
793.8	0.131701
794	0.131546
794.2	0.131392
794.4	0.131239
794.6	0.131085
794.8	0.130932
795	0.130779
795.2	0.130626
795.4	0.130473
795.6	0.130321
795.8	0.130169
796	0.130017
796.2	0.129865
796.4	0.129714
796.6	0.129563
796.8	0.129412
797	0.129262
797.2	0.129111
797.4	0.128961
797.6	0.128811
797.8	0.128661
798	0.128512
798.2	0.128363
798.4	0.128214
798.6	0.128065
798.8	0.127917
799	0.127768
799.2	0.12762
799.4	0.127473
799.6	0.127325
799.8	0.127178
800	0.127031
800.2	0.126884
800.4	0.126737
800.6	0.126591
800.8	0.126445
801	0.126299
801.2	0.126153
801.4	0.126008
801.6	0.125862
801.8	0.125717
802	0.125573
802.2	0.125428
802.4	0.125284
802.6	0.12514
802.8	0.124996
803	0.124852
803.2	0.124709
803.4	0.124566
803.6	0.124423
803.8	0.12428
804	0.124137
804.2	0.123995
804.4	0.123853
804.6	0.123711
804.8	0.12357
805	0.123428
805.2	0.123287
805.4	0.123146
805.6	0.123006
805.8	0.122865
806	0.122725
806.2	0.122585
806.4	0.122445
806.6	0.122305
806.8	0.122166
807	0.122027
807.2	0.121888
807.4	0.121749
807.6	0.121611
807.8	0.121472
808	0.121334
808.2	0.121197
808.4	0.121059
808.6	0.120921
808.8	0.120784
809	0.120647
809.2	0.120511
809.4	0.120374
809.6	0.120238
809.8	0.120102
810	0.119966
810.2	0.11983
810.4	0.119694
810.6	0.119559
810.8	0.119424
811	0.119289
811.2	0.119155
811.4	0.11902
811.6	0.118886
811.8	0.118752
812	0.118618
812.2	0.118485
812.4	0.118351
812.6	0.118218
812.8	0.118085
813	0.117952
813.2	0.11782
813.4	0.117688
813.6	0.117555
813.8	0.117424
814	0.117292
814.2	0.11716
814.4	0.117029
814.6	0.116898
814.8	0.116767
815	0.116636
815.2	0.116506
815.4	0.116376
815.6	0.116246
815.8	0.116116
816	0.115986
816.2	0.115857
816.4	0.115727
816.6	0.115598
816.8	0.115469
817	0.115341
817.2	0.115212
817.4	0.115084
817.6	0.114956
817.8	0.114828
818	0.114701
818.2	0.114573
818.4	0.114446
818.6	0.114319
818.8	0.114192
819	0.114065
819.2	0.113939
819.4	0.113813
819.6	0.113686
819.8	0.113561
820	0.113435
820.2	0.113309
820.4	0.113184
820.6	0.113059
820.8	0.112934
821	0.112809
821.2	0.112685
821.4	0.112561
821.6	0.112437
821.8	0.112313
822	0.112189
822.2	0.112065
822.4	0.111942
822.6	0.111819
822.8	0.111696
823	0.111573
823.2	0.111451
823.4	0.111328
823.6	0.111206
823.8	0.111084
824	0.110962
824.2	0.11084
824.4	0.110719
824.6	0.110598
824.8	0.110477
825	0.110356
825.2	0.110235
825.4	0.110115
825.6	0.109994
825.8	0.109874
826	0.109754
826.2	0.109634
826.4	0.109515
826.6	0.109395
826.8	0.109276
827	0.109157
827.2	0.109038
827.4	0.10892
827.6	0.108801
827.8	0.108683
828	0.108565
828.2	0.108447
828.4	0.108329
828.6	0.108212
828.8	0.108094
829	0.107977
829.2	0.10786
829.4	0.107743
829.6	0.107627
829.8	0.10751
830	0.107394
830.2	0.107278
830.4	0.107162
830.6	0.107046
830.8	0.10693
831	0.106815
831.2	0.1067
831.4	0.106585
831.6	0.10647
831.8	0.106355
832	0.106241
832.2	0.106126
832.4	0.106012
832.6	0.105898
832.8	0.105784
833	0.105671
833.2	0.105557
833.4	0.105444
833.6	0.105331
833.8	0.105218
834	0.105105
834.2	0.104993
834.4	0.10488
834.6	0.104768
834.8	0.104656
835	0.104544
835.2	0.104432
835.4	0.104321
835.6	0.104209
835.8	0.104098
836	0.103987
836.2	0.103876
836.4	0.103766
836.6	0.103655
836.8	0.103545
837	0.103435
837.2	0.103325
837.4	0.103215
837.6	0.103105
837.8	0.102996
838	0.102886
838.2	0.102777
838.4	0.102668
838.6	0.102559
838.8	0.102451
839	0.102342
839.2	0.102234
839.4	0.102126
839.6	0.102017
839.8	0.10191
840	0.101802
840.2	0.101694
840.4	0.101587
840.6	0.10148
840.8	0.101373
841	0.101266
841.2	0.101159
841.4	0.101053
841.6	0.100946
841.8	0.10084
842	0.100734
842.2	0.100628
842.4	0.100523
842.6	0.100417
842.8	0.100312
843	0.100206
843.2	0.100101
843.4	0.0999965
843.6	0.0998918
843.8	0.0997872
844	0.0996827
844.2	0.0995785
844.4	0.0994744
844.6	0.0993704
844.8	0.0992666
845	0.099163
845.2	0.0990595
845.4	0.0989562
845.6	0.098853
845.8	0.09875
846	0.0986472
846.2	0.0985445
846.4	0.098442
846.6	0.0983396
846.8	0.0982374
847	0.0981353
847.2	0.0980334
847.4	0.0979316
847.6	0.09783
847.8	0.0977286
848	0.0976273
848.2	0.0975262
848.4	0.0974252
848.6	0.0973244
848.8	0.0972237
849	0.0971232
849.2	0.0970228
849.4	0.0969226
849.6	0.0968225
849.8	0.0967226
850	0.0966229
850.2	0.0965233
850.4	0.0964238
850.6	0.0963245
850.8	0.0962254
851	0.0961264
851.2	0.0960275
851.4	0.0959288
851.6	0.0958303
851.8	0.0957318
852	0.0956336
852.2	0.0955355
852.4	0.0954375
852.6	0.0953397
852.8	0.0952421
853	0.0951446
853.2	0.0950472
853.4	0.09495
853.6	0.0948529
853.8	0.094756
854	0.0946593
854.2	0.0945626
854.4	0.0944661
854.6	0.0943698
854.8	0.0942736
855	0.0941776
855.2	0.0940817
855.4	0.093986
855.6	0.0938904
855.8	0.0937949
856	0.0936996
856.2	0.0936044
856.4	0.0935094
856.6	0.0934145
856.8	0.0933198
857	0.0932252
857.2	0.0931307
857.4	0.0930364
857.6	0.0929423
857.8	0.0928482
858	0.0927543
858.2	0.0926606
858.4	0.092567
858.6	0.0924736
858.8	0.0923802
859	0.0922871
859.2	0.092194
859.4	0.0921011
859.6	0.0920084
859.8	0.0919158
860	0.0918233
860.2	0.091731
860.4	0.0916388
860.6	0.0915467
860.8	0.0914548
861	0.0913631
861.2	0.0912714
861.4	0.0911799
861.6	0.0910886
861.8	0.0909973
862	0.0909063
862.2	0.0908153
862.4	0.0907245
862.6	0.0906338
862.8	0.0905433
863	0.0904529
863.2	0.0903626
863.4	0.0902725
863.6	0.0901825
863.8	0.0900927
864	0.0900029
864.2	0.0899133
864.4	0.0898239
864.6	0.0897346
864.8	0.0896454
865	0.0895564
865.2	0.0894674
865.4	0.0893787
865.6	0.08929
865.8	0.0892015
866	0.0891131
866.2	0.0890249
866.4	0.0889368
866.6	0.0888488
866.8	0.0887609
867	0.0886732
867.2	0.0885856
867.4	0.0884982
867.6	0.0884109
867.8	0.0883237
868	0.0882366
868.2	0.0881497
868.4	0.0880629
868.6	0.0879762
868.8	0.0878897
869	0.0878033
869.2	0.087717
869.4	0.0876309
869.6	0.0875448
869.8	0.0874589
870	0.0873732
870.2	0.0872876
870.4	0.087202
870.6	0.0871167
870.8	0.0870314
871	0.0869463
871.2	0.0868613
871.4	0.0867765
871.6	0.0866917
871.8	0.0866071
872	0.0865226
872.2	0.0864383
872.4	0.086354
872.6	0.0862699
872.8	0.086186
873	0.0861021
873.2	0.0860184
873.4	0.0859348
873.6	0.0858513
873.8	0.085768
874	0.0856847
874.2	0.0856016
874.4	0.0855187
874.6	0.0854358
874.8	0.0853531
875	0.0852705
875.2	0.085188
875.4	0.0851056
875.6	0.0850234
875.8	0.0849413
876	0.0848593
876.2	0.0847774
876.4	0.0846957
876.6	0.0846141
876.8	0.0845326
877	0.0844512
877.2	0.0843699
877.4	0.0842888
877.6	0.0842078
877.8	0.0841269
878	0.0840461
878.2	0.0839655
878.4	0.083885
878.6	0.0838046
878.8	0.0837243
879	0.0836441
879.2	0.083564
879.4	0.0834841
879.6	0.0834043
879.8	0.0833246
880	0.083245
880.2	0.0831656
880.4	0.0830862
880.6	0.083007
880.8	0.0829279
881	0.082849
881.2	0.0827701
881.4	0.0826913
881.6	0.0826127
881.8	0.0825342
882	0.0824558
882.2	0.0823775
882.4	0.0822994
882.6	0.0822213
882.8	0.0821434
883	0.0820656
883.2	0.0819879
883.4	0.0819103
883.6	0.0818328
883.8	0.0817555
884	0.0816783
884.2	0.0816011
884.4	0.0815241
884.6	0.0814472
884.8	0.0813705
885	0.0812938
885.2	0.0812173
885.4	0.0811408
885.6	0.0810645
885.8	0.0809883
886	0.0809122
886.2	0.0808362
886.4	0.0807604
886.6	0.0806846
886.8	0.080609
887	0.0805334
887.2	0.080458
887.4	0.0803827
887.6	0.0803075
887.8	0.0802324
888	0.0801575
888.2	0.0800826
888.4	0.0800079
888.6	0.0799332
888.8	0.0798587
889	0.0797843
889.2	0.07971
889.4	0.0796358
889.6	0.0795617
889.8	0.0794877
890	0.0794139
890.2	0.0793401
890.4	0.0792665
890.6	0.0791929
890.8	0.0791195
891	0.0790462
891.2	0.078973
891.4	0.0788999
891.6	0.0788269
891.8	0.078754
892	0.0786812
892.2	0.0786085
892.4	0.078536
892.6	0.0784635
892.8	0.0783912
893	0.0783189
893.2	0.0782468
893.4	0.0781748
893.6	0.0781029
893.8	0.078031
894	0.0779593
894.2	0.0778877
894.4	0.0778162
894.6	0.0777449
894.8	0.0776736
895	0.0776024
895.2	0.0775313
895.4	0.0774604
895.6	0.0773895
895.8	0.0773187
896	0.0772481
896.2	0.0771775
896.4	0.0771071
896.6	0.0770368
896.8	0.0769665
897	0.0768964
897.2	0.0768264
897.4	0.0767564
897.6	0.0766866
897.8	0.0766169
898	0.0765473
898.2	0.0764778
898.4	0.0764084
898.6	0.0763391
898.8	0.0762699
899	0.0762008
899.2	0.0761318
899.4	0.0760629
899.6	0.0759941
899.8	0.0759254
900	0.0758568
900.2	0.0757883
900.4	0.0757199
900.6	0.0756516
900.8	0.0755834
901	0.0755153
901.2	0.0754473
901.4	0.0753795
901.6	0.0753117
901.8	0.075244
902	0.0751764
902.2	0.0751089
902.4	0.0750415
902.6	0.0749742
902.8	0.074907
903	0.0748399
903.2	0.0747729
903.4	0.0747061
903.6	0.0746393
903.8	0.0745726
904	0.074506
904.2	0.0744395
904.4	0.0743731
904.6	0.0743067
904.8	0.0742405
905	0.0741744
905.2	0.0741084
905.4	0.0740425
905.6	0.0739767
905.8	0.073911
906	0.0738453
906.2	0.0737798
906.4	0.0737144
906.6	0.073649
906.8	0.0735838
907	0.0735187
907.2	0.0734536
907.4	0.0733887
907.6	0.0733238
907.8	0.073259
908	0.0731944
908.2	0.0731298
908.4	0.0730653
908.6	0.073001
908.8	0.0729367
909	0.0728725
909.2	0.0728084
909.4	0.0727444
909.6	0.0726805
909.8	0.0726166
910	0.0725529
910.2	0.0724893
910.4	0.0724258
910.6	0.0723623
910.8	0.072299
911	0.0722357
911.2	0.0721726
911.4	0.0721095
911.6	0.0720465
911.8	0.0719836
912	0.0719208
912.2	0.0718581
912.4	0.0717955
912.6	0.071733
912.8	0.0716706
913	0.0716082
913.2	0.071546
913.4	0.0714839
913.6	0.0714218
913.8	0.0713598
914	0.0712979
914.2	0.0712362
914.4	0.0711745
914.6	0.0711129
914.8	0.0710513
915	0.0709899
915.2	0.0709286
915.4	0.0708673
915.6	0.0708062
915.8	0.0707451
916	0.0706841
916.2	0.0706232
916.4	0.0705624
916.6	0.0705017
916.8	0.0704411
917	0.0703806
917.2	0.0703201
917.4	0.0702598
917.6	0.0701995
917.8	0.0701393
918	0.0700792
918.2	0.0700192
918.4	0.0699593
918.6	0.0698995
918.8	0.0698398
919	0.0697801
919.2	0.0697205
919.4	0.0696611
919.6	0.0696017
919.8	0.0695424
920	0.0694832
920.2	0.069424
920.4	0.069365
920.6	0.069306
920.8	0.0692471
921	0.0691884
921.2	0.0691297
921.4	0.069071
921.6	0.0690125
921.8	0.0689541
922	0.0688957
922.2	0.0688374
922.4	0.0687793
922.6	0.0687212
922.8	0.0686631
923	0.0686052
923.2	0.0685474
923.4	0.0684896
923.6	0.0684319
923.8	0.0683743
924	0.0683168
924.2	0.0682594
924.4	0.068202
924.6	0.0681448
924.8	0.0680876
925	0.0680305
925.2	0.0679735
925.4	0.0679166
925.6	0.0678597
925.8	0.067803
926	0.0677463
926.2	0.0676897
926.4	0.0676332
926.6	0.0675768
926.8	0.0675204
927	0.0674641
927.2	0.067408
927.4	0.0673518
927.6	0.0672958
927.8	0.0672399
928	0.067184
928.2	0.0671283
928.4	0.0670726
928.6	0.067017
928.8	0.0669614
929	0.066906
929.2	0.0668506
929.4	0.0667953
929.6	0.0667401
929.8	0.066685
930	0.0666299
930.2	0.066575
930.4	0.0665201
930.6	0.0664653
930.8	0.0664105
931	0.0663559
931.2	0.0663013
931.4	0.0662468
931.6	0.0661924
931.8	0.0661381
932	0.0660838
932.2	0.0660296
932.4	0.0659755
932.6	0.0659215
932.8	0.0658676
933	0.0658137
933.2	0.06576
933.4	0.0657063
933.6	0.0656526
933.8	0.0655991
934	0.0655456
934.2	0.0654922
934.4	0.0654389
934.6	0.0653857
934.8	0.0653325
935	0.0652794
935.2	0.0652264
935.4	0.0651735
935.6	0.0651206
935.8	0.0650679
936	0.0650152
936.2	0.0649625
936.4	0.06491
936.6	0.0648575
936.8	0.0648051
937	0.0647528
937.2	0.0647006
937.4	0.0646484
937.6	0.0645963
937.8	0.0645443
938	0.0644924
938.2	0.0644405
938.4	0.0643887
938.6	0.064337
938.8	0.0642854
939	0.0642338
939.2	0.0641823
939.4	0.0641309
939.6	0.0640796
939.8	0.0640283
940	0.0639771
940.2	0.063926
940.4	0.063875
940.6	0.063824
940.8	0.0637731
941	0.0637223
941.2	0.0636715
941.4	0.0636209
941.6	0.0635703
941.8	0.0635197
942	0.0634693
942.2	0.0634189
942.4	0.0633686
942.6	0.0633184
942.8	0.0632682
943	0.0632181
943.2	0.0631681
943.4	0.0631182
943.6	0.0630683
943.8	0.0630185
944	0.0629688
944.2	0.0629191
944.4	0.0628695
944.6	0.06282
944.8	0.0627706
945	0.0627212
945.2	0.0626719
945.4	0.0626227
945.6	0.0625736
945.8	0.0625245
946	0.0624755
946.2	0.0624265
946.4	0.0623776
946.6	0.0623288
946.8	0.0622801
947	0.0622315
947.2	0.0621829
947.4	0.0621344
947.6	0.0620859
947.8	0.0620375
948	0.0619892
948.2	0.061941
948.4	0.0618928
948.6	0.0618447
948.8	0.0617967
949	0.0617487
949.2	0.0617008
949.4	0.061653
949.6	0.0616053
949.8	0.0615576
950	0.06151
950.2	0.0614624
950.4	0.061415
950.6	0.0613675
950.8	0.0613202
951	0.0612729
951.2	0.0612257
951.4	0.0611786
951.6	0.0611315
951.8	0.0610845
952	0.0610376
952.2	0.0609907
952.4	0.0609439
952.6	0.0608972
952.8	0.0608506
953	0.060804
953.2	0.0607574
953.4	0.060711
953.6	0.0606646
953.8	0.0606183
954	0.060572
954.2	0.0605258
954.4	0.0604797
954.6	0.0604336
954.8	0.0603876
955	0.0603417
955.2	0.0602959
955.4	0.0602501
955.6	0.0602043
955.8	0.0601587
956	0.0601131
956.2	0.0600676
956.4	0.0600221
956.6	0.0599767
956.8	0.0599314
957	0.0598861
957.2	0.0598409
957.4	0.0597958
957.6	0.0597507
957.8	0.0597057
958	0.0596607
958.2	0.0596159
958.4	0.059571
958.6	0.0595263
958.8	0.0594816
959	0.059437
959.2	0.0593924
959.4	0.0593479
959.6	0.0593035
959.8	0.0592592
960	0.0592149
960.2	0.0591706
960.4	0.0591264
960.6	0.0590823
960.8	0.0590383
961	0.0589943
961.2	0.0589504
961.4	0.0589065
961.6	0.0588627
961.8	0.058819
962	0.0587754
962.2	0.0587317
962.4	0.0586882
962.6	0.0586447
962.8	0.0586013
963	0.058558
963.2	0.0585147
963.4	0.0584714
963.6	0.0584283
963.8	0.0583852
964	0.0583421
964.2	0.0582992
964.4	0.0582562
964.6	0.0582134
964.8	0.0581706
965	0.0581278
965.2	0.0580852
965.4	0.0580426
965.6	0.058
965.8	0.0579575
966	0.0579151
966.2	0.0578727
966.4	0.0578304
966.6	0.0577882
966.8	0.057746
967	0.0577039
967.2	0.0576618
967.4	0.0576198
967.6	0.0575779
967.8	0.057536
968	0.0574942
968.2	0.0574524
968.4	0.0574107
968.6	0.0573691
968.8	0.0573275
969	0.057286
969.2	0.0572445
969.4	0.0572031
969.6	0.0571617
969.8	0.0571205
970	0.0570792
970.2	0.0570381
970.4	0.056997
970.6	0.0569559
970.8	0.0569149
971	0.056874
971.2	0.0568331
971.4	0.0567923
971.6	0.0567515
971.8	0.0567109
972	0.0566702
972.2	0.0566296
972.4	0.0565891
972.6	0.0565487
972.8	0.0565082
973	0.0564679
973.2	0.0564276
973.4	0.0563874
973.6	0.0563472
973.8	0.0563071
974	0.056267
974.2	0.056227
974.4	0.0561871
974.6	0.0561472
974.8	0.0561074
975	0.0560676
975.2	0.0560279
975.4	0.0559882
975.6	0.0559486
975.8	0.0559091
976	0.0558696
976.2	0.0558301
976.4	0.0557908
976.6	0.0557514
976.8	0.0557122
977	0.055673
977.2	0.0556338
977.4	0.0555947
977.6	0.0555557
977.8	0.0555167
978	0.0554778
978.2	0.0554389
978.4	0.0554001
978.6	0.0553613
978.8	0.0553226
979	0.055284
979.2	0.0552454
979.4	0.0552068
979.6	0.0551684
979.8	0.0551299
980	0.0550916
980.2	0.0550532
980.4	0.055015
980.6	0.0549768
980.8	0.0549386
981	0.0549005
981.2	0.0548625
981.4	0.0548245
981.6	0.0547865
981.8	0.0547487
982	0.0547108
982.2	0.054673
982.4	0.0546353
982.6	0.0545977
982.8	0.0545601
983	0.0545225
983.2	0.054485
983.4	0.0544475
983.6	0.0544101
983.8	0.0543728
984	0.0543355
984.2	0.0542983
984.4	0.0542611
984.6	0.0542239
984.8	0.0541869
985	0.0541498
985.2	0.0541129
985.4	0.0540759
985.6	0.0540391
985.8	0.0540023
986	0.0539655
986.2	0.0539288
986.4	0.0538921
986.6	0.0538555
986.8	0.053819
987	0.0537825
987.2	0.053746
987.4	0.0537096
987.6	0.0536733
987.8	0.053637
988	0.0536008
988.2	0.0535646
988.4	0.0535284
988.6	0.0534923
988.8	0.0534563
989	0.0534203
989.2	0.0533844
989.4	0.0533485
989.6	0.0533127
989.8	0.0532769
990	0.0532412
990.2	0.0532055
990.4	0.0531699
990.6	0.0531343
990.8	0.0530988
991	0.0530633
991.2	0.0530279
991.4	0.0529925
991.6	0.0529572
991.8	0.0529219
992	0.0528867
992.2	0.0528515
992.4	0.0528164
992.6	0.0527813
992.8	0.0527463
993	0.0527113
993.2	0.0526764
993.4	0.0526416
993.6	0.0526067
993.8	0.052572
994	0.0525372
994.2	0.0525026
994.4	0.0524679
994.6	0.0524334
994.8	0.0523988
995	0.0523644
995.2	0.0523299
995.4	0.0522956
995.6	0.0522612
995.8	0.052227
996	0.0521927
996.2	0.0521585
996.4	0.0521244
996.6	0.0520903
996.8	0.0520563
997	0.0520223
997.2	0.0519884
997.4	0.0519545
997.6	0.0519206
997.8	0.0518868
998	0.0518531
998.2	0.0518194
998.4	0.0517857
998.6	0.0517521
998.8	0.0517186
999	0.0516851
999.2	0.0516516
999.4	0.0516182
999.6	0.0515849
999.8	0.0515515
1000	0.0515183
