label:PY[0].soma.v(0.5)
5001
0	-70
0.2	-70
0.4	-70
0.6	-70.0001
0.8	-70.0001
1	-70.0002
1.2	-70.0002
1.4	-70.0003
1.6	-70.0004
1.8	-70.0006
2	-70.0007
2.2	-70.0008
2.4	-70.001
2.6	-70.0012
2.8	-70.0013
3	-70.0015
3.2	-70.0017
3.4	-70.0019
3.6	-70.0022
3.8	-70.0024
4	-70.0026
4.2	-70.0029
4.4	-70.0032
4.6	-70.0034
4.8	-70.0037
5	-70.004
5.2	-70.0043
5.4	-70.0046
5.6	-70.0049
5.8	-70.0053
6	-70.0056
6.2	-70.006
6.4	-70.0063
6.6	-70.0067
6.8	-70.007
7	-70.0074
7.2	-70.0078
7.4	-70.0082
7.6	-70.0086
7.8	-70.009
8	-70.0094
8.2	-70.0098
8.4	-70.0102
8.6	-70.0107
8.8	-70.0111
9	-70.0115
9.2	-70.012
9.4	-70.0124
9.6	-70.0129
9.8	-70.0134
10	-70.0138
10.2	-70.0143
10.4	-70.0148
10.6	-70.0153
10.8	-70.0158
11	-70.0163
11.2	-70.0167
11.4	-70.0173
11.6	-70.0178
11.8	-70.0183
12	-70.0188
12.2	-70.0193
12.4	-70.0198
12.6	-70.0204
12.8	-70.0209
13	-70.0214
13.2	-70.022
13.4	-70.0225
13.6	-70.023
13.8	-70.0236
14	-70.0241
14.2	-70.0247
14.4	-70.0253
14.6	-70.0258
14.8	-70.0264
15	-70.0269
15.2	-70.0275
15.4	-70.0281
15.6	-70.0287
15.8	-70.0292
16	-70.0298
16.2	-70.0304
16.4	-70.031
16.6	-70.0316
16.8	-70.0322
17	-70.0327
17.2	-70.0333
17.4	-70.0339
17.6	-70.0345
17.8	-70.0351
18	-70.0357
18.2	-70.0363
18.4	-70.0369
18.6	-70.0375
18.8	-70.0381
19	-70.0388
19.2	-70.0394
19.4	-70.04
19.6	-70.0406
19.8	-70.0412
20	-70.0418
20.2	-70.0424
20.4	-70.0431
20.6	-70.0437
20.8	-70.0443
21	-70.0449
21.2	-70.0455
21.4	-70.0462
21.6	-70.0468
21.8	-70.0474
22	-70.048
22.2	-70.0487
22.4	-70.0493
22.6	-70.0499
22.8	-70.0506
23	-70.0512
23.2	-70.0518
23.4	-70.0525
23.6	-70.0531
23.8	-70.0537
24	-70.0544
24.2	-70.055
24.4	-70.0556
24.6	-70.0563
24.8	-70.0569
25	-70.0576
25.2	-70.0582
25.4	-70.0588
25.6	-70.0595
25.8	-70.0601
26	-70.0607
26.2	-70.0614
26.4	-70.062
26.6	-70.0627
26.8	-70.0633
27	-70.0639
27.2	-70.0646
27.4	-70.0652
27.6	-70.0659
27.8	-70.0665
28	-70.0672
28.2	-70.0678
28.4	-70.0684
28.6	-70.0691
28.8	-70.0697
29	-70.0704
29.2	-70.071
29.4	-70.0716
29.6	-70.0723
29.8	-70.0729
30	-70.0736
30.2	-70.0742
30.4	-70.0749
30.6	-70.0755
30.8	-70.0761
31	-70.0768
31.2	-70.0774
31.4	-70.0781
31.6	-70.0787
31.8	-70.0793
32	-70.08
32.2	-70.0806
32.4	-70.0813
32.6	-70.0819
32.8	-70.0825
33	-70.0832
33.2	-70.0838
33.4	-70.0844
33.6	-70.0851
33.8	-70.0857
34	-70.0864
34.2	-70.087
34.4	-70.0876
34.6	-70.0883
34.8	-70.0889
35	-70.0895
35.2	-70.0902
35.4	-70.0908
35.6	-70.0914
35.8	-70.0921
36	-70.0927
36.2	-70.0933
36.4	-70.094
36.6	-70.0946
36.8	-70.0952
37	-70.0959
37.2	-70.0965
37.4	-70.0971
37.6	-70.0978
37.8	-70.0984
38	-70.099
38.2	-70.0997
38.4	-70.1003
38.6	-70.1009
38.8	-70.1015
39	-70.1022
39.2	-70.1028
39.4	-70.1034
39.6	-70.104
39.8	-70.1047
40	-70.1053
40.2	-70.1059
40.4	-70.1065
40.6	-70.1072
40.8	-70.1078
41	-70.1084
41.2	-70.109
41.4	-70.1096
41.6	-70.1103
41.8	-70.1109
42	-70.1115
42.2	-70.1121
42.4	-70.1127
42.6	-70.1133
42.8	-70.114
43	-70.1146
43.2	-70.1152
43.4	-70.1158
43.6	-70.1164
43.8	-70.117
44	-70.1176
44.2	-70.1182
44.4	-70.1189
44.6	-70.1195
44.8	-70.1201
45	-70.1207
45.2	-70.1213
45.4	-70.1219
45.6	-70.1225
45.8	-70.1231
46	-70.1237
46.2	-70.1243
46.4	-70.1249
46.6	-70.1255
46.8	-70.1261
47	-70.1267
47.2	-70.1273
47.4	-70.1279
47.6	-70.1285
47.8	-70.1291
48	-70.1297
48.2	-70.1303
48.4	-70.1309
48.6	-70.1315
48.8	-70.1321
49	-70.1327
49.2	-70.1333
49.4	-70.1339
49.6	-70.1345
49.8	-70.1351
50	-70.1357
50.2	-70.1363
50.4	-70.1369
50.6	-70.1374
50.8	-70.138
51	-70.1386
51.2	-70.1392
51.4	-70.1398
51.6	-70.1404
51.8	-70.141
52	-70.1415
52.2	-70.1421
52.4	-70.1427
52.6	-70.1433
52.8	-70.1439
53	-70.1445
53.2	-70.145
53.4	-70.1456
53.6	-70.1462
53.8	-70.1468
54	-70.1474
54.2	-70.1479
54.4	-70.1485
54.6	-70.1491
54.8	-70.1497
55	-70.1502
55.2	-70.1508
55.4	-70.1514
55.6	-70.1519
55.8	-70.1525
56	-70.1531
56.2	-70.1537
56.4	-70.1542
56.6	-70.1548
56.8	-70.1554
57	-70.1559
57.2	-70.1565
57.4	-70.1571
57.6	-70.1576
57.8	-70.1582
58	-70.1587
58.2	-70.1593
58.4	-70.1599
58.6	-70.1604
58.8	-70.161
59	-70.1616
59.2	-70.1621
59.4	-70.1627
59.6	-70.1632
59.8	-70.1638
60	-70.1643
60.2	-70.1649
60.4	-70.1654
60.6	-70.166
60.8	-70.1665
61	-70.1671
61.2	-70.1677
61.4	-70.1682
61.6	-70.1688
61.8	-70.1693
62	-70.1699
62.2	-70.1704
62.4	-70.1709
62.6	-70.1715
62.8	-70.172
63	-70.1726
63.2	-70.1731
63.4	-70.1737
63.6	-70.1742
63.8	-70.1748
64	-70.1753
64.2	-70.1758
64.4	-70.1764
64.6	-70.1769
64.8	-70.1775
65	-70.178
65.2	-70.1785
65.4	-70.1791
65.6	-70.1796
65.8	-70.1801
66	-70.1807
66.2	-70.1812
66.4	-70.1817
66.6	-70.1823
66.8	-70.1828
67	-70.1833
67.2	-70.1839
67.4	-70.1844
67.6	-70.1849
67.8	-70.1854
68	-70.186
68.2	-70.1865
68.4	-70.187
68.6	-70.1876
68.8	-70.1881
69	-70.1886
69.2	-70.1891
69.4	-70.1896
69.6	-70.1902
69.8	-70.1907
70	-70.1912
70.2	-70.1917
70.4	-70.1922
70.6	-70.1928
70.8	-70.1933
71	-70.1938
71.2	-70.1943
71.4	-70.1948
71.6	-70.1953
71.8	-70.1959
72	-70.1964
72.2	-70.1969
72.4	-70.1974
72.6	-70.1979
72.8	-70.1984
73	-70.1989
73.2	-70.1994
73.4	-70.1999
73.6	-70.2005
73.8	-70.201
74	-70.2015
74.2	-70.202
74.4	-70.2025
74.6	-70.203
74.8	-70.2035
75	-70.204
75.2	-70.2045
75.4	-70.205
75.6	-70.2055
75.8	-70.206
76	-70.2065
76.2	-70.207
76.4	-70.2075
76.6	-70.208
76.8	-70.2085
77	-70.209
77.2	-70.2095
77.4	-70.21
77.6	-70.2105
77.8	-70.211
78	-70.2114
78.2	-70.2119
78.4	-70.2124
78.6	-70.2129
78.8	-70.2134
79	-70.2139
79.2	-70.2144
79.4	-70.2149
79.6	-70.2154
79.8	-70.2159
80	-70.2163
80.2	-70.2168
80.4	-70.2173
80.6	-70.2178
80.8	-70.2183
81	-70.2188
81.2	-70.2192
81.4	-70.2197
81.6	-70.2202
81.8	-70.2207
82	-70.2212
82.2	-70.2216
82.4	-70.2221
82.6	-70.2226
82.8	-70.2231
83	-70.2236
83.2	-70.224
83.4	-70.2245
83.6	-70.225
83.8	-70.2255
84	-70.2259
84.2	-70.2264
84.4	-70.2269
84.6	-70.2273
84.8	-70.2278
85	-70.2283
85.2	-70.2288
85.4	-70.2292
85.6	-70.2297
85.8	-70.2302
86	-70.2306
86.2	-70.2311
86.4	-70.2316
86.6	-70.232
86.8	-70.2325
87	-70.2329
87.2	-70.2334
87.4	-70.2339
87.6	-70.2343
87.8	-70.2348
88	-70.2353
88.2	-70.2357
88.4	-70.2362
88.6	-70.2366
88.8	-70.2371
89	-70.2375
89.2	-70.238
89.4	-70.2385
89.6	-70.2389
89.8	-70.2394
90	-70.2398
90.2	-70.2403
90.4	-70.2407
90.6	-70.2412
90.8	-70.2416
91	-70.2421
91.2	-70.2425
91.4	-70.243
91.6	-70.2434
91.8	-70.2439
92	-70.2443
92.2	-70.2448
92.4	-70.2452
92.6	-70.2457
92.8	-70.2461
93	-70.2466
93.2	-70.247
93.4	-70.2475
93.6	-70.2479
93.8	-70.2483
94	-70.2488
94.2	-70.2492
94.4	-70.2497
94.6	-70.2501
94.8	-70.2505
95	-70.251
95.2	-70.2514
95.4	-70.2519
95.6	-70.2523
95.8	-70.2527
96	-70.2532
96.2	-70.2536
96.4	-70.254
96.6	-70.2545
96.8	-70.2549
97	-70.2553
97.2	-70.2558
97.4	-70.2562
97.6	-70.2566
97.8	-70.2571
98	-70.2575
98.2	-70.2579
98.4	-70.2584
98.6	-70.2588
98.8	-70.2592
99	-70.2596
99.2	-70.2601
99.4	-70.2605
99.6	-70.2609
99.8	-70.2613
100	-70.2618
100.2	-70.2622
100.4	-70.2626
100.6	-70.263
100.8	-70.2635
101	-70.2639
101.2	-70.2643
101.4	-70.2647
101.6	-70.2651
101.8	-70.2656
102	-70.266
102.2	-70.2664
102.4	-70.2668
102.6	-70.2672
102.8	-70.2676
103	-70.2681
103.2	-70.2685
103.4	-70.2689
103.6	-70.2693
103.8	-70.2697
104	-70.2701
104.2	-70.2705
104.4	-70.271
104.6	-70.2714
104.8	-70.2718
105	-70.2722
105.2	-70.2726
105.4	-70.273
105.6	-70.2734
105.8	-70.2738
106	-70.2742
106.2	-70.2746
106.4	-70.275
106.6	-70.2754
106.8	-70.2759
107	-70.2763
107.2	-70.2767
107.4	-70.2771
107.6	-70.2775
107.8	-70.2779
108	-70.2783
108.2	-70.2787
108.4	-70.2791
108.6	-70.2795
108.8	-70.2799
109	-70.2803
109.2	-70.2807
109.4	-70.2811
109.6	-70.2815
109.8	-70.2819
110	-70.2823
110.2	-70.2827
110.4	-70.2831
110.6	-70.2834
110.8	-70.2838
111	-70.2842
111.2	-70.2846
111.4	-70.285
111.6	-70.2854
111.8	-70.2858
112	-70.2862
112.2	-70.2866
112.4	-70.287
112.6	-70.2874
112.8	-70.2878
113	-70.2881
113.2	-70.2885
113.4	-70.2889
113.6	-70.2893
113.8	-70.2897
114	-70.2901
114.2	-70.2905
114.4	-70.2908
114.6	-70.2912
114.8	-70.2916
115	-70.292
115.2	-70.2924
115.4	-70.2928
115.6	-70.2931
115.8	-70.2935
116	-70.2939
116.2	-70.2943
116.4	-70.2947
116.6	-70.295
116.8	-70.2954
117	-70.2958
117.2	-70.2962
117.4	-70.2965
117.6	-70.2969
117.8	-70.2973
118	-70.2977
118.2	-70.298
118.4	-70.2984
118.6	-70.2988
118.8	-70.2992
119	-70.2995
119.2	-70.2999
119.4	-70.3003
119.6	-70.3007
119.8	-70.301
120	-70.3014
120.2	-70.3018
120.4	-70.3021
120.6	-70.3025
120.8	-70.3029
121	-70.3032
121.2	-70.3036
121.4	-70.304
121.6	-70.3043
121.8	-70.3047
122	-70.3051
122.2	-70.3054
122.4	-70.3058
122.6	-70.3062
122.8	-70.3065
123	-70.3069
123.2	-70.3072
123.4	-70.3076
123.6	-70.308
123.8	-70.3083
124	-70.3087
124.2	-70.309
124.4	-70.3094
124.6	-70.3098
124.8	-70.3101
125	-70.3105
125.2	-70.3108
125.4	-70.3112
125.6	-70.3115
125.8	-70.3119
126	-70.3123
126.2	-70.3126
126.4	-70.313
126.6	-70.3133
126.8	-70.3137
127	-70.314
127.2	-70.3144
127.4	-70.3147
127.6	-70.3151
127.8	-70.3154
128	-70.3158
128.2	-70.3161
128.4	-70.3165
128.6	-70.3168
128.8	-70.3172
129	-70.3175
129.2	-70.3179
129.4	-70.3182
129.6	-70.3186
129.8	-70.3189
130	-70.3193
130.2	-70.3196
130.4	-70.32
130.6	-70.3203
130.8	-70.3206
131	-70.321
131.2	-70.3213
131.4	-70.3217
131.6	-70.322
131.8	-70.3223
132	-70.3227
132.2	-70.323
132.4	-70.3234
132.6	-70.3237
132.8	-70.3241
133	-70.3244
133.2	-70.3247
133.4	-70.3251
133.6	-70.3254
133.8	-70.3257
134	-70.3261
134.2	-70.3264
134.4	-70.3267
134.6	-70.3271
134.8	-70.3274
135	-70.3277
135.2	-70.3281
135.4	-70.3284
135.6	-70.3287
135.8	-70.3291
136	-70.3294
136.2	-70.3297
136.4	-70.3301
136.6	-70.3304
136.8	-70.3307
137	-70.3311
137.2	-70.3314
137.4	-70.3317
137.6	-70.332
137.8	-70.3324
138	-70.3327
138.2	-70.333
138.4	-70.3334
138.6	-70.3337
138.8	-70.334
139	-70.3343
139.2	-70.3347
139.4	-70.335
139.6	-70.3353
139.8	-70.3356
140	-70.3359
140.2	-70.3363
140.4	-70.3366
140.6	-70.3369
140.8	-70.3372
141	-70.3376
141.2	-70.3379
141.4	-70.3382
141.6	-70.3385
141.8	-70.3388
142	-70.3391
142.2	-70.3395
142.4	-70.3398
142.6	-70.3401
142.8	-70.3404
143	-70.3407
143.2	-70.341
143.4	-70.3414
143.6	-70.3417
143.8	-70.342
144	-70.3423
144.2	-70.3426
144.4	-70.3429
144.6	-70.3432
144.8	-70.3436
145	-70.3439
145.2	-70.3442
145.4	-70.3445
145.6	-70.3448
145.8	-70.3451
146	-70.3454
146.2	-70.3457
146.4	-70.346
146.6	-70.3464
146.8	-70.3467
147	-70.347
147.2	-70.3473
147.4	-70.3476
147.6	-70.3479
147.8	-70.3482
148	-70.3485
148.2	-70.3488
148.4	-70.3491
148.6	-70.3494
148.8	-70.3497
149	-70.35
149.2	-70.3503
149.4	-70.3506
149.6	-70.3509
149.8	-70.3512
150	-70.3515
150.2	-70.3518
150.4	-70.3521
150.6	-70.3524
150.8	-70.3527
151	-70.353
151.2	-70.3533
151.4	-70.3536
151.6	-70.3539
151.8	-70.3542
152	-70.3545
152.2	-70.3548
152.4	-70.3551
152.6	-70.3554
152.8	-70.3557
153	-70.356
153.2	-70.3563
153.4	-70.3566
153.6	-70.3569
153.8	-70.3572
154	-70.3575
154.2	-70.3578
154.4	-70.3581
154.6	-70.3583
154.8	-70.3586
155	-70.3589
155.2	-70.3592
155.4	-70.3595
155.6	-70.3598
155.8	-70.3601
156	-70.3604
156.2	-70.3607
156.4	-70.361
156.6	-70.3612
156.8	-70.3615
157	-70.3618
157.2	-70.3621
157.4	-70.3624
157.6	-70.3627
157.8	-70.363
158	-70.3633
158.2	-70.3635
158.4	-70.3638
158.6	-70.3641
158.8	-70.3644
159	-70.3647
159.2	-70.365
159.4	-70.3652
159.6	-70.3655
159.8	-70.3658
160	-70.3661
160.2	-70.3664
160.4	-70.3666
160.6	-70.3669
160.8	-70.3672
161	-70.3675
161.2	-70.3678
161.4	-70.368
161.6	-70.3683
161.8	-70.3686
162	-70.3689
162.2	-70.3691
162.4	-70.3694
162.6	-70.3697
162.8	-70.37
163	-70.3703
163.2	-70.3705
163.4	-70.3708
163.6	-70.3711
163.8	-70.3714
164	-70.3716
164.2	-70.3719
164.4	-70.3722
164.6	-70.3724
164.8	-70.3727
165	-70.373
165.2	-70.3733
165.4	-70.3735
165.6	-70.3738
165.8	-70.3741
166	-70.3743
166.2	-70.3746
166.4	-70.3749
166.6	-70.3752
166.8	-70.3754
167	-70.3757
167.2	-70.376
167.4	-70.3762
167.6	-70.3765
167.8	-70.3768
168	-70.377
168.2	-70.3773
168.4	-70.3776
168.6	-70.3778
168.8	-70.3781
169	-70.3783
169.2	-70.3786
169.4	-70.3789
169.6	-70.3791
169.8	-70.3794
170	-70.3797
170.2	-70.3799
170.4	-70.3802
170.6	-70.3805
170.8	-70.3807
171	-70.381
171.2	-70.3812
171.4	-70.3815
171.6	-70.3818
171.8	-70.382
172	-70.3823
172.2	-70.3825
172.4	-70.3828
172.6	-70.383
172.8	-70.3833
173	-70.3836
173.2	-70.3838
173.4	-70.3841
173.6	-70.3843
173.8	-70.3846
174	-70.3848
174.2	-70.3851
174.4	-70.3854
174.6	-70.3856
174.8	-70.3859
175	-70.3861
175.2	-70.3864
175.4	-70.3866
175.6	-70.3869
175.8	-70.3871
176	-70.3874
176.2	-70.3876
176.4	-70.3879
176.6	-70.3881
176.8	-70.3884
177	-70.3886
177.2	-70.3889
177.4	-70.3891
177.6	-70.3894
177.8	-70.3896
178	-70.3899
178.2	-70.3901
178.4	-70.3904
178.6	-70.3906
178.8	-70.3909
179	-70.3911
179.2	-70.3914
179.4	-70.3916
179.6	-70.3919
179.8	-70.3921
180	-70.3924
180.2	-70.3926
180.4	-70.3928
180.6	-70.3931
180.8	-70.3933
181	-70.3936
181.2	-70.3938
181.4	-70.3941
181.6	-70.3943
181.8	-70.3945
182	-70.3948
182.2	-70.395
182.4	-70.3953
182.6	-70.3955
182.8	-70.3958
183	-70.396
183.2	-70.3962
183.4	-70.3965
183.6	-70.3967
183.8	-70.397
184	-70.3972
184.2	-70.3974
184.4	-70.3977
184.6	-70.3979
184.8	-70.3981
185	-70.3984
185.2	-70.3986
185.4	-70.3989
185.6	-70.3991
185.8	-70.3993
186	-70.3996
186.2	-70.3998
186.4	-70.4
186.6	-70.4003
186.8	-70.4005
187	-70.4007
187.2	-70.401
187.4	-70.4012
187.6	-70.4014
187.8	-70.4017
188	-70.4019
188.2	-70.4021
188.4	-70.4024
188.6	-70.4026
188.8	-70.4028
189	-70.4031
189.2	-70.4033
189.4	-70.4035
189.6	-70.4037
189.8	-70.404
190	-70.4042
190.2	-70.4044
190.4	-70.4047
190.6	-70.4049
190.8	-70.4051
191	-70.4053
191.2	-70.4056
191.4	-70.4058
191.6	-70.406
191.8	-70.4062
192	-70.4065
192.2	-70.4067
192.4	-70.4069
192.6	-70.4072
192.8	-70.4074
193	-70.4076
193.2	-70.4078
193.4	-70.4081
193.6	-70.4083
193.8	-70.4085
194	-70.4087
194.2	-70.4089
194.4	-70.4092
194.6	-70.4094
194.8	-70.4096
195	-70.4098
195.2	-70.4101
195.4	-70.4103
195.6	-70.4105
195.8	-70.4107
196	-70.4109
196.2	-70.4112
196.4	-70.4114
196.6	-70.4116
196.8	-70.4118
197	-70.412
197.2	-70.4122
197.4	-70.4125
197.6	-70.4127
197.8	-70.4129
198	-70.4131
198.2	-70.4133
198.4	-70.4136
198.6	-70.4138
198.8	-70.414
199	-70.4142
199.2	-70.4144
199.4	-70.4146
199.6	-70.4148
199.8	-70.4151
200	-70.4153
200.2	-70.4155
200.4	-70.4157
200.6	-70.4159
200.8	-70.4161
201	-70.4163
201.2	-70.4165
201.4	-70.4168
201.6	-70.417
201.8	-70.4172
202	-70.4174
202.2	-70.4176
202.4	-70.4178
202.6	-70.418
202.8	-70.4182
203	-70.4184
203.2	-70.4187
203.4	-70.4189
203.6	-70.4191
203.8	-70.4193
204	-70.4195
204.2	-70.4197
204.4	-70.4199
204.6	-70.4201
204.8	-70.4203
205	-70.4205
205.2	-70.4207
205.4	-70.4209
205.6	-70.4211
205.8	-70.4213
206	-70.4216
206.2	-70.4218
206.4	-70.422
206.6	-70.4222
206.8	-70.4224
207	-70.4226
207.2	-70.4228
207.4	-70.423
207.6	-70.4232
207.8	-70.4234
208	-70.4236
208.2	-70.4238
208.4	-70.424
208.6	-70.4242
208.8	-70.4244
209	-70.4246
209.2	-70.4248
209.4	-70.425
209.6	-70.4252
209.8	-70.4254
210	-70.4256
210.2	-70.4258
210.4	-70.426
210.6	-70.4262
210.8	-70.4264
211	-70.4266
211.2	-70.4268
211.4	-70.427
211.6	-70.4272
211.8	-70.4274
212	-70.4276
212.2	-70.4278
212.4	-70.428
212.6	-70.4282
212.8	-70.4284
213	-70.4286
213.2	-70.4288
213.4	-70.429
213.6	-70.4292
213.8	-70.4293
214	-70.4295
214.2	-70.4297
214.4	-70.4299
214.6	-70.4301
214.8	-70.4303
215	-70.4305
215.2	-70.4307
215.4	-70.4309
215.6	-70.4311
215.8	-70.4313
216	-70.4315
216.2	-70.4317
216.4	-70.4319
216.6	-70.432
216.8	-70.4322
217	-70.4324
217.2	-70.4326
217.4	-70.4328
217.6	-70.433
217.8	-70.4332
218	-70.4334
218.2	-70.4336
218.4	-70.4337
218.6	-70.4339
218.8	-70.4341
219	-70.4343
219.2	-70.4345
219.4	-70.4347
219.6	-70.4349
219.8	-70.4351
220	-70.4352
220.2	-70.4354
220.4	-70.4356
220.6	-70.4358
220.8	-70.436
221	-70.4362
221.2	-70.4364
221.4	-70.4365
221.6	-70.4367
221.8	-70.4369
222	-70.4371
222.2	-70.4373
222.4	-70.4375
222.6	-70.4377
222.8	-70.4378
223	-70.438
223.2	-70.4382
223.4	-70.4384
223.6	-70.4386
223.8	-70.4387
224	-70.4389
224.2	-70.4391
224.4	-70.4393
224.6	-70.4395
224.8	-70.4397
225	-70.4398
225.2	-70.44
225.4	-70.4402
225.6	-70.4404
225.8	-70.4406
226	-70.4407
226.2	-70.4409
226.4	-70.4411
226.6	-70.4413
226.8	-70.4414
227	-70.4416
227.2	-70.4418
227.4	-70.442
227.6	-70.4422
227.8	-70.4423
228	-70.4425
228.2	-70.4427
228.4	-70.4429
228.6	-70.443
228.8	-70.4432
229	-70.4434
229.2	-70.4436
229.4	-70.4437
229.6	-70.4439
229.8	-70.4441
230	-70.4443
230.2	-70.4444
230.4	-70.4446
230.6	-70.4448
230.8	-70.445
231	-70.4451
231.2	-70.4453
231.4	-70.4455
231.6	-70.4456
231.8	-70.4458
232	-70.446
232.2	-70.4462
232.4	-70.4463
232.6	-70.4465
232.8	-70.4467
233	-70.4468
233.2	-70.447
233.4	-70.4472
233.6	-70.4473
233.8	-70.4475
234	-70.4477
234.2	-70.4479
234.4	-70.448
234.6	-70.4482
234.8	-70.4484
235	-70.4485
235.2	-70.4487
235.4	-70.4489
235.6	-70.449
235.8	-70.4492
236	-70.4494
236.2	-70.4495
236.4	-70.4497
236.6	-70.4499
236.8	-70.45
237	-70.4502
237.2	-70.4504
237.4	-70.4505
237.6	-70.4507
237.8	-70.4509
238	-70.451
238.2	-70.4512
238.4	-70.4514
238.6	-70.4515
238.8	-70.4517
239	-70.4519
239.2	-70.452
239.4	-70.4522
239.6	-70.4523
239.8	-70.4525
240	-70.4527
240.2	-70.4528
240.4	-70.453
240.6	-70.4532
240.8	-70.4533
241	-70.4535
241.2	-70.4536
241.4	-70.4538
241.6	-70.454
241.8	-70.4541
242	-70.4543
242.2	-70.4544
242.4	-70.4546
242.6	-70.4548
242.8	-70.4549
243	-70.4551
243.2	-70.4552
243.4	-70.4554
243.6	-70.4556
243.8	-70.4557
244	-70.4559
244.2	-70.456
244.4	-70.4562
244.6	-70.4564
244.8	-70.4565
245	-70.4567
245.2	-70.4568
245.4	-70.457
245.6	-70.4571
245.8	-70.4573
246	-70.4574
246.2	-70.4576
246.4	-70.4578
246.6	-70.4579
246.8	-70.4581
247	-70.4582
247.2	-70.4584
247.4	-70.4585
247.6	-70.4587
247.8	-70.4588
248	-70.459
248.2	-70.4592
248.4	-70.4593
248.6	-70.4595
248.8	-70.4596
249	-70.4598
249.2	-70.4599
249.4	-70.4601
249.6	-70.4602
249.8	-70.4604
250	-70.4605
250.2	-70.4607
250.4	-70.4608
250.6	-70.461
250.8	-70.4611
251	-70.4613
251.2	-70.4614
251.4	-70.4616
251.6	-70.4617
251.8	-70.4619
252	-70.462
252.2	-70.4622
252.4	-70.4623
252.6	-70.4625
252.8	-70.4626
253	-70.4628
253.2	-70.4629
253.4	-70.4631
253.6	-70.4632
253.8	-70.4634
254	-70.4635
254.2	-70.4637
254.4	-70.4638
254.6	-70.464
254.8	-70.4641
255	-70.4643
255.2	-70.4644
255.4	-70.4645
255.6	-70.4647
255.8	-70.4648
256	-70.465
256.2	-70.4651
256.4	-70.4653
256.6	-70.4654
256.8	-70.4656
257	-70.4657
257.2	-70.4659
257.4	-70.466
257.6	-70.4661
257.8	-70.4663
258	-70.4664
258.2	-70.4666
258.4	-70.4667
258.6	-70.4669
258.8	-70.467
259	-70.4671
259.2	-70.4673
259.4	-70.4674
259.6	-70.4676
259.8	-70.4677
260	-70.4679
260.2	-70.468
260.4	-70.4681
260.6	-70.4683
260.8	-70.4684
261	-70.4686
261.2	-70.4687
261.4	-70.4688
261.6	-70.469
261.8	-70.4691
262	-70.4693
262.2	-70.4694
262.4	-70.4695
262.6	-70.4697
262.8	-70.4698
263	-70.47
263.2	-70.4701
263.4	-70.4702
263.6	-70.4704
263.8	-70.4705
264	-70.4707
264.2	-70.4708
264.4	-70.4709
264.6	-70.4711
264.8	-70.4712
265	-70.4713
265.2	-70.4715
265.4	-70.4716
265.6	-70.4717
265.8	-70.4719
266	-70.472
266.2	-70.4722
266.4	-70.4723
266.6	-70.4724
266.8	-70.4726
267	-70.4727
267.2	-70.4728
267.4	-70.473
267.6	-70.4731
267.8	-70.4732
268	-70.4734
268.2	-70.4735
268.4	-70.4736
268.6	-70.4738
268.8	-70.4739
269	-70.474
269.2	-70.4742
269.4	-70.4743
269.6	-70.4744
269.8	-70.4746
270	-70.4747
270.2	-70.4748
270.4	-70.475
270.6	-70.4751
270.8	-70.4752
271	-70.4754
271.2	-70.4755
271.4	-70.4756
271.6	-70.4758
271.8	-70.4759
272	-70.476
272.2	-70.4762
272.4	-70.4763
272.6	-70.4764
272.8	-70.4765
273	-70.4767
273.2	-70.4768
273.4	-70.4769
273.6	-70.4771
273.8	-70.4772
274	-70.4773
274.2	-70.4774
274.4	-70.4776
274.6	-70.4777
274.8	-70.4778
275	-70.478
275.2	-70.4781
275.4	-70.4782
275.6	-70.4783
275.8	-70.4785
276	-70.4786
276.2	-70.4787
276.4	-70.4789
276.6	-70.479
276.8	-70.4791
277	-70.4792
277.2	-70.4794
277.4	-70.4795
277.6	-70.4796
277.8	-70.4797
278	-70.4799
278.2	-70.48
278.4	-70.4801
278.6	-70.4802
278.8	-70.4804
279	-70.4805
279.2	-70.4806
279.4	-70.4807
279.6	-70.4809
279.8	-70.481
280	-70.4811
280.2	-70.4812
280.4	-70.4813
280.6	-70.4815
280.8	-70.4816
281	-70.4817
281.2	-70.4818
281.4	-70.482
281.6	-70.4821
281.8	-70.4822
282	-70.4823
282.2	-70.4825
282.4	-70.4826
282.6	-70.4827
282.8	-70.4828
283	-70.4829
283.2	-70.4831
283.4	-70.4832
283.6	-70.4833
283.8	-70.4834
284	-70.4835
284.2	-70.4837
284.4	-70.4838
284.6	-70.4839
284.8	-70.484
285	-70.4841
285.2	-70.4843
285.4	-70.4844
285.6	-70.4845
285.8	-70.4846
286	-70.4847
286.2	-70.4849
286.4	-70.485
286.6	-70.4851
286.8	-70.4852
287	-70.4853
287.2	-70.4854
287.4	-70.4856
287.6	-70.4857
287.8	-70.4858
288	-70.4859
288.2	-70.486
288.4	-70.4861
288.6	-70.4863
288.8	-70.4864
289	-70.4865
289.2	-70.4866
289.4	-70.4867
289.6	-70.4868
289.8	-70.487
290	-70.4871
290.2	-70.4872
290.4	-70.4873
290.6	-70.4874
290.8	-70.4875
291	-70.4876
291.2	-70.4878
291.4	-70.4879
291.6	-70.488
291.8	-70.4881
292	-70.4882
292.2	-70.4883
292.4	-70.4884
292.6	-70.4886
292.8	-70.4887
293	-70.4888
293.2	-70.4889
293.4	-70.489
293.6	-70.4891
293.8	-70.4892
294	-70.4893
294.2	-70.4895
294.4	-70.4896
294.6	-70.4897
294.8	-70.4898
295	-70.4899
295.2	-70.49
295.4	-70.4901
295.6	-70.4902
295.8	-70.4904
296	-70.4905
296.2	-70.4906
296.4	-70.4907
296.6	-70.4908
296.8	-70.4909
297	-70.491
297.2	-70.4911
297.4	-70.4912
297.6	-70.4913
297.8	-70.4915
298	-70.4916
298.2	-70.4917
298.4	-70.4918
298.6	-70.4919
298.8	-70.492
299	-70.4921
299.2	-70.4922
299.4	-70.4923
299.6	-70.4924
299.8	-70.4925
300	-70.4927
300.2	-69.8804
300.4	-69.2804
300.6	-68.6925
300.8	-68.1163
301	-67.5517
301.2	-66.9984
301.4	-66.4562
301.6	-65.9249
301.8	-65.4042
302	-64.8939
302.2	-64.3939
302.4	-63.9039
302.6	-63.4238
302.8	-62.9533
303	-62.4922
303.2	-62.0403
303.4	-61.5976
303.6	-61.1637
303.8	-60.7385
304	-60.3218
304.2	-59.9134
304.4	-59.5133
304.6	-59.1211
304.8	-58.7368
305	-58.3601
305.2	-57.9909
305.4	-57.6291
305.6	-57.2744
305.8	-56.9267
306	-56.5858
306.2	-56.2515
306.4	-55.9237
306.6	-55.6021
306.8	-55.2866
307	-54.9771
307.2	-54.6732
307.4	-54.3747
307.6	-54.0815
307.8	-53.7934
308	-53.51
308.2	-53.2311
308.4	-52.9565
308.6	-52.6857
308.8	-52.4187
309	-52.1548
309.2	-51.8939
309.4	-51.6355
309.6	-51.3791
309.8	-51.1243
310	-50.8705
310.2	-50.6172
310.4	-50.3636
310.6	-50.109
310.8	-49.8525
311	-49.593
311.2	-49.3295
311.4	-49.0604
311.6	-48.7841
311.8	-48.4985
312	-48.2009
312.2	-47.8881
312.4	-47.5556
312.6	-47.1977
312.8	-46.8063
313	-46.3698
313.2	-45.8708
313.4	-45.2812
313.6	-44.5526
313.8	-43.5916
314	-42.1875
314.2	-39.7262
314.4	-33.3374
314.6	5.10185
314.8	43.7164
315	38.5049
315.2	18.8787
315.4	-6.01144
315.6	-27.2966
315.8	-44.3677
316	-56.5576
316.2	-62.6189
316.4	-65.3399
316.6	-66.4243
316.8	-66.7095
317	-66.6039
317.2	-66.3079
317.4	-65.9209
317.6	-65.4923
317.8	-65.0472
318	-64.5981
318.2	-64.1514
318.4	-63.7104
318.6	-63.2766
318.8	-62.8509
319	-62.4335
319.2	-62.0245
319.4	-61.624
319.6	-61.2317
319.8	-60.8477
320	-60.4716
320.2	-60.1035
320.4	-59.743
320.6	-59.3901
320.8	-59.0446
321	-58.7063
321.2	-58.3751
321.4	-58.0508
321.6	-57.7332
321.8	-57.4222
322	-57.1177
322.2	-56.8194
322.4	-56.5272
322.6	-56.241
322.8	-55.9606
323	-55.6859
323.2	-55.4166
323.4	-55.1526
323.6	-54.8937
323.8	-54.6398
324	-54.3908
324.2	-54.1463
324.4	-53.9063
324.6	-53.6705
324.8	-53.4388
325	-53.211
325.2	-52.9868
325.4	-52.766
325.6	-52.5485
325.8	-52.3339
326	-52.1221
326.2	-51.9128
326.4	-51.7057
326.6	-51.5005
326.8	-51.2969
327	-51.0946
327.2	-50.8932
327.4	-50.6924
327.6	-50.4917
327.8	-50.2907
328	-50.0889
328.2	-49.8856
328.4	-49.6803
328.6	-49.4722
328.8	-49.2605
329	-49.0442
329.2	-48.8222
329.4	-48.593
329.6	-48.355
329.8	-48.1061
330	-47.8437
330.2	-47.5646
330.4	-47.2643
330.6	-46.9371
330.8	-46.5747
331	-46.1654
331.2	-45.6915
331.4	-45.1242
331.6	-44.4139
331.8	-43.4641
332	-42.055
332.2	-39.5382
332.4	-32.7971
332.6	8.42859
332.8	43.9091
333	37.8404
333.2	17.7964
333.4	-7.07512
333.6	-28.1003
333.8	-45.0934
334	-57.008
334.2	-62.8857
334.4	-65.5235
334.6	-66.578
334.8	-66.8606
335	-66.7667
335.2	-66.49
335.4	-66.1262
335.6	-65.723
335.8	-65.3042
336	-64.882
336.2	-64.4624
336.4	-64.0485
336.6	-63.6418
336.8	-63.2429
337	-62.8523
337.2	-62.4698
337.4	-62.0955
337.6	-61.7293
337.8	-61.3711
338	-61.0206
338.2	-60.6778
338.4	-60.3425
338.6	-60.0144
338.8	-59.6935
339	-59.3796
339.2	-59.0725
339.4	-58.7721
339.6	-58.4782
339.8	-58.1907
340	-57.9094
340.2	-57.6341
340.4	-57.3648
340.6	-57.1013
340.8	-56.8434
341	-56.5909
341.2	-56.3439
341.4	-56.102
341.6	-55.8652
341.8	-55.6333
342	-55.4062
342.2	-55.1838
342.4	-54.9659
342.6	-54.7523
342.8	-54.5429
343	-54.3376
343.2	-54.1363
343.4	-53.9388
343.6	-53.7449
343.8	-53.5545
344	-53.3675
344.2	-53.1836
344.4	-53.0029
344.6	-52.825
344.8	-52.6499
345	-52.4774
345.2	-52.3073
345.4	-52.1394
345.6	-51.9736
345.8	-51.8098
346	-51.6477
346.2	-51.4871
346.4	-51.3278
346.6	-51.1697
346.8	-51.0125
347	-50.856
347.2	-50.7
347.4	-50.5441
347.6	-50.3882
347.8	-50.2319
348	-50.0749
348.2	-49.9168
348.4	-49.7573
348.6	-49.5959
348.8	-49.4321
349	-49.2655
349.2	-49.0953
349.4	-48.9208
349.6	-48.7411
349.8	-48.5554
350	-48.3624
350.2	-48.1606
350.4	-47.9483
350.6	-47.7233
350.8	-47.4829
351	-47.2233
351.2	-46.9397
351.4	-46.6257
351.6	-46.272
351.8	-45.865
352	-45.3836
352.2	-44.7931
352.4	-44.0308
352.6	-42.969
352.8	-41.2921
353	-37.928
353.2	-26.0131
353.4	31.5265
353.6	43.5532
353.8	31.214
354	8.08186
354.2	-16.1474
354.4	-35.0449
354.6	-50.6188
354.8	-59.8207
355	-64.1575
355.2	-66.054
355.4	-66.7601
355.6	-66.8855
355.8	-66.7277
356	-66.4333
356.2	-66.0746
356.4	-65.6879
356.6	-65.2913
356.8	-64.894
357	-64.5006
357.2	-64.1135
357.4	-63.7336
357.6	-63.3615
357.8	-62.9974
358	-62.6412
358.2	-62.293
358.4	-61.9525
358.6	-61.6196
358.8	-61.2943
359	-60.9762
359.2	-60.6653
359.4	-60.3614
359.6	-60.0643
359.8	-59.7738
360	-59.4899
360.2	-59.2124
360.4	-58.9411
360.6	-58.6758
360.8	-58.4165
361	-58.1629
361.2	-57.915
361.4	-57.6726
361.6	-57.4356
361.8	-57.2038
362	-56.9771
362.2	-56.7554
362.4	-56.5385
362.6	-56.3264
362.8	-56.1188
363	-55.9158
363.2	-55.717
363.4	-55.5225
363.6	-55.3321
363.8	-55.1458
364	-54.9632
364.2	-54.7845
364.4	-54.6093
364.6	-54.4377
364.8	-54.2696
365	-54.1047
365.2	-53.943
365.4	-53.7843
365.6	-53.6287
365.8	-53.4759
366	-53.3258
366.2	-53.1784
366.4	-53.0334
366.6	-52.8909
366.8	-52.7507
367	-52.6127
367.2	-52.4768
367.4	-52.3429
367.6	-52.2108
367.8	-52.0804
368	-51.9517
368.2	-51.8245
368.4	-51.6987
368.6	-51.5743
368.8	-51.4509
369	-51.3287
369.2	-51.2073
369.4	-51.0868
369.6	-50.9669
369.8	-50.8475
370	-50.7285
370.2	-50.6097
370.4	-50.4911
370.6	-50.3723
370.8	-50.2532
371	-50.1337
371.2	-50.0135
371.4	-49.8925
371.6	-49.7703
371.8	-49.6468
372	-49.5216
372.2	-49.3944
372.4	-49.2649
372.6	-49.1327
372.8	-48.9973
373	-48.8582
373.2	-48.7149
373.4	-48.5666
373.6	-48.4125
373.8	-48.2518
374	-48.0831
374.2	-47.9053
374.4	-47.7166
374.6	-47.5148
374.8	-47.2972
375	-47.0604
375.2	-46.7998
375.4	-46.5089
375.6	-46.1789
375.8	-45.7967
376	-45.3424
376.2	-44.7829
376.4	-44.0595
376.6	-43.0541
376.8	-41.482
377	-38.4168
377.2	-28.4252
377.4	26.4162
377.6	43.7975
377.8	33.0428
378	10.5772
378.2	-13.9465
378.4	-33.3358
378.6	-49.3542
378.8	-59.2206
379	-63.9187
379.2	-65.9989
379.4	-66.8027
379.6	-66.9847
379.8	-66.8638
380	-66.5967
380.2	-66.2607
380.4	-65.8942
380.6	-65.5168
380.8	-65.1379
381	-64.7626
381.2	-64.3931
381.4	-64.0307
381.6	-63.6759
381.8	-63.3289
382	-62.9897
382.2	-62.6581
382.4	-62.3341
382.6	-62.0176
382.8	-61.7084
383	-61.4063
383.2	-61.1111
383.4	-60.8228
383.6	-60.5411
383.8	-60.2658
384	-59.997
384.2	-59.7342
384.4	-59.4776
384.6	-59.2268
384.8	-58.9817
385	-58.7423
385.2	-58.5083
385.4	-58.2797
385.6	-58.0563
385.8	-57.838
386	-57.6246
386.2	-57.416
386.4	-57.2122
386.6	-57.0129
386.8	-56.8181
387	-56.6277
387.2	-56.4415
387.4	-56.2594
387.6	-56.0814
387.8	-55.9072
388	-55.7369
388.2	-55.5703
388.4	-55.4073
388.6	-55.2477
388.8	-55.0916
389	-54.9388
389.2	-54.7891
389.4	-54.6426
389.6	-54.4991
389.8	-54.3585
390	-54.2208
390.2	-54.0858
390.4	-53.9534
390.6	-53.8237
390.8	-53.6963
391	-53.5714
391.2	-53.4488
391.4	-53.3285
391.6	-53.2103
391.8	-53.0941
392	-52.98
392.2	-52.8678
392.4	-52.7574
392.6	-52.6487
392.8	-52.5418
393	-52.4365
393.2	-52.3327
393.4	-52.2303
393.6	-52.1294
393.8	-52.0298
394	-51.9314
394.2	-51.8342
394.4	-51.7381
394.6	-51.643
394.8	-51.5489
395	-51.4557
395.2	-51.3633
395.4	-51.2717
395.6	-51.1807
395.8	-51.0903
396	-51.0004
396.2	-50.9109
396.4	-50.8219
396.6	-50.7331
396.8	-50.6444
397	-50.5559
397.2	-50.4674
397.4	-50.3789
397.6	-50.2901
397.8	-50.2011
398	-50.1117
398.2	-50.0217
398.4	-49.9312
398.6	-49.8398
398.8	-49.7476
399	-49.6543
399.2	-49.5598
399.4	-49.4639
399.6	-49.3664
399.8	-49.267
400	-49.1656
400.2	-49.0618
400.4	-48.9554
400.6	-48.846
400.8	-48.7332
401	-48.6166
401.2	-48.4957
401.4	-48.3698
401.6	-48.2383
401.8	-48.1003
402	-47.9549
402.2	-47.8008
402.4	-47.6367
402.6	-47.4606
402.8	-47.2703
403	-47.063
403.2	-46.8347
403.4	-46.5805
403.6	-46.2932
403.8	-45.9629
404	-45.5747
404.2	-45.1052
404.4	-44.5153
404.6	-43.7325
404.8	-42.6038
405	-40.731
405.2	-36.6171
405.4	-18.6449
405.6	38.7382
405.8	42.3783
406	27.0639
406.2	3.01718
406.4	-20.3161
406.6	-38.4889
406.8	-53.1551
407	-61.1821
407.2	-64.906
407.4	-66.5107
407.6	-67.0865
407.8	-67.1625
408	-66.9962
408.2	-66.7138
408.4	-66.3777
408.6	-66.019
408.8	-65.653
409	-65.2877
409.2	-64.9267
409.4	-64.572
409.6	-64.2245
409.8	-63.8846
410	-63.5523
410.2	-63.2277
410.4	-62.9107
410.6	-62.601
410.8	-62.2986
411	-62.0034
411.2	-61.715
411.4	-61.4334
411.6	-61.1585
411.8	-60.89
412	-60.6278
412.2	-60.3717
412.4	-60.1217
412.6	-59.8775
412.8	-59.639
413	-59.4061
413.2	-59.1786
413.4	-58.9565
413.6	-58.7395
413.8	-58.5275
414	-58.3205
414.2	-58.1183
414.4	-57.9207
414.6	-57.7277
414.8	-57.5391
415	-57.3549
415.2	-57.1749
415.4	-56.999
415.6	-56.8271
415.8	-56.6592
416	-56.495
416.2	-56.3345
416.4	-56.1776
416.6	-56.0242
416.8	-55.8743
417	-55.7277
417.2	-55.5842
417.4	-55.444
417.6	-55.3068
417.8	-55.1725
418	-55.0412
418.2	-54.9126
418.4	-54.7868
418.6	-54.6636
418.8	-54.543
419	-54.4249
419.2	-54.3092
419.4	-54.1958
419.6	-54.0848
419.8	-53.9759
420	-53.8692
420.2	-53.7645
420.4	-53.6619
420.6	-53.5611
420.8	-53.4623
421	-53.3653
421.2	-53.2701
421.4	-53.1765
421.6	-53.0846
421.8	-52.9943
422	-52.9055
422.2	-52.8182
422.4	-52.7323
422.6	-52.6478
422.8	-52.5646
423	-52.4826
423.2	-52.4019
423.4	-52.3224
423.6	-52.244
423.8	-52.1666
424	-52.0903
424.2	-52.015
424.4	-51.9406
424.6	-51.8671
424.8	-51.7945
425	-51.7226
425.2	-51.6515
425.4	-51.5812
425.6	-51.5115
425.8	-51.4425
426	-51.3741
426.2	-51.3062
426.4	-51.2388
426.6	-51.1719
426.8	-51.1054
427	-51.0394
427.2	-50.9736
427.4	-50.9082
427.6	-50.843
427.8	-50.778
428	-50.7132
428.2	-50.6486
428.4	-50.584
428.6	-50.5194
428.8	-50.4548
429	-50.3901
429.2	-50.3254
429.4	-50.2604
429.6	-50.1952
429.8	-50.1297
430	-50.0638
430.2	-49.9976
430.4	-49.9308
430.6	-49.8634
430.8	-49.7955
431	-49.7268
431.2	-49.6572
431.4	-49.5868
431.6	-49.5153
431.8	-49.4428
432	-49.3689
432.2	-49.2937
432.4	-49.217
432.6	-49.1386
432.8	-49.0583
433	-48.976
433.2	-48.8914
433.4	-48.8044
433.6	-48.7145
433.8	-48.6215
434	-48.5251
434.2	-48.4248
434.4	-48.3202
434.6	-48.2108
434.8	-48.0959
435	-47.9748
435.2	-47.8465
435.4	-47.7101
435.6	-47.5643
435.8	-47.4074
436	-47.2374
436.2	-47.0519
436.4	-46.8476
436.6	-46.6201
436.8	-46.3637
437	-46.0702
437.2	-45.7276
437.4	-45.318
437.6	-44.8124
437.8	-44.16
438	-43.2621
438.2	-41.8929
438.4	-39.3809
438.6	-32.4509
438.8	10.2821
439	43.8637
439.2	37.1955
439.4	16.8519
439.6	-7.97812
439.8	-28.7984
440	-45.7671
440.2	-57.4763
440.4	-63.2262
440.6	-65.8239
440.8	-66.8871
441	-67.2057
441.2	-67.1627
441.4	-66.9452
441.6	-66.6452
441.8	-66.308
442	-65.9564
442.2	-65.6017
442.4	-65.2495
442.6	-64.9027
442.8	-64.5625
443	-64.2295
443.2	-63.9041
443.4	-63.5862
443.6	-63.2757
443.8	-62.9726
444	-62.6767
444.2	-62.3878
444.4	-62.1059
444.6	-61.8306
444.8	-61.5619
445	-61.2996
445.2	-61.0435
445.4	-60.7936
445.6	-60.5495
445.8	-60.3113
446	-60.0788
446.2	-59.8517
446.4	-59.63
446.6	-59.4136
446.8	-59.2023
447	-58.996
447.2	-58.7945
447.4	-58.5978
447.6	-58.4057
447.8	-58.2181
448	-58.0349
448.2	-57.856
448.4	-57.6812
448.6	-57.5105
448.8	-57.3438
449	-57.1809
449.2	-57.0218
449.4	-56.8664
449.6	-56.7145
449.8	-56.5661
450	-56.4211
450.2	-56.2794
450.4	-56.1409
450.6	-56.0055
450.8	-55.8731
451	-55.7437
451.2	-55.6172
451.4	-55.4935
451.6	-55.3725
451.8	-55.2541
452	-55.1383
452.2	-55.025
452.4	-54.9142
452.6	-54.8057
452.8	-54.6995
453	-54.5955
453.2	-54.4937
453.4	-54.3941
453.6	-54.2964
453.8	-54.2008
454	-54.1071
454.2	-54.0152
454.4	-53.9252
454.6	-53.8369
454.8	-53.7504
455	-53.6655
455.2	-53.5822
455.4	-53.5004
455.6	-53.4202
455.8	-53.3415
456	-53.2642
456.2	-53.1882
456.4	-53.1136
456.6	-53.0403
456.8	-52.9682
457	-52.8974
457.2	-52.8277
457.4	-52.7591
457.6	-52.6917
457.8	-52.6253
458	-52.5599
458.2	-52.4955
458.4	-52.4321
458.6	-52.3695
458.8	-52.3079
459	-52.2472
459.2	-52.1872
459.4	-52.1281
459.6	-52.0697
459.8	-52.012
460	-51.9551
460.2	-51.8988
460.4	-51.8432
460.6	-51.7882
460.8	-51.7338
461	-51.68
461.2	-51.6267
461.4	-51.574
461.6	-51.5217
461.8	-51.4699
462	-51.4186
462.2	-51.3676
462.4	-51.3171
462.6	-51.2669
462.8	-51.2171
463	-51.1676
463.2	-51.1184
463.4	-51.0695
463.6	-51.0208
463.8	-50.9724
464	-50.9242
464.2	-50.8761
464.4	-50.8282
464.6	-50.7805
464.8	-50.7328
465	-50.6853
465.2	-50.6378
465.4	-50.5903
465.6	-50.5429
465.8	-50.4954
466	-50.4479
466.2	-50.4003
466.4	-50.3526
466.6	-50.3048
466.8	-50.2568
467	-50.2087
467.2	-50.1603
467.4	-50.1116
467.6	-50.0627
467.8	-50.0134
468	-49.9638
468.2	-49.9137
468.4	-49.8632
468.6	-49.8122
468.8	-49.7607
469	-49.7085
469.2	-49.6558
469.4	-49.6023
469.6	-49.548
469.8	-49.4929
470	-49.4369
470.2	-49.38
470.4	-49.3219
470.6	-49.2627
470.8	-49.2023
471	-49.1405
471.2	-49.0773
471.4	-49.0124
471.6	-48.9458
471.8	-48.8773
472	-48.8068
472.2	-48.734
472.4	-48.6587
472.6	-48.5807
472.8	-48.4997
473	-48.4154
473.2	-48.3275
473.4	-48.2355
473.6	-48.139
473.8	-48.0374
474	-47.9301
474.2	-47.8162
474.4	-47.695
474.6	-47.5654
474.8	-47.4258
475	-47.2749
475.2	-47.1103
475.4	-46.9296
475.6	-46.7294
475.8	-46.5049
476	-46.2502
476.2	-45.9564
476.4	-45.6109
476.6	-45.1941
476.8	-44.6741
477	-43.9943
477.2	-43.0417
477.4	-41.5483
477.6	-38.6633
477.8	-29.6511
478	22.7905
478.2	43.8918
478.4	34.12
478.6	12.1616
478.8	-12.4755
479	-32.2206
479.2	-48.555
479.4	-58.8999
479.6	-63.8619
479.8	-66.0809
480	-66.9659
480.2	-67.2029
480.4	-67.1254
480.6	-66.8962
480.8	-66.5956
481	-66.2635
481.2	-65.9197
481.4	-65.5741
481.6	-65.2315
481.8	-64.8945
482	-64.5642
482.2	-64.2411
482.4	-63.9254
482.6	-63.6171
482.8	-63.3161
483	-63.0223
483.2	-62.7355
483.4	-62.4557
483.6	-62.1826
483.8	-61.916
484	-61.6559
484.2	-61.402
484.4	-61.1542
484.6	-60.9123
484.8	-60.6763
485	-60.4459
485.2	-60.2211
485.4	-60.0016
485.6	-59.7873
485.8	-59.5782
486	-59.3741
486.2	-59.1748
486.4	-58.9803
486.6	-58.7904
486.8	-58.6049
487	-58.4239
487.2	-58.2472
487.4	-58.0746
487.6	-57.9061
487.8	-57.7415
488	-57.5808
488.2	-57.4239
488.4	-57.2706
488.6	-57.1209
488.8	-56.9747
489	-56.8318
489.2	-56.6923
489.4	-56.5559
489.6	-56.4227
489.8	-56.2925
490	-56.1653
490.2	-56.0409
490.4	-55.9194
490.6	-55.8006
490.8	-55.6844
491	-55.5709
491.2	-55.4598
491.4	-55.3512
491.6	-55.245
491.8	-55.1411
492	-55.0394
492.2	-54.94
492.4	-54.8426
492.6	-54.7474
492.8	-54.6541
493	-54.5628
493.2	-54.4734
493.4	-54.3859
493.6	-54.3001
493.8	-54.2161
494	-54.1338
494.2	-54.0531
494.4	-53.9741
494.6	-53.8966
494.8	-53.8206
495	-53.746
495.2	-53.6729
495.4	-53.6012
495.6	-53.5308
495.8	-53.4617
496	-53.3939
496.2	-53.3273
496.4	-53.2619
496.6	-53.1977
496.8	-53.1346
497	-53.0725
497.2	-53.0116
497.4	-52.9516
497.6	-52.8926
497.8	-52.8347
498	-52.7776
498.2	-52.7214
498.4	-52.6662
498.6	-52.6117
498.8	-52.5581
499	-52.5053
499.2	-52.4533
499.4	-52.402
499.6	-52.3514
499.8	-52.3015
500	-52.2523
500.2	-52.2038
500.4	-52.1559
500.6	-52.1086
500.8	-52.0619
501	-52.0158
501.2	-51.9702
501.4	-51.9252
501.6	-51.8806
501.8	-51.8366
502	-51.793
502.2	-51.7499
502.4	-51.7072
502.6	-51.665
502.8	-51.6231
503	-51.5817
503.2	-51.5406
503.4	-51.4999
503.6	-51.4595
503.8	-51.4194
504	-51.3797
504.2	-51.3402
504.4	-51.301
504.6	-51.2621
504.8	-51.2235
505	-51.185
505.2	-51.1468
505.4	-51.1088
505.6	-51.071
505.8	-51.0334
506	-50.9959
506.2	-50.9586
506.4	-50.9214
506.6	-50.8844
506.8	-50.8474
507	-50.8105
507.2	-50.7737
507.4	-50.737
507.6	-50.7003
507.8	-50.6637
508	-50.6271
508.2	-50.5905
508.4	-50.5538
508.6	-50.5172
508.8	-50.4805
509	-50.4437
509.2	-50.4069
509.4	-50.3699
509.6	-50.3329
509.8	-50.2957
510	-50.2584
510.2	-50.2209
510.4	-50.1833
510.6	-50.1454
510.8	-50.1073
511	-50.069
511.2	-50.0303
511.4	-49.9914
511.6	-49.9522
511.8	-49.9126
512	-49.8727
512.2	-49.8323
512.4	-49.7915
512.6	-49.7503
512.8	-49.7085
513	-49.6662
513.2	-49.6234
513.4	-49.5799
513.6	-49.5358
513.8	-49.491
514	-49.4454
514.2	-49.399
514.4	-49.3518
514.6	-49.3036
514.8	-49.2545
515	-49.2043
515.2	-49.153
515.4	-49.1004
515.6	-49.0465
515.8	-48.9913
516	-48.9345
516.2	-48.8761
516.4	-48.8159
516.6	-48.7537
516.8	-48.6895
517	-48.6231
517.2	-48.5541
517.4	-48.4825
517.6	-48.4079
517.8	-48.33
518	-48.2485
518.2	-48.1631
518.4	-48.0732
518.6	-47.9784
518.8	-47.878
519	-47.7714
519.2	-47.6576
519.4	-47.5357
519.6	-47.4043
519.8	-47.2621
520	-47.1069
520.2	-46.9365
520.4	-46.7477
520.6	-46.5363
520.8	-46.2968
521	-46.0215
521.2	-45.699
521.4	-45.3126
521.6	-44.8353
521.8	-44.2205
522	-43.3794
522.2	-42.1146
522.4	-39.8668
522.6	-34.1624
522.8	-1.35892
523	42.6639
523.2	38.8921
523.4	19.8324
523.6	-5.02678
523.8	-26.5915
524	-43.8334
524.2	-56.3557
524.4	-62.6598
524.6	-65.5422
524.8	-66.7533
525	-67.1522
525.2	-67.1563
525.4	-66.9693
525.6	-66.6915
525.8	-66.3724
526	-66.0366
526.2	-65.6965
526.4	-65.3582
526.6	-65.0248
526.8	-64.6977
527	-64.3776
527.2	-64.0648
527.4	-63.7594
527.6	-63.4612
527.8	-63.1701
528	-62.8861
528.2	-62.6089
528.4	-62.3385
528.6	-62.0746
528.8	-61.817
529	-61.5657
529.2	-61.3205
529.4	-61.0812
529.6	-60.8476
529.8	-60.6197
530	-60.3973
530.2	-60.1802
530.4	-59.9684
530.6	-59.7616
530.8	-59.5598
531	-59.3629
531.2	-59.1706
531.4	-58.9829
531.6	-58.7997
531.8	-58.6209
532	-58.4463
532.2	-58.2759
532.4	-58.1095
532.6	-57.9471
532.8	-57.7884
533	-57.6335
533.2	-57.4823
533.4	-57.3346
533.6	-57.1903
533.8	-57.0494
534	-56.9118
534.2	-56.7774
534.4	-56.6461
534.6	-56.5178
534.8	-56.3924
535	-56.2699
535.2	-56.1502
535.4	-56.0333
535.6	-55.9189
535.8	-55.8072
536	-55.6979
536.2	-55.5911
536.4	-55.4866
536.6	-55.3845
536.8	-55.2846
537	-55.1869
537.2	-55.0913
537.4	-54.9978
537.6	-54.9062
537.8	-54.8167
538	-54.729
538.2	-54.6432
538.4	-54.5592
538.6	-54.4769
538.8	-54.3964
539	-54.3175
539.2	-54.2401
539.4	-54.1644
539.6	-54.0902
539.8	-54.0174
540	-53.9461
540.2	-53.8761
540.4	-53.8076
540.6	-53.7403
540.8	-53.6743
541	-53.6096
541.2	-53.546
541.4	-53.4837
541.6	-53.4225
541.8	-53.3623
542	-53.3033
542.2	-53.2453
542.4	-53.1883
542.6	-53.1323
542.8	-53.0772
543	-53.0231
543.2	-52.9699
543.4	-52.9176
543.6	-52.8661
543.8	-52.8154
544	-52.7655
544.2	-52.7165
544.4	-52.6681
544.6	-52.6205
544.8	-52.5736
545	-52.5274
545.2	-52.4819
545.4	-52.437
545.6	-52.3927
545.8	-52.3491
546	-52.306
546.2	-52.2635
546.4	-52.2216
546.6	-52.1802
546.8	-52.1394
547	-52.099
547.2	-52.0591
547.4	-52.0197
547.6	-51.9808
547.8	-51.9423
548	-51.9042
548.2	-51.8665
548.4	-51.8292
548.6	-51.7924
548.8	-51.7559
549	-51.7197
549.2	-51.6839
549.4	-51.6484
549.6	-51.6133
549.8	-51.5784
550	-51.5439
550.2	-51.5097
550.4	-51.4757
550.6	-51.4419
550.8	-51.4085
551	-51.3752
551.2	-51.3422
551.4	-51.3095
551.6	-51.2769
551.8	-51.2445
552	-51.2123
552.2	-51.1803
552.4	-51.1485
552.6	-51.1168
552.8	-51.0852
553	-51.0538
553.2	-51.0225
553.4	-50.9914
553.6	-50.9603
553.8	-50.9293
554	-50.8985
554.2	-50.8677
554.4	-50.8369
554.6	-50.8063
554.8	-50.7756
555	-50.7451
555.2	-50.7145
555.4	-50.684
555.6	-50.6534
555.8	-50.6229
556	-50.5923
556.2	-50.5617
556.4	-50.5311
556.6	-50.5005
556.8	-50.4698
557	-50.439
557.2	-50.4081
557.4	-50.3772
557.6	-50.3461
557.8	-50.3149
558	-50.2836
558.2	-50.2522
558.4	-50.2206
558.6	-50.1888
558.8	-50.1568
559	-50.1247
559.2	-50.0923
559.4	-50.0597
559.6	-50.0268
559.8	-49.9937
560	-49.9603
560.2	-49.9266
560.4	-49.8925
560.6	-49.8582
560.8	-49.8234
561	-49.7883
561.2	-49.7527
561.4	-49.7167
561.6	-49.6803
561.8	-49.6433
562	-49.6059
562.2	-49.5678
562.4	-49.5292
562.6	-49.4899
562.8	-49.45
563	-49.4094
563.2	-49.368
563.4	-49.3258
563.6	-49.2828
563.8	-49.2388
564	-49.1939
564.2	-49.1479
564.4	-49.1009
564.6	-49.0526
564.8	-49.0031
565	-48.9523
565.2	-48.9
565.4	-48.8461
565.6	-48.7905
565.8	-48.7332
566	-48.6738
566.2	-48.6124
566.4	-48.5486
566.6	-48.4823
566.8	-48.4133
567	-48.3413
567.2	-48.2659
567.4	-48.1869
567.6	-48.1039
567.8	-48.0164
568	-47.9239
568.2	-47.8258
568.4	-47.7213
568.6	-47.6096
568.8	-47.4897
569	-47.3603
569.2	-47.2198
569.4	-47.0664
569.6	-46.8974
569.8	-46.7099
570	-46.4994
570.2	-46.2605
570.4	-45.9851
570.6	-45.6618
570.8	-45.2733
571	-44.7917
571.2	-44.1689
571.4	-43.3123
571.6	-42.0135
571.8	-39.6714
572	-33.526
572.2	3.17753
572.4	43.2234
572.6	38.2105
572.8	18.5986
573	-6.26446
573.2	-27.519
573.4	-44.6553
573.6	-56.8478
573.8	-62.9206
574	-65.6868
574.2	-66.8408
574.4	-67.2122
574.6	-67.2035
574.8	-67.0112
575	-66.7318
575.2	-66.4129
575.4	-66.0784
575.6	-65.74
575.8	-65.4037
576	-65.0724
576.2	-64.7475
576.4	-64.4296
576.6	-64.119
576.8	-63.8156
577	-63.5196
577.2	-63.2306
577.4	-62.9487
577.6	-62.6736
577.8	-62.4051
578	-62.1432
578.2	-61.8876
578.4	-61.6383
578.6	-61.3949
578.8	-61.1575
579	-60.9258
579.2	-60.6997
579.4	-60.4791
579.6	-60.2638
579.8	-60.0537
580	-59.8487
580.2	-59.6486
580.4	-59.4533
580.6	-59.2626
580.8	-59.0766
581	-58.895
581.2	-58.7177
581.4	-58.5447
581.6	-58.3758
581.8	-58.2109
582	-58.0499
582.2	-57.8928
582.4	-57.7393
582.6	-57.5895
582.8	-57.4432
583	-57.3003
583.2	-57.1607
583.4	-57.0245
583.6	-56.8913
583.8	-56.7613
584	-56.6343
584.2	-56.5102
584.4	-56.389
584.6	-56.2705
584.8	-56.1548
585	-56.0416
585.2	-55.9311
585.4	-55.823
585.6	-55.7173
585.8	-55.6141
586	-55.5131
586.2	-55.4143
586.4	-55.3177
586.6	-55.2232
586.8	-55.1308
587	-55.0404
587.2	-54.952
587.4	-54.8654
587.6	-54.7807
587.8	-54.6977
588	-54.6165
588.2	-54.537
588.4	-54.4592
588.6	-54.3829
588.8	-54.3083
589	-54.2351
589.2	-54.1634
589.4	-54.0931
589.6	-54.0242
589.8	-53.9567
590	-53.8905
590.2	-53.8256
590.4	-53.7619
590.6	-53.6994
590.8	-53.6382
591	-53.578
591.2	-53.519
591.4	-53.461
591.6	-53.4041
591.8	-53.3482
592	-53.2933
592.2	-53.2393
592.4	-53.1863
592.6	-53.1342
592.8	-53.083
593	-53.0327
593.2	-52.9831
593.4	-52.9344
593.6	-52.8865
593.8	-52.8393
594	-52.7929
594.2	-52.7472
594.4	-52.7022
594.6	-52.6579
594.8	-52.6143
595	-52.5712
595.2	-52.5289
595.4	-52.4871
595.6	-52.4459
595.8	-52.4053
596	-52.3652
596.2	-52.3256
596.4	-52.2866
596.6	-52.2481
596.8	-52.2101
597	-52.1726
597.2	-52.1355
597.4	-52.0988
597.6	-52.0626
597.8	-52.0269
598	-51.9915
598.2	-51.9565
598.4	-51.9219
598.6	-51.8877
598.8	-51.8538
599	-51.8203
599.2	-51.7871
599.4	-51.7543
599.6	-51.7217
599.8	-51.6895
600	-51.6575
600.2	-51.6258
600.4	-51.5944
600.6	-51.5633
600.8	-51.5324
601	-51.5017
601.2	-51.4713
601.4	-51.4411
601.6	-51.4111
601.8	-51.3813
602	-51.3518
602.2	-51.3224
602.4	-51.2931
602.6	-51.2641
602.8	-51.2352
603	-51.2065
603.2	-51.1779
603.4	-51.1495
603.6	-51.1211
603.8	-51.0929
604	-51.0649
604.2	-51.0369
604.4	-51.009
604.6	-50.9812
604.8	-50.9535
605	-50.9258
605.2	-50.8983
605.4	-50.8708
605.6	-50.8433
605.8	-50.8159
606	-50.7885
606.2	-50.7611
606.4	-50.7338
606.6	-50.7065
606.8	-50.6791
607	-50.6518
607.2	-50.6245
607.4	-50.5971
607.6	-50.5697
607.8	-50.5423
608	-50.5148
608.2	-50.4872
608.4	-50.4596
608.6	-50.432
608.8	-50.4042
609	-50.3763
609.2	-50.3484
609.4	-50.3203
609.6	-50.2921
609.8	-50.2638
610	-50.2353
610.2	-50.2066
610.4	-50.1778
610.6	-50.1488
610.8	-50.1197
611	-50.0903
611.2	-50.0607
611.4	-50.0308
611.6	-50.0007
611.8	-49.9704
612	-49.9397
612.2	-49.9088
612.4	-49.8776
612.6	-49.846
612.8	-49.8141
613	-49.7818
613.2	-49.7491
613.4	-49.716
613.6	-49.6824
613.8	-49.6484
614	-49.614
614.2	-49.5789
614.4	-49.5434
614.6	-49.5073
614.8	-49.4705
615	-49.4332
615.2	-49.3951
615.4	-49.3563
615.6	-49.3168
615.8	-49.2764
616	-49.2352
616.2	-49.193
616.4	-49.1499
616.6	-49.1058
616.8	-49.0605
617	-49.014
617.2	-48.9663
617.4	-48.9173
617.6	-48.8668
617.8	-48.8147
618	-48.761
618.2	-48.7054
618.4	-48.6479
618.6	-48.5883
618.8	-48.5265
619	-48.4621
619.2	-48.395
619.4	-48.325
619.6	-48.2517
619.8	-48.1748
620	-48.094
620.2	-48.0088
620.4	-47.9187
620.6	-47.823
620.8	-47.7212
621	-47.6124
621.2	-47.4955
621.4	-47.3695
621.6	-47.2327
621.8	-47.0833
622	-46.919
622.2	-46.7368
622.4	-46.5327
622.6	-46.3014
622.8	-46.0355
623	-45.7244
623.2	-45.3523
623.4	-44.8941
623.6	-44.3071
623.8	-43.5111
624	-42.3327
624.2	-40.3018
624.4	-35.5125
624.6	-11.2825
624.8	40.9759
625	40.6658
625.2	23.3334
625.4	-1.27606
625.6	-23.7274
625.8	-41.3821
626	-54.9474
626.2	-62.0163
626.4	-65.2771
626.6	-66.6729
626.8	-67.1628
627	-67.2126
627.2	-67.0493
627.4	-66.7844
627.6	-66.4728
627.8	-66.1419
628	-65.8053
628.2	-65.4699
628.4	-65.1391
628.6	-64.8143
628.8	-64.4965
629	-64.1859
629.2	-63.8826
629.4	-63.5865
629.6	-63.2975
629.8	-63.0156
630	-62.7405
630.2	-62.4721
630.4	-62.2102
630.6	-61.9546
630.8	-61.7053
631	-61.462
631.2	-61.2246
631.4	-60.993
631.6	-60.767
631.8	-60.5465
632	-60.3313
632.2	-60.1212
632.4	-59.9163
632.6	-59.7163
632.8	-59.5211
633	-59.3306
633.2	-59.1447
633.4	-58.9632
633.6	-58.7861
633.8	-58.6132
634	-58.4444
634.2	-58.2796
634.4	-58.1188
634.6	-57.9618
634.8	-57.8085
635	-57.6588
635.2	-57.5126
635.4	-57.3699
635.6	-57.2305
635.8	-57.0944
636	-56.9615
636.2	-56.8316
636.4	-56.7048
636.6	-56.5809
636.8	-56.4598
637	-56.3415
637.2	-56.2259
637.4	-56.113
637.6	-56.0026
637.8	-55.8948
638	-55.7893
638.2	-55.6862
638.4	-55.5854
638.6	-55.4869
638.8	-55.3905
639	-55.2963
639.2	-55.2041
639.4	-55.1139
639.6	-55.0256
639.8	-54.9393
640	-54.8548
640.2	-54.7721
640.4	-54.6912
640.6	-54.6119
640.8	-54.5343
641	-54.4583
641.2	-54.3839
641.4	-54.311
641.6	-54.2396
641.8	-54.1696
642	-54.101
642.2	-54.0338
642.4	-53.9678
642.6	-53.9032
642.8	-53.8398
643	-53.7777
643.2	-53.7167
643.4	-53.6569
643.6	-53.5981
643.8	-53.5405
644	-53.4839
644.2	-53.4284
644.4	-53.3738
644.6	-53.3202
644.8	-53.2676
645	-53.2158
645.2	-53.165
645.4	-53.115
645.6	-53.0659
645.8	-53.0175
646	-52.97
646.2	-52.9233
646.4	-52.8772
646.6	-52.832
646.8	-52.7874
647	-52.7435
647.2	-52.7003
647.4	-52.6577
647.6	-52.6158
647.8	-52.5745
648	-52.5337
648.2	-52.4936
648.4	-52.454
648.6	-52.415
648.8	-52.3764
649	-52.3384
649.2	-52.3009
649.4	-52.2639
649.6	-52.2274
649.8	-52.1913
650	-52.1556
650.2	-52.1204
650.4	-52.0856
650.6	-52.0512
650.8	-52.0172
651	-51.9836
651.2	-51.9504
651.4	-51.9174
651.6	-51.8849
651.8	-51.8527
652	-51.8208
652.2	-51.7892
652.4	-51.7579
652.6	-51.7269
652.8	-51.6962
653	-51.6658
653.2	-51.6356
653.4	-51.6057
653.6	-51.5761
653.8	-51.5466
654	-51.5174
654.2	-51.4885
654.4	-51.4597
654.6	-51.4311
654.8	-51.4028
655	-51.3746
655.2	-51.3466
655.4	-51.3187
655.6	-51.2911
655.8	-51.2635
656	-51.2362
656.2	-51.2089
656.4	-51.1818
656.6	-51.1549
656.8	-51.128
657	-51.1013
657.2	-51.0746
657.4	-51.0481
657.6	-51.0216
657.8	-50.9953
658	-50.969
658.2	-50.9428
658.4	-50.9166
658.6	-50.8905
658.8	-50.8644
659	-50.8384
659.2	-50.8124
659.4	-50.7865
659.6	-50.7605
659.8	-50.7346
660	-50.7087
660.2	-50.6827
660.4	-50.6568
660.6	-50.6309
660.8	-50.6049
661	-50.5789
661.2	-50.5528
661.4	-50.5267
661.6	-50.5006
661.8	-50.4744
662	-50.4481
662.2	-50.4217
662.4	-50.3953
662.6	-50.3688
662.8	-50.3421
663	-50.3153
663.2	-50.2884
663.4	-50.2614
663.6	-50.2342
663.8	-50.2069
664	-50.1794
664.2	-50.1518
664.4	-50.1239
664.6	-50.0958
664.8	-50.0676
665	-50.0391
665.2	-50.0104
665.4	-49.9814
665.6	-49.9521
665.8	-49.9226
666	-49.8928
666.2	-49.8626
666.4	-49.8322
666.6	-49.8013
666.8	-49.7701
667	-49.7386
667.2	-49.7066
667.4	-49.6742
667.6	-49.6413
667.8	-49.608
668	-49.5741
668.2	-49.5397
668.4	-49.5048
668.6	-49.4692
668.8	-49.4331
669	-49.3962
669.2	-49.3587
669.4	-49.3204
669.6	-49.2814
669.8	-49.2415
670	-49.2007
670.2	-49.159
670.4	-49.1162
670.6	-49.0725
670.8	-49.0275
671	-48.9814
671.2	-48.934
671.4	-48.8852
671.6	-48.8349
671.8	-48.783
672	-48.7294
672.2	-48.674
672.4	-48.6166
672.6	-48.557
672.8	-48.4951
673	-48.4306
673.2	-48.3634
673.4	-48.2931
673.6	-48.2195
673.8	-48.1422
674	-48.0608
674.2	-47.9749
674.4	-47.8839
674.6	-47.7873
674.8	-47.6843
675	-47.574
675.2	-47.4554
675.4	-47.3272
675.6	-47.1879
675.8	-47.0354
676	-46.8673
676.2	-46.6803
676.4	-46.4702
676.6	-46.2312
676.8	-45.9552
677	-45.6305
677.2	-45.2394
677.4	-44.7532
677.6	-44.1222
677.8	-43.2498
678	-41.917
678.2	-39.4794
678.4	-32.8693
678.6	7.57443
678.8	43.6282
679	37.5389
679.2	17.4497
679.4	-7.39288
679.6	-28.3647
679.8	-45.4039
680	-57.2891
680.2	-63.1552
680.4	-65.8173
680.6	-66.9202
680.8	-67.2666
681	-67.246
681.2	-67.0484
681.4	-66.7671
681.6	-66.448
681.8	-66.114
682	-65.7767
682.2	-65.4417
682.4	-65.1117
682.6	-64.7882
682.8	-64.4718
683	-64.1626
683.2	-63.8607
683.4	-63.5661
683.6	-63.2786
683.8	-62.998
684	-62.7243
684.2	-62.4572
684.4	-62.1966
684.6	-61.9424
684.8	-61.6943
685	-61.4523
685.2	-61.2161
685.4	-60.9857
685.6	-60.7609
685.8	-60.5415
686	-60.3274
686.2	-60.1185
686.4	-59.9146
686.6	-59.7156
686.8	-59.5215
687	-59.332
687.2	-59.147
687.4	-58.9665
687.6	-58.7903
687.8	-58.6183
688	-58.4505
688.2	-58.2866
688.4	-58.1266
688.6	-57.9705
688.8	-57.818
689	-57.6691
689.2	-57.5237
689.4	-57.3818
689.6	-57.2432
689.8	-57.1078
690	-56.9756
690.2	-56.8465
690.4	-56.7203
690.6	-56.5971
690.8	-56.4767
691	-56.3591
691.2	-56.2442
691.4	-56.1319
691.6	-56.0222
691.8	-55.9149
692	-55.8101
692.2	-55.7076
692.4	-55.6073
692.6	-55.5094
692.8	-55.4136
693	-55.3198
693.2	-55.2282
693.4	-55.1385
693.6	-55.0508
693.8	-54.965
694	-54.881
694.2	-54.7988
694.4	-54.7184
694.6	-54.6396
694.8	-54.5625
695	-54.487
695.2	-54.413
695.4	-54.3406
695.6	-54.2696
695.8	-54.2
696	-54.1319
696.2	-54.0651
696.4	-53.9996
696.6	-53.9354
696.8	-53.8724
697	-53.8107
697.2	-53.7501
697.4	-53.6907
697.6	-53.6324
697.8	-53.5752
698	-53.519
698.2	-53.4638
698.4	-53.4096
698.6	-53.3565
698.8	-53.3042
699	-53.2528
699.2	-53.2024
699.4	-53.1528
699.6	-53.104
699.8	-53.0561
700	-53.009
700.2	-53.5733
700.4	-54.126
700.6	-54.667
700.8	-55.196
701	-55.7129
701.2	-56.2177
701.4	-56.7104
701.6	-57.1911
701.8	-57.6602
702	-58.1177
702.2	-58.5639
702.4	-58.999
702.6	-59.4233
702.8	-59.8371
703	-60.2405
703.2	-60.6338
703.4	-61.0173
703.6	-61.3912
703.8	-61.7557
704	-62.1111
704.2	-62.4576
704.4	-62.7954
704.6	-63.1247
704.8	-63.4457
705	-63.7586
705.2	-64.0637
705.4	-64.3611
705.6	-64.651
705.8	-64.9336
706	-65.209
706.2	-65.4776
706.4	-65.7393
706.6	-65.9944
706.8	-66.2431
707	-66.4855
707.2	-66.7218
707.4	-66.9521
707.6	-67.1766
707.8	-67.3953
708	-67.6086
708.2	-67.8164
708.4	-68.0189
708.6	-68.2163
708.8	-68.4086
709	-68.5961
709.2	-68.7788
709.4	-68.9568
709.6	-69.1303
709.8	-69.2994
710	-69.4642
710.2	-69.6247
710.4	-69.7811
710.6	-69.9335
710.8	-70.082
711	-70.2267
711.2	-70.3677
711.4	-70.5051
711.6	-70.6389
711.8	-70.7692
712	-70.8962
712.2	-71.02
712.4	-71.1405
712.6	-71.2579
712.8	-71.3722
713	-71.4836
713.2	-71.5921
713.4	-71.6977
713.6	-71.8006
713.8	-71.9009
714	-71.9985
714.2	-72.0935
714.4	-72.186
714.6	-72.2762
714.8	-72.3639
715	-72.4493
715.2	-72.5325
715.4	-72.6135
715.6	-72.6923
715.8	-72.769
716	-72.8437
716.2	-72.9164
716.4	-72.9872
716.6	-73.056
716.8	-73.123
717	-73.1883
717.2	-73.2517
717.4	-73.3134
717.6	-73.3735
717.8	-73.4319
718	-73.4888
718.2	-73.5441
718.4	-73.5979
718.6	-73.6502
718.8	-73.701
719	-73.7505
719.2	-73.7986
719.4	-73.8453
719.6	-73.8907
719.8	-73.9349
720	-73.9778
720.2	-74.0196
720.4	-74.0601
720.6	-74.0995
720.8	-74.1378
721	-74.1749
721.2	-74.2111
721.4	-74.2461
721.6	-74.2802
721.8	-74.3132
722	-74.3453
722.2	-74.3764
722.4	-74.4067
722.6	-74.436
722.8	-74.4645
723	-74.4921
723.2	-74.5188
723.4	-74.5448
723.6	-74.5699
723.8	-74.5943
724	-74.618
724.2	-74.6409
724.4	-74.6631
724.6	-74.6845
724.8	-74.7054
725	-74.7255
725.2	-74.745
725.4	-74.7638
725.6	-74.7821
725.8	-74.7997
726	-74.8168
726.2	-74.8332
726.4	-74.8492
726.6	-74.8645
726.8	-74.8794
727	-74.8937
727.2	-74.9075
727.4	-74.9208
727.6	-74.9337
727.8	-74.946
728	-74.958
728.2	-74.9694
728.4	-74.9805
728.6	-74.9911
728.8	-75.0013
729	-75.011
729.2	-75.0204
729.4	-75.0295
729.6	-75.0381
729.8	-75.0464
730	-75.0543
730.2	-75.0618
730.4	-75.0691
730.6	-75.076
730.8	-75.0826
731	-75.0888
731.2	-75.0948
731.4	-75.1004
731.6	-75.1058
731.8	-75.1109
732	-75.1157
732.2	-75.1202
732.4	-75.1245
732.6	-75.1285
732.8	-75.1322
733	-75.1357
733.2	-75.139
733.4	-75.1421
733.6	-75.1449
733.8	-75.1475
734	-75.1498
734.2	-75.152
734.4	-75.154
734.6	-75.1557
734.8	-75.1573
735	-75.1587
735.2	-75.1599
735.4	-75.1609
735.6	-75.1617
735.8	-75.1624
736	-75.1629
736.2	-75.1632
736.4	-75.1634
736.6	-75.1634
736.8	-75.1633
737	-75.163
737.2	-75.1626
737.4	-75.1621
737.6	-75.1614
737.8	-75.1605
738	-75.1596
738.2	-75.1585
738.4	-75.1573
738.6	-75.156
738.8	-75.1545
739	-75.153
739.2	-75.1513
739.4	-75.1495
739.6	-75.1476
739.8	-75.1456
740	-75.1436
740.2	-75.1414
740.4	-75.1391
740.6	-75.1367
740.8	-75.1343
741	-75.1317
741.2	-75.1291
741.4	-75.1264
741.6	-75.1236
741.8	-75.1207
742	-75.1178
742.2	-75.1148
742.4	-75.1117
742.6	-75.1085
742.8	-75.1053
743	-75.102
743.2	-75.0986
743.4	-75.0951
743.6	-75.0917
743.8	-75.0881
744	-75.0845
744.2	-75.0808
744.4	-75.0771
744.6	-75.0733
744.8	-75.0695
745	-75.0656
745.2	-75.0617
745.4	-75.0577
745.6	-75.0537
745.8	-75.0496
746	-75.0455
746.2	-75.0413
746.4	-75.0371
746.6	-75.0329
746.8	-75.0286
747	-75.0243
747.2	-75.0199
747.4	-75.0155
747.6	-75.0111
747.8	-75.0066
748	-75.0021
748.2	-74.9976
748.4	-74.993
748.6	-74.9884
748.8	-74.9838
749	-74.9792
749.2	-74.9745
749.4	-74.9698
749.6	-74.9651
749.8	-74.9603
750	-74.9556
750.2	-74.9507
750.4	-74.9459
750.6	-74.9411
750.8	-74.9362
751	-74.9313
751.2	-74.9264
751.4	-74.9215
751.6	-74.9165
751.8	-74.9116
752	-74.9066
752.2	-74.9016
752.4	-74.8966
752.6	-74.8915
752.8	-74.8865
753	-74.8814
753.2	-74.8764
753.4	-74.8713
753.6	-74.8662
753.8	-74.8611
754	-74.8559
754.2	-74.8508
754.4	-74.8456
754.6	-74.8405
754.8	-74.8353
755	-74.8301
755.2	-74.8249
755.4	-74.8197
755.6	-74.8145
755.8	-74.8093
756	-74.8041
756.2	-74.7989
756.4	-74.7936
756.6	-74.7884
756.8	-74.7831
757	-74.7779
757.2	-74.7726
757.4	-74.7673
757.6	-74.762
757.8	-74.7568
758	-74.7515
758.2	-74.7462
758.4	-74.7409
758.6	-74.7356
758.8	-74.7303
759	-74.725
759.2	-74.7197
759.4	-74.7144
759.6	-74.7091
759.8	-74.7037
760	-74.6984
760.2	-74.6931
760.4	-74.6878
760.6	-74.6825
760.8	-74.6771
761	-74.6718
761.2	-74.6665
761.4	-74.6612
761.6	-74.6558
761.8	-74.6505
762	-74.6452
762.2	-74.6399
762.4	-74.6345
762.6	-74.6292
762.8	-74.6239
763	-74.6186
763.2	-74.6132
763.4	-74.6079
763.6	-74.6026
763.8	-74.5973
764	-74.5919
764.2	-74.5866
764.4	-74.5813
764.6	-74.576
764.8	-74.5707
765	-74.5654
765.2	-74.5601
765.4	-74.5548
765.6	-74.5495
765.8	-74.5442
766	-74.5389
766.2	-74.5336
766.4	-74.5283
766.6	-74.523
766.8	-74.5177
767	-74.5124
767.2	-74.5071
767.4	-74.5019
767.6	-74.4966
767.8	-74.4913
768	-74.486
768.2	-74.4808
768.4	-74.4755
768.6	-74.4703
768.8	-74.465
769	-74.4598
769.2	-74.4545
769.4	-74.4493
769.6	-74.4441
769.8	-74.4388
770	-74.4336
770.2	-74.4284
770.4	-74.4232
770.6	-74.4179
770.8	-74.4127
771	-74.4075
771.2	-74.4023
771.4	-74.3971
771.6	-74.392
771.8	-74.3868
772	-74.3816
772.2	-74.3764
772.4	-74.3712
772.6	-74.3661
772.8	-74.3609
773	-74.3558
773.2	-74.3506
773.4	-74.3455
773.6	-74.3403
773.8	-74.3352
774	-74.3301
774.2	-74.325
774.4	-74.3198
774.6	-74.3147
774.8	-74.3096
775	-74.3045
775.2	-74.2994
775.4	-74.2943
775.6	-74.2892
775.8	-74.2842
776	-74.2791
776.2	-74.274
776.4	-74.269
776.6	-74.2639
776.8	-74.2589
777	-74.2538
777.2	-74.2488
777.4	-74.2437
777.6	-74.2387
777.8	-74.2337
778	-74.2287
778.2	-74.2237
778.4	-74.2187
778.6	-74.2137
778.8	-74.2087
779	-74.2037
779.2	-74.1987
779.4	-74.1937
779.6	-74.1888
779.8	-74.1838
780	-74.1788
780.2	-74.1739
780.4	-74.1689
780.6	-74.164
780.8	-74.1591
781	-74.1541
781.2	-74.1492
781.4	-74.1443
781.6	-74.1394
781.8	-74.1345
782	-74.1296
782.2	-74.1247
782.4	-74.1198
782.6	-74.1149
782.8	-74.1101
783	-74.1052
783.2	-74.1003
783.4	-74.0955
783.6	-74.0906
783.8	-74.0858
784	-74.081
784.2	-74.0761
784.4	-74.0713
784.6	-74.0665
784.8	-74.0617
785	-74.0569
785.2	-74.0521
785.4	-74.0473
785.6	-74.0425
785.8	-74.0377
786	-74.0329
786.2	-74.0282
786.4	-74.0234
786.6	-74.0187
786.8	-74.0139
787	-74.0092
787.2	-74.0044
787.4	-73.9997
787.6	-73.995
787.8	-73.9902
788	-73.9855
788.2	-73.9808
788.4	-73.9761
788.6	-73.9714
788.8	-73.9668
789	-73.9621
789.2	-73.9574
789.4	-73.9527
789.6	-73.9481
789.8	-73.9434
790	-73.9388
790.2	-73.9341
790.4	-73.9295
790.6	-73.9248
790.8	-73.9202
791	-73.9156
791.2	-73.911
791.4	-73.9064
791.6	-73.9018
791.8	-73.8972
792	-73.8926
792.2	-73.888
792.4	-73.8834
792.6	-73.8789
792.8	-73.8743
793	-73.8697
793.2	-73.8652
793.4	-73.8606
793.6	-73.8561
793.8	-73.8516
794	-73.847
794.2	-73.8425
794.4	-73.838
794.6	-73.8335
794.8	-73.829
795	-73.8245
795.2	-73.82
795.4	-73.8155
795.6	-73.8111
795.8	-73.8066
796	-73.8021
796.2	-73.7976
796.4	-73.7932
796.6	-73.7887
796.8	-73.7843
797	-73.7799
797.2	-73.7754
797.4	-73.771
797.6	-73.7666
797.8	-73.7622
798	-73.7578
798.2	-73.7534
798.4	-73.749
798.6	-73.7446
798.8	-73.7402
799	-73.7358
799.2	-73.7315
799.4	-73.7271
799.6	-73.7227
799.8	-73.7184
800	-73.7141
800.2	-73.7097
800.4	-73.7054
800.6	-73.701
800.8	-73.6967
801	-73.6924
801.2	-73.6881
801.4	-73.6838
801.6	-73.6795
801.8	-73.6752
802	-73.6709
802.2	-73.6666
802.4	-73.6624
802.6	-73.6581
802.8	-73.6538
803	-73.6496
803.2	-73.6453
803.4	-73.6411
803.6	-73.6368
803.8	-73.6326
804	-73.6284
804.2	-73.6241
804.4	-73.6199
804.6	-73.6157
804.8	-73.6115
805	-73.6073
805.2	-73.6031
805.4	-73.5989
805.6	-73.5948
805.8	-73.5906
806	-73.5864
806.2	-73.5822
806.4	-73.5781
806.6	-73.5739
806.8	-73.5698
807	-73.5656
807.2	-73.5615
807.4	-73.5574
807.6	-73.5533
807.8	-73.5491
808	-73.545
808.2	-73.5409
808.4	-73.5368
808.6	-73.5327
808.8	-73.5286
809	-73.5245
809.2	-73.5205
809.4	-73.5164
809.6	-73.5123
809.8	-73.5083
810	-73.5042
810.2	-73.5002
810.4	-73.4961
810.6	-73.4921
810.8	-73.488
811	-73.484
811.2	-73.48
811.4	-73.476
811.6	-73.4719
811.8	-73.4679
812	-73.4639
812.2	-73.4599
812.4	-73.456
812.6	-73.452
812.8	-73.448
813	-73.444
813.2	-73.44
813.4	-73.4361
813.6	-73.4321
813.8	-73.4282
814	-73.4242
814.2	-73.4203
814.4	-73.4164
814.6	-73.4124
814.8	-73.4085
815	-73.4046
815.2	-73.4007
815.4	-73.3968
815.6	-73.3929
815.8	-73.389
816	-73.3851
816.2	-73.3812
816.4	-73.3773
816.6	-73.3734
816.8	-73.3696
817	-73.3657
817.2	-73.3618
817.4	-73.358
817.6	-73.3541
817.8	-73.3503
818	-73.3465
818.2	-73.3426
818.4	-73.3388
818.6	-73.335
818.8	-73.3312
819	-73.3273
819.2	-73.3235
819.4	-73.3197
819.6	-73.3159
819.8	-73.3122
820	-73.3084
820.2	-73.3046
820.4	-73.3008
820.6	-73.297
820.8	-73.2933
821	-73.2895
821.2	-73.2858
821.4	-73.282
821.6	-73.2783
821.8	-73.2745
822	-73.2708
822.2	-73.2671
822.4	-73.2634
822.6	-73.2596
822.8	-73.2559
823	-73.2522
823.2	-73.2485
823.4	-73.2448
823.6	-73.2411
823.8	-73.2374
824	-73.2338
824.2	-73.2301
824.4	-73.2264
824.6	-73.2227
824.8	-73.2191
825	-73.2154
825.2	-73.2118
825.4	-73.2081
825.6	-73.2045
825.8	-73.2009
826	-73.1972
826.2	-73.1936
826.4	-73.19
826.6	-73.1864
826.8	-73.1828
827	-73.1791
827.2	-73.1755
827.4	-73.172
827.6	-73.1684
827.8	-73.1648
828	-73.1612
828.2	-73.1576
828.4	-73.154
828.6	-73.1505
828.8	-73.1469
829	-73.1434
829.2	-73.1398
829.4	-73.1363
829.6	-73.1327
829.8	-73.1292
830	-73.1257
830.2	-73.1221
830.4	-73.1186
830.6	-73.1151
830.8	-73.1116
831	-73.1081
831.2	-73.1046
831.4	-73.1011
831.6	-73.0976
831.8	-73.0941
832	-73.0906
832.2	-73.0871
832.4	-73.0837
832.6	-73.0802
832.8	-73.0767
833	-73.0733
833.2	-73.0698
833.4	-73.0664
833.6	-73.0629
833.8	-73.0595
834	-73.0561
834.2	-73.0526
834.4	-73.0492
834.6	-73.0458
834.8	-73.0424
835	-73.039
835.2	-73.0356
835.4	-73.0322
835.6	-73.0288
835.8	-73.0254
836	-73.022
836.2	-73.0186
836.4	-73.0152
836.6	-73.0118
836.8	-73.0085
837	-73.0051
837.2	-73.0017
837.4	-72.9984
837.6	-72.995
837.8	-72.9917
838	-72.9884
838.2	-72.985
838.4	-72.9817
838.6	-72.9784
838.8	-72.975
839	-72.9717
839.2	-72.9684
839.4	-72.9651
839.6	-72.9618
839.8	-72.9585
840	-72.9552
840.2	-72.9519
840.4	-72.9486
840.6	-72.9454
840.8	-72.9421
841	-72.9388
841.2	-72.9355
841.4	-72.9323
841.6	-72.929
841.8	-72.9258
842	-72.9225
842.2	-72.9193
842.4	-72.916
842.6	-72.9128
842.8	-72.9096
843	-72.9063
843.2	-72.9031
843.4	-72.8999
843.6	-72.8967
843.8	-72.8935
844	-72.8903
844.2	-72.8871
844.4	-72.8839
844.6	-72.8807
844.8	-72.8775
845	-72.8743
845.2	-72.8711
845.4	-72.868
845.6	-72.8648
845.8	-72.8616
846	-72.8585
846.2	-72.8553
846.4	-72.8522
846.6	-72.849
846.8	-72.8459
847	-72.8427
847.2	-72.8396
847.4	-72.8365
847.6	-72.8334
847.8	-72.8302
848	-72.8271
848.2	-72.824
848.4	-72.8209
848.6	-72.8178
848.8	-72.8147
849	-72.8116
849.2	-72.8085
849.4	-72.8054
849.6	-72.8023
849.8	-72.7993
850	-72.7962
850.2	-72.7931
850.4	-72.7901
850.6	-72.787
850.8	-72.7839
851	-72.7809
851.2	-72.7778
851.4	-72.7748
851.6	-72.7718
851.8	-72.7687
852	-72.7657
852.2	-72.7627
852.4	-72.7596
852.6	-72.7566
852.8	-72.7536
853	-72.7506
853.2	-72.7476
853.4	-72.7446
853.6	-72.7416
853.8	-72.7386
854	-72.7356
854.2	-72.7326
854.4	-72.7296
854.6	-72.7267
854.8	-72.7237
855	-72.7207
855.2	-72.7178
855.4	-72.7148
855.6	-72.7118
855.8	-72.7089
856	-72.7059
856.2	-72.703
856.4	-72.7001
856.6	-72.6971
856.8	-72.6942
857	-72.6913
857.2	-72.6883
857.4	-72.6854
857.6	-72.6825
857.8	-72.6796
858	-72.6767
858.2	-72.6738
858.4	-72.6709
858.6	-72.668
858.8	-72.6651
859	-72.6622
859.2	-72.6593
859.4	-72.6564
859.6	-72.6536
859.8	-72.6507
860	-72.6478
860.2	-72.645
860.4	-72.6421
860.6	-72.6393
860.8	-72.6364
861	-72.6336
861.2	-72.6307
861.4	-72.6279
861.6	-72.625
861.8	-72.6222
862	-72.6194
862.2	-72.6165
862.4	-72.6137
862.6	-72.6109
862.8	-72.6081
863	-72.6053
863.2	-72.6025
863.4	-72.5997
863.6	-72.5969
863.8	-72.5941
864	-72.5913
864.2	-72.5885
864.4	-72.5857
864.6	-72.583
864.8	-72.5802
865	-72.5774
865.2	-72.5747
865.4	-72.5719
865.6	-72.5691
865.8	-72.5664
866	-72.5636
866.2	-72.5609
866.4	-72.5581
866.6	-72.5554
866.8	-72.5527
867	-72.5499
867.2	-72.5472
867.4	-72.5445
867.6	-72.5418
867.8	-72.539
868	-72.5363
868.2	-72.5336
868.4	-72.5309
868.6	-72.5282
868.8	-72.5255
869	-72.5228
869.2	-72.5201
869.4	-72.5174
869.6	-72.5148
869.8	-72.5121
870	-72.5094
870.2	-72.5067
870.4	-72.5041
870.6	-72.5014
870.8	-72.4987
871	-72.4961
871.2	-72.4934
871.4	-72.4908
871.6	-72.4881
871.8	-72.4855
872	-72.4829
872.2	-72.4802
872.4	-72.4776
872.6	-72.475
872.8	-72.4723
873	-72.4697
873.2	-72.4671
873.4	-72.4645
873.6	-72.4619
873.8	-72.4593
874	-72.4567
874.2	-72.4541
874.4	-72.4515
874.6	-72.4489
874.8	-72.4463
875	-72.4437
875.2	-72.4411
875.4	-72.4386
875.6	-72.436
875.8	-72.4334
876	-72.4309
876.2	-72.4283
876.4	-72.4257
876.6	-72.4232
876.8	-72.4206
877	-72.4181
877.2	-72.4155
877.4	-72.413
877.6	-72.4104
877.8	-72.4079
878	-72.4054
878.2	-72.4029
878.4	-72.4003
878.6	-72.3978
878.8	-72.3953
879	-72.3928
879.2	-72.3903
879.4	-72.3878
879.6	-72.3853
879.8	-72.3828
880	-72.3803
880.2	-72.3778
880.4	-72.3753
880.6	-72.3728
880.8	-72.3703
881	-72.3678
881.2	-72.3654
881.4	-72.3629
881.6	-72.3604
881.8	-72.358
882	-72.3555
882.2	-72.353
882.4	-72.3506
882.6	-72.3481
882.8	-72.3457
883	-72.3432
883.2	-72.3408
883.4	-72.3384
883.6	-72.3359
883.8	-72.3335
884	-72.3311
884.2	-72.3286
884.4	-72.3262
884.6	-72.3238
884.8	-72.3214
885	-72.319
885.2	-72.3166
885.4	-72.3142
885.6	-72.3118
885.8	-72.3094
886	-72.307
886.2	-72.3046
886.4	-72.3022
886.6	-72.2998
886.8	-72.2974
887	-72.295
887.2	-72.2927
887.4	-72.2903
887.6	-72.2879
887.8	-72.2856
888	-72.2832
888.2	-72.2808
888.4	-72.2785
888.6	-72.2761
888.8	-72.2738
889	-72.2714
889.2	-72.2691
889.4	-72.2668
889.6	-72.2644
889.8	-72.2621
890	-72.2598
890.2	-72.2574
890.4	-72.2551
890.6	-72.2528
890.8	-72.2505
891	-72.2482
891.2	-72.2459
891.4	-72.2435
891.6	-72.2412
891.8	-72.2389
892	-72.2366
892.2	-72.2344
892.4	-72.2321
892.6	-72.2298
892.8	-72.2275
893	-72.2252
893.2	-72.2229
893.4	-72.2207
893.6	-72.2184
893.8	-72.2161
894	-72.2139
894.2	-72.2116
894.4	-72.2093
894.6	-72.2071
894.8	-72.2048
895	-72.2026
895.2	-72.2003
895.4	-72.1981
895.6	-72.1958
895.8	-72.1936
896	-72.1914
896.2	-72.1891
896.4	-72.1869
896.6	-72.1847
896.8	-72.1825
897	-72.1802
897.2	-72.178
897.4	-72.1758
897.6	-72.1736
897.8	-72.1714
898	-72.1692
898.2	-72.167
898.4	-72.1648
898.6	-72.1626
898.8	-72.1604
899	-72.1582
899.2	-72.156
899.4	-72.1538
899.6	-72.1517
899.8	-72.1495
900	-72.1473
900.2	-72.1451
900.4	-72.143
900.6	-72.1408
900.8	-72.1387
901	-72.1365
901.2	-72.1343
901.4	-72.1322
901.6	-72.13
901.8	-72.1279
902	-72.1258
902.2	-72.1236
902.4	-72.1215
902.6	-72.1193
902.8	-72.1172
903	-72.1151
903.2	-72.113
903.4	-72.1108
903.6	-72.1087
903.8	-72.1066
904	-72.1045
904.2	-72.1024
904.4	-72.1003
904.6	-72.0982
904.8	-72.0961
905	-72.094
905.2	-72.0919
905.4	-72.0898
905.6	-72.0877
905.8	-72.0856
906	-72.0835
906.2	-72.0814
906.4	-72.0793
906.6	-72.0773
906.8	-72.0752
907	-72.0731
907.2	-72.0711
907.4	-72.069
907.6	-72.0669
907.8	-72.0649
908	-72.0628
908.2	-72.0608
908.4	-72.0587
908.6	-72.0567
908.8	-72.0546
909	-72.0526
909.2	-72.0505
909.4	-72.0485
909.6	-72.0465
909.8	-72.0444
910	-72.0424
910.2	-72.0404
910.4	-72.0384
910.6	-72.0363
910.8	-72.0343
911	-72.0323
911.2	-72.0303
911.4	-72.0283
911.6	-72.0263
911.8	-72.0243
912	-72.0223
912.2	-72.0203
912.4	-72.0183
912.6	-72.0163
912.8	-72.0143
913	-72.0123
913.2	-72.0103
913.4	-72.0083
913.6	-72.0064
913.8	-72.0044
914	-72.0024
914.2	-72.0005
914.4	-71.9985
914.6	-71.9965
914.8	-71.9946
915	-71.9926
915.2	-71.9906
915.4	-71.9887
915.6	-71.9867
915.8	-71.9848
916	-71.9828
916.2	-71.9809
916.4	-71.979
916.6	-71.977
916.8	-71.9751
917	-71.9732
917.2	-71.9712
917.4	-71.9693
917.6	-71.9674
917.8	-71.9655
918	-71.9635
918.2	-71.9616
918.4	-71.9597
918.6	-71.9578
918.8	-71.9559
919	-71.954
919.2	-71.9521
919.4	-71.9502
919.6	-71.9483
919.8	-71.9464
920	-71.9445
920.2	-71.9426
920.4	-71.9407
920.6	-71.9388
920.8	-71.9369
921	-71.9351
921.2	-71.9332
921.4	-71.9313
921.6	-71.9294
921.8	-71.9276
922	-71.9257
922.2	-71.9238
922.4	-71.922
922.6	-71.9201
922.8	-71.9183
923	-71.9164
923.2	-71.9146
923.4	-71.9127
923.6	-71.9109
923.8	-71.909
924	-71.9072
924.2	-71.9053
924.4	-71.9035
924.6	-71.9017
924.8	-71.8998
925	-71.898
925.2	-71.8962
925.4	-71.8944
925.6	-71.8925
925.8	-71.8907
926	-71.8889
926.2	-71.8871
926.4	-71.8853
926.6	-71.8835
926.8	-71.8817
927	-71.8799
927.2	-71.8781
927.4	-71.8763
927.6	-71.8745
927.8	-71.8727
928	-71.8709
928.2	-71.8691
928.4	-71.8673
928.6	-71.8655
928.8	-71.8638
929	-71.862
929.2	-71.8602
929.4	-71.8584
929.6	-71.8567
929.8	-71.8549
930	-71.8531
930.2	-71.8514
930.4	-71.8496
930.6	-71.8478
930.8	-71.8461
931	-71.8443
931.2	-71.8426
931.4	-71.8408
931.6	-71.8391
931.8	-71.8373
932	-71.8356
932.2	-71.8338
932.4	-71.8321
932.6	-71.8304
932.8	-71.8286
933	-71.8269
933.2	-71.8252
933.4	-71.8235
933.6	-71.8217
933.8	-71.82
934	-71.8183
934.2	-71.8166
934.4	-71.8149
934.6	-71.8132
934.8	-71.8115
935	-71.8097
935.2	-71.808
935.4	-71.8063
935.6	-71.8046
935.8	-71.8029
936	-71.8013
936.2	-71.7996
936.4	-71.7979
936.6	-71.7962
936.8	-71.7945
937	-71.7928
937.2	-71.7911
937.4	-71.7895
937.6	-71.7878
937.8	-71.7861
938	-71.7844
938.2	-71.7828
938.4	-71.7811
938.6	-71.7794
938.8	-71.7778
939	-71.7761
939.2	-71.7745
939.4	-71.7728
939.6	-71.7711
939.8	-71.7695
940	-71.7678
940.2	-71.7662
940.4	-71.7646
940.6	-71.7629
940.8	-71.7613
941	-71.7596
941.2	-71.758
941.4	-71.7564
941.6	-71.7547
941.8	-71.7531
942	-71.7515
942.2	-71.7499
942.4	-71.7482
942.6	-71.7466
942.8	-71.745
943	-71.7434
943.2	-71.7418
943.4	-71.7402
943.6	-71.7386
943.8	-71.737
944	-71.7354
944.2	-71.7338
944.4	-71.7322
944.6	-71.7306
944.8	-71.729
945	-71.7274
945.2	-71.7258
945.4	-71.7242
945.6	-71.7226
945.8	-71.721
946	-71.7194
946.2	-71.7179
946.4	-71.7163
946.6	-71.7147
946.8	-71.7131
947	-71.7116
947.2	-71.71
947.4	-71.7084
947.6	-71.7069
947.8	-71.7053
948	-71.7038
948.2	-71.7022
948.4	-71.7006
948.6	-71.6991
948.8	-71.6975
949	-71.696
949.2	-71.6944
949.4	-71.6929
949.6	-71.6913
949.8	-71.6898
950	-71.6883
950.2	-71.6867
950.4	-71.6852
950.6	-71.6837
950.8	-71.6821
951	-71.6806
951.2	-71.6791
951.4	-71.6776
951.6	-71.676
951.8	-71.6745
952	-71.673
952.2	-71.6715
952.4	-71.67
952.6	-71.6685
952.8	-71.667
953	-71.6654
953.2	-71.6639
953.4	-71.6624
953.6	-71.6609
953.8	-71.6594
954	-71.6579
954.2	-71.6564
954.4	-71.655
954.6	-71.6535
954.8	-71.652
955	-71.6505
955.2	-71.649
955.4	-71.6475
955.6	-71.646
955.8	-71.6446
956	-71.6431
956.2	-71.6416
956.4	-71.6401
956.6	-71.6387
956.8	-71.6372
957	-71.6357
957.2	-71.6343
957.4	-71.6328
957.6	-71.6314
957.8	-71.6299
958	-71.6284
958.2	-71.627
958.4	-71.6255
958.6	-71.6241
958.8	-71.6226
959	-71.6212
959.2	-71.6198
959.4	-71.6183
959.6	-71.6169
959.8	-71.6154
960	-71.614
960.2	-71.6126
960.4	-71.6111
960.6	-71.6097
960.8	-71.6083
961	-71.6068
961.2	-71.6054
961.4	-71.604
961.6	-71.6026
961.8	-71.6012
962	-71.5997
962.2	-71.5983
962.4	-71.5969
962.6	-71.5955
962.8	-71.5941
963	-71.5927
963.2	-71.5913
963.4	-71.5899
963.6	-71.5885
963.8	-71.5871
964	-71.5857
964.2	-71.5843
964.4	-71.5829
964.6	-71.5815
964.8	-71.5801
965	-71.5787
965.2	-71.5774
965.4	-71.576
965.6	-71.5746
965.8	-71.5732
966	-71.5718
966.2	-71.5705
966.4	-71.5691
966.6	-71.5677
966.8	-71.5663
967	-71.565
967.2	-71.5636
967.4	-71.5622
967.6	-71.5609
967.8	-71.5595
968	-71.5582
968.2	-71.5568
968.4	-71.5555
968.6	-71.5541
968.8	-71.5527
969	-71.5514
969.2	-71.55
969.4	-71.5487
969.6	-71.5474
969.8	-71.546
970	-71.5447
970.2	-71.5433
970.4	-71.542
970.6	-71.5407
970.8	-71.5393
971	-71.538
971.2	-71.5367
971.4	-71.5354
971.6	-71.534
971.8	-71.5327
972	-71.5314
972.2	-71.5301
972.4	-71.5287
972.6	-71.5274
972.8	-71.5261
973	-71.5248
973.2	-71.5235
973.4	-71.5222
973.6	-71.5209
973.8	-71.5196
974	-71.5183
974.2	-71.517
974.4	-71.5157
974.6	-71.5144
974.8	-71.5131
975	-71.5118
975.2	-71.5105
975.4	-71.5092
975.6	-71.5079
975.8	-71.5066
976	-71.5053
976.2	-71.504
976.4	-71.5028
976.6	-71.5015
976.8	-71.5002
977	-71.4989
977.2	-71.4977
977.4	-71.4964
977.6	-71.4951
977.8	-71.4938
978	-71.4926
978.2	-71.4913
978.4	-71.49
978.6	-71.4888
978.8	-71.4875
979	-71.4863
979.2	-71.485
979.4	-71.4837
979.6	-71.4825
979.8	-71.4812
980	-71.48
980.2	-71.4787
980.4	-71.4775
980.6	-71.4762
980.8	-71.475
981	-71.4738
981.2	-71.4725
981.4	-71.4713
981.6	-71.47
981.8	-71.4688
982	-71.4676
982.2	-71.4663
982.4	-71.4651
982.6	-71.4639
982.8	-71.4627
983	-71.4614
983.2	-71.4602
983.4	-71.459
983.6	-71.4578
983.8	-71.4565
984	-71.4553
984.2	-71.4541
984.4	-71.4529
984.6	-71.4517
984.8	-71.4505
985	-71.4493
985.2	-71.4481
985.4	-71.4469
985.6	-71.4457
985.8	-71.4445
986	-71.4433
986.2	-71.4421
986.4	-71.4409
986.6	-71.4397
986.8	-71.4385
987	-71.4373
987.2	-71.4361
987.4	-71.4349
987.6	-71.4337
987.8	-71.4325
988	-71.4313
988.2	-71.4302
988.4	-71.429
988.6	-71.4278
988.8	-71.4266
989	-71.4255
989.2	-71.4243
989.4	-71.4231
989.6	-71.4219
989.8	-71.4208
990	-71.4196
990.2	-71.4184
990.4	-71.4173
990.6	-71.4161
990.8	-71.4149
991	-71.4138
991.2	-71.4126
991.4	-71.4115
991.6	-71.4103
991.8	-71.4092
992	-71.408
992.2	-71.4069
992.4	-71.4057
992.6	-71.4046
992.8	-71.4034
993	-71.4023
993.2	-71.4011
993.4	-71.4
993.6	-71.3989
993.8	-71.3977
994	-71.3966
994.2	-71.3954
994.4	-71.3943
994.6	-71.3932
994.8	-71.3921
995	-71.3909
995.2	-71.3898
995.4	-71.3887
995.6	-71.3876
995.8	-71.3864
996	-71.3853
996.2	-71.3842
996.4	-71.3831
996.6	-71.382
996.8	-71.3809
997	-71.3797
997.2	-71.3786
997.4	-71.3775
997.6	-71.3764
997.8	-71.3753
998	-71.3742
998.2	-71.3731
998.4	-71.372
998.6	-71.3709
998.8	-71.3698
999	-71.3687
999.2	-71.3676
999.4	-71.3665
999.6	-71.3654
999.8	-71.3643
1000	-71.3632
