label:PY[0].soma.m_im
5001
0	0
0.2	3.70744e-05
0.4	7.41019e-05
0.6	0.000111083
0.8	0.000148016
1	0.000184903
1.2	0.000221743
1.4	0.000258537
1.6	0.000295283
1.8	0.000331983
2	0.000368636
2.2	0.000405243
2.4	0.000441802
2.6	0.000478316
2.8	0.000514782
3	0.000551203
3.2	0.000587576
3.4	0.000623904
3.6	0.000660185
3.8	0.000696419
4	0.000732607
4.2	0.000768749
4.4	0.000804844
4.6	0.000840894
4.8	0.000876897
5	0.000912854
5.2	0.000948765
5.4	0.000984629
5.6	0.00102045
5.8	0.00105622
6	0.00109195
6.2	0.00112763
6.4	0.00116326
6.6	0.00119885
6.8	0.0012344
7	0.00126989
7.2	0.00130534
7.4	0.00134075
7.6	0.00137611
7.8	0.00141143
8	0.00144669
8.2	0.00148192
8.4	0.0015171
8.6	0.00155223
8.8	0.00158732
9	0.00162236
9.2	0.00165736
9.4	0.00169231
9.6	0.00172721
9.8	0.00176207
10	0.00179689
10.2	0.00183166
10.4	0.00186639
10.6	0.00190107
10.8	0.0019357
11	0.00197029
11.2	0.00200484
11.4	0.00203934
11.6	0.0020738
11.8	0.00210821
12	0.00214258
12.2	0.0021769
12.4	0.00221118
12.6	0.00224541
12.8	0.0022796
13	0.00231374
13.2	0.00234784
13.4	0.0023819
13.6	0.00241591
13.8	0.00244988
14	0.0024838
14.2	0.00251768
14.4	0.00255151
14.6	0.0025853
14.8	0.00261905
15	0.00265275
15.2	0.00268641
15.4	0.00272003
15.6	0.0027536
15.8	0.00278712
16	0.00282061
16.2	0.00285405
16.4	0.00288744
16.6	0.00292079
16.8	0.0029541
17	0.00298737
17.2	0.00302059
17.4	0.00305377
17.6	0.0030869
17.8	0.00311999
18	0.00315304
18.2	0.00318605
18.4	0.00321901
18.6	0.00325193
18.8	0.00328481
19	0.00331764
19.2	0.00335043
19.4	0.00338318
19.6	0.00341588
19.8	0.00344854
20	0.00348116
20.2	0.00351374
20.4	0.00354627
20.6	0.00357876
20.8	0.00361121
21	0.00364361
21.2	0.00367598
21.4	0.0037083
21.6	0.00374058
21.8	0.00377281
22	0.003805
22.2	0.00383716
22.4	0.00386927
22.6	0.00390133
22.8	0.00393336
23	0.00396534
23.2	0.00399728
23.4	0.00402918
23.6	0.00406104
23.8	0.00409285
24	0.00412463
24.2	0.00415636
24.4	0.00418805
24.6	0.0042197
24.8	0.00425131
25	0.00428287
25.2	0.00431439
25.4	0.00434588
25.6	0.00437732
25.8	0.00440872
26	0.00444008
26.2	0.00447139
26.4	0.00450267
26.6	0.0045339
26.8	0.0045651
27	0.00459625
27.2	0.00462736
27.4	0.00465843
27.6	0.00468946
27.8	0.00472045
28	0.0047514
28.2	0.00478231
28.4	0.00481318
28.6	0.004844
28.8	0.00487479
29	0.00490553
29.2	0.00493624
29.4	0.0049669
29.6	0.00499753
29.8	0.00502811
30	0.00505865
30.2	0.00508916
30.4	0.00511962
30.6	0.00515004
30.8	0.00518042
31	0.00521077
31.2	0.00524107
31.4	0.00527133
31.6	0.00530155
31.8	0.00533174
32	0.00536188
32.2	0.00539198
32.4	0.00542205
32.6	0.00545207
32.8	0.00548205
33	0.005512
33.2	0.0055419
33.4	0.00557177
33.6	0.0056016
33.8	0.00563138
34	0.00566113
34.2	0.00569084
34.4	0.00572051
34.6	0.00575014
34.8	0.00577973
35	0.00580928
35.2	0.00583879
35.4	0.00586827
35.6	0.0058977
35.8	0.0059271
36	0.00595645
36.2	0.00598577
36.4	0.00601505
36.6	0.00604429
36.8	0.0060735
37	0.00610266
37.2	0.00613178
37.4	0.00616087
37.6	0.00618992
37.8	0.00621893
38	0.0062479
38.2	0.00627683
38.4	0.00630573
38.6	0.00633459
38.8	0.0063634
39	0.00639219
39.2	0.00642093
39.4	0.00644963
39.6	0.0064783
39.8	0.00650693
40	0.00653552
40.2	0.00656407
40.4	0.00659259
40.6	0.00662106
40.8	0.0066495
41	0.00667791
41.2	0.00670627
41.4	0.0067346
41.6	0.00676289
41.8	0.00679114
42	0.00681935
42.2	0.00684753
42.4	0.00687567
42.6	0.00690377
42.8	0.00693184
43	0.00695987
43.2	0.00698786
43.4	0.00701581
43.6	0.00704373
43.8	0.00707161
44	0.00709945
44.2	0.00712726
44.4	0.00715503
44.6	0.00718276
44.8	0.00721046
45	0.00723812
45.2	0.00726574
45.4	0.00729333
45.6	0.00732088
45.8	0.00734839
46	0.00737587
46.2	0.00740331
46.4	0.00743071
46.6	0.00745808
46.8	0.00748541
47	0.0075127
47.2	0.00753996
47.4	0.00756719
47.6	0.00759437
47.8	0.00762152
48	0.00764864
48.2	0.00767572
48.4	0.00770276
48.6	0.00772977
48.8	0.00775674
49	0.00778367
49.2	0.00781057
49.4	0.00783744
49.6	0.00786427
49.8	0.00789106
50	0.00791782
50.2	0.00794454
50.4	0.00797122
50.6	0.00799788
50.8	0.00802449
51	0.00805107
51.2	0.00807762
51.4	0.00810413
51.6	0.0081306
51.8	0.00815704
52	0.00818344
52.2	0.00820981
52.4	0.00823615
52.6	0.00826245
52.8	0.00828871
53	0.00831494
53.2	0.00834114
53.4	0.0083673
53.6	0.00839342
53.8	0.00841951
54	0.00844557
54.2	0.00847159
54.4	0.00849758
54.6	0.00852353
54.8	0.00854945
55	0.00857533
55.2	0.00860118
55.4	0.00862699
55.6	0.00865277
55.8	0.00867852
56	0.00870423
56.2	0.00872991
56.4	0.00875555
56.6	0.00878116
56.8	0.00880674
57	0.00883228
57.2	0.00885779
57.4	0.00888326
57.6	0.0089087
57.8	0.00893411
58	0.00895948
58.2	0.00898482
58.4	0.00901012
58.6	0.00903539
58.8	0.00906063
59	0.00908584
59.2	0.00911101
59.4	0.00913614
59.6	0.00916125
59.8	0.00918632
60	0.00921135
60.2	0.00923636
60.4	0.00926133
60.6	0.00928627
60.8	0.00931117
61	0.00933604
61.2	0.00936088
61.4	0.00938568
61.6	0.00941046
61.8	0.00943519
62	0.0094599
62.2	0.00948457
62.4	0.00950921
62.6	0.00953382
62.8	0.0095584
63	0.00958294
63.2	0.00960745
63.4	0.00963192
63.6	0.00965637
63.8	0.00968078
64	0.00970516
64.2	0.00972951
64.4	0.00975382
64.6	0.0097781
64.8	0.00980235
65	0.00982657
65.2	0.00985075
65.4	0.00987491
65.6	0.00989903
65.8	0.00992312
66	0.00994717
66.2	0.0099712
66.4	0.00999519
66.6	0.0100192
66.8	0.0100431
67	0.010067
67.2	0.0100908
67.4	0.0101147
67.6	0.0101385
67.8	0.0101622
68	0.010186
68.2	0.0102097
68.4	0.0102334
68.6	0.010257
68.8	0.0102806
69	0.0103042
69.2	0.0103278
69.4	0.0103513
69.6	0.0103748
69.8	0.0103982
70	0.0104216
70.2	0.010445
70.4	0.0104684
70.6	0.0104917
70.8	0.010515
71	0.0105383
71.2	0.0105615
71.4	0.0105847
71.6	0.0106079
71.8	0.010631
72	0.0106542
72.2	0.0106772
72.4	0.0107003
72.6	0.0107233
72.8	0.0107463
73	0.0107693
73.2	0.0107922
73.4	0.0108151
73.6	0.010838
73.8	0.0108608
74	0.0108836
74.2	0.0109064
74.4	0.0109291
74.6	0.0109519
74.8	0.0109745
75	0.0109972
75.2	0.0110198
75.4	0.0110424
75.6	0.011065
75.8	0.0110875
76	0.01111
76.2	0.0111325
76.4	0.0111549
76.6	0.0111774
76.8	0.0111997
77	0.0112221
77.2	0.0112444
77.4	0.0112667
77.6	0.011289
77.8	0.0113112
78	0.0113334
78.2	0.0113556
78.4	0.0113777
78.6	0.0113999
78.8	0.011422
79	0.011444
79.2	0.011466
79.4	0.011488
79.6	0.01151
79.8	0.011532
80	0.0115539
80.2	0.0115757
80.4	0.0115976
80.6	0.0116194
80.8	0.0116412
81	0.011663
81.2	0.0116847
81.4	0.0117064
81.6	0.0117281
81.8	0.0117498
82	0.0117714
82.2	0.011793
82.4	0.0118145
82.6	0.0118361
82.8	0.0118576
83	0.011879
83.2	0.0119005
83.4	0.0119219
83.6	0.0119433
83.8	0.0119647
84	0.011986
84.2	0.0120073
84.4	0.0120286
84.6	0.0120498
84.8	0.0120711
85	0.0120922
85.2	0.0121134
85.4	0.0121345
85.6	0.0121557
85.8	0.0121767
86	0.0121978
86.2	0.0122188
86.4	0.0122398
86.6	0.0122608
86.8	0.0122817
87	0.0123026
87.2	0.0123235
87.4	0.0123444
87.6	0.0123652
87.8	0.012386
88	0.0124067
88.2	0.0124275
88.4	0.0124482
88.6	0.0124689
88.8	0.0124896
89	0.0125102
89.2	0.0125308
89.4	0.0125514
89.6	0.0125719
89.8	0.0125924
90	0.0126129
90.2	0.0126334
90.4	0.0126538
90.6	0.0126743
90.8	0.0126946
91	0.012715
91.2	0.0127353
91.4	0.0127556
91.6	0.0127759
91.8	0.0127962
92	0.0128164
92.2	0.0128366
92.4	0.0128567
92.6	0.0128769
92.8	0.012897
93	0.0129171
93.2	0.0129371
93.4	0.0129572
93.6	0.0129772
93.8	0.0129972
94	0.0130171
94.2	0.013037
94.4	0.0130569
94.6	0.0130768
94.8	0.0130967
95	0.0131165
95.2	0.0131363
95.4	0.0131561
95.6	0.0131758
95.8	0.0131955
96	0.0132152
96.2	0.0132349
96.4	0.0132545
96.6	0.0132741
96.8	0.0132937
97	0.0133132
97.2	0.0133328
97.4	0.0133523
97.6	0.0133718
97.8	0.0133912
98	0.0134106
98.2	0.01343
98.4	0.0134494
98.6	0.0134688
98.8	0.0134881
99	0.0135074
99.2	0.0135266
99.4	0.0135459
99.6	0.0135651
99.8	0.0135843
100	0.0136035
100.2	0.0136226
100.4	0.0136417
100.6	0.0136608
100.8	0.0136799
101	0.0136989
101.2	0.0137179
101.4	0.0137369
101.6	0.0137559
101.8	0.0137748
102	0.0137937
102.2	0.0138126
102.4	0.0138315
102.6	0.0138503
102.8	0.0138691
103	0.0138879
103.2	0.0139067
103.4	0.0139254
103.6	0.0139441
103.8	0.0139628
104	0.0139815
104.2	0.0140001
104.4	0.0140187
104.6	0.0140373
104.8	0.0140559
105	0.0140744
105.2	0.0140929
105.4	0.0141114
105.6	0.0141298
105.8	0.0141483
106	0.0141667
106.2	0.0141851
106.4	0.0142034
106.6	0.0142218
106.8	0.0142401
107	0.0142584
107.2	0.0142766
107.4	0.0142949
107.6	0.0143131
107.8	0.0143313
108	0.0143495
108.2	0.0143676
108.4	0.0143857
108.6	0.0144038
108.8	0.0144219
109	0.0144399
109.2	0.0144579
109.4	0.0144759
109.6	0.0144939
109.8	0.0145119
110	0.0145298
110.2	0.0145477
110.4	0.0145656
110.6	0.0145834
110.8	0.0146012
111	0.014619
111.2	0.0146368
111.4	0.0146546
111.6	0.0146723
111.8	0.01469
112	0.0147077
112.2	0.0147254
112.4	0.014743
112.6	0.0147606
112.8	0.0147782
113	0.0147958
113.2	0.0148133
113.4	0.0148308
113.6	0.0148483
113.8	0.0148658
114	0.0148833
114.2	0.0149007
114.4	0.0149181
114.6	0.0149355
114.8	0.0149528
115	0.0149701
115.2	0.0149875
115.4	0.0150047
115.6	0.015022
115.8	0.0150392
116	0.0150565
116.2	0.0150736
116.4	0.0150908
116.6	0.015108
116.8	0.0151251
117	0.0151422
117.2	0.0151593
117.4	0.0151763
117.6	0.0151934
117.8	0.0152104
118	0.0152274
118.2	0.0152443
118.4	0.0152613
118.6	0.0152782
118.8	0.0152951
119	0.0153119
119.2	0.0153288
119.4	0.0153456
119.6	0.0153624
119.8	0.0153792
120	0.015396
120.2	0.0154127
120.4	0.0154294
120.6	0.0154461
120.8	0.0154628
121	0.0154794
121.2	0.015496
121.4	0.0155127
121.6	0.0155292
121.8	0.0155458
122	0.0155623
122.2	0.0155788
122.4	0.0155953
122.6	0.0156118
122.8	0.0156282
123	0.0156447
123.2	0.0156611
123.4	0.0156775
123.6	0.0156938
123.8	0.0157102
124	0.0157265
124.2	0.0157428
124.4	0.015759
124.6	0.0157753
124.8	0.0157915
125	0.0158077
125.2	0.0158239
125.4	0.0158401
125.6	0.0158562
125.8	0.0158723
126	0.0158884
126.2	0.0159045
126.4	0.0159205
126.6	0.0159366
126.8	0.0159526
127	0.0159686
127.2	0.0159845
127.4	0.0160005
127.6	0.0160164
127.8	0.0160323
128	0.0160482
128.2	0.0160641
128.4	0.0160799
128.6	0.0160957
128.8	0.0161115
129	0.0161273
129.2	0.016143
129.4	0.0161588
129.6	0.0161745
129.8	0.0161902
130	0.0162058
130.2	0.0162215
130.4	0.0162371
130.6	0.0162527
130.8	0.0162683
131	0.0162839
131.2	0.0162994
131.4	0.0163149
131.6	0.0163304
131.8	0.0163459
132	0.0163614
132.2	0.0163768
132.4	0.0163922
132.6	0.0164076
132.8	0.016423
133	0.0164384
133.2	0.0164537
133.4	0.016469
133.6	0.0164843
133.8	0.0164996
134	0.0165148
134.2	0.0165301
134.4	0.0165453
134.6	0.0165605
134.8	0.0165756
135	0.0165908
135.2	0.0166059
135.4	0.016621
135.6	0.0166361
135.8	0.0166512
136	0.0166662
136.2	0.0166813
136.4	0.0166963
136.6	0.0167113
136.8	0.0167262
137	0.0167412
137.2	0.0167561
137.4	0.016771
137.6	0.0167859
137.8	0.0168008
138	0.0168156
138.2	0.0168304
138.4	0.0168453
138.6	0.01686
138.8	0.0168748
139	0.0168896
139.2	0.0169043
139.4	0.016919
139.6	0.0169337
139.8	0.0169483
140	0.016963
140.2	0.0169776
140.4	0.0169922
140.6	0.0170068
140.8	0.0170214
141	0.0170359
141.2	0.0170505
141.4	0.017065
141.6	0.0170795
141.8	0.0170939
142	0.0171084
142.2	0.0171228
142.4	0.0171372
142.6	0.0171516
142.8	0.017166
143	0.0171804
143.2	0.0171947
143.4	0.017209
143.6	0.0172233
143.8	0.0172376
144	0.0172519
144.2	0.0172661
144.4	0.0172803
144.6	0.0172945
144.8	0.0173087
145	0.0173229
145.2	0.017337
145.4	0.0173511
145.6	0.0173652
145.8	0.0173793
146	0.0173934
146.2	0.0174074
146.4	0.0174215
146.6	0.0174355
146.8	0.0174495
147	0.0174635
147.2	0.0174774
147.4	0.0174913
147.6	0.0175053
147.8	0.0175192
148	0.017533
148.2	0.0175469
148.4	0.0175607
148.6	0.0175746
148.8	0.0175884
149	0.0176022
149.2	0.0176159
149.4	0.0176297
149.6	0.0176434
149.8	0.0176571
150	0.0176708
150.2	0.0176845
150.4	0.0176981
150.6	0.0177118
150.8	0.0177254
151	0.017739
151.2	0.0177526
151.4	0.0177662
151.6	0.0177797
151.8	0.0177932
152	0.0178067
152.2	0.0178202
152.4	0.0178337
152.6	0.0178472
152.8	0.0178606
153	0.017874
153.2	0.0178874
153.4	0.0179008
153.6	0.0179142
153.8	0.0179275
154	0.0179408
154.2	0.0179542
154.4	0.0179674
154.6	0.0179807
154.8	0.017994
155	0.0180072
155.2	0.0180204
155.4	0.0180336
155.6	0.0180468
155.8	0.01806
156	0.0180731
156.2	0.0180863
156.4	0.0180994
156.6	0.0181125
156.8	0.0181256
157	0.0181386
157.2	0.0181517
157.4	0.0181647
157.6	0.0181777
157.8	0.0181907
158	0.0182037
158.2	0.0182166
158.4	0.0182296
158.6	0.0182425
158.8	0.0182554
159	0.0182683
159.2	0.0182811
159.4	0.018294
159.6	0.0183068
159.8	0.0183196
160	0.0183324
160.2	0.0183452
160.4	0.018358
160.6	0.0183707
160.8	0.0183835
161	0.0183962
161.2	0.0184089
161.4	0.0184216
161.6	0.0184342
161.8	0.0184469
162	0.0184595
162.2	0.0184721
162.4	0.0184847
162.6	0.0184973
162.8	0.0185098
163	0.0185224
163.2	0.0185349
163.4	0.0185474
163.6	0.0185599
163.8	0.0185724
164	0.0185848
164.2	0.0185973
164.4	0.0186097
164.6	0.0186221
164.8	0.0186345
165	0.0186469
165.2	0.0186592
165.4	0.0186716
165.6	0.0186839
165.8	0.0186962
166	0.0187085
166.2	0.0187208
166.4	0.018733
166.6	0.0187453
166.8	0.0187575
167	0.0187697
167.2	0.0187819
167.4	0.0187941
167.6	0.0188062
167.8	0.0188184
168	0.0188305
168.2	0.0188426
168.4	0.0188547
168.6	0.0188668
168.8	0.0188789
169	0.0188909
169.2	0.0189029
169.4	0.0189149
169.6	0.0189269
169.8	0.0189389
170	0.0189509
170.2	0.0189628
170.4	0.0189748
170.6	0.0189867
170.8	0.0189986
171	0.0190104
171.2	0.0190223
171.4	0.0190342
171.6	0.019046
171.8	0.0190578
172	0.0190696
172.2	0.0190814
172.4	0.0190932
172.6	0.0191049
172.8	0.0191167
173	0.0191284
173.2	0.0191401
173.4	0.0191518
173.6	0.0191635
173.8	0.0191751
174	0.0191868
174.2	0.0191984
174.4	0.01921
174.6	0.0192216
174.8	0.0192332
175	0.0192448
175.2	0.0192563
175.4	0.0192678
175.6	0.0192794
175.8	0.0192909
176	0.0193024
176.2	0.0193138
176.4	0.0193253
176.6	0.0193367
176.8	0.0193481
177	0.0193596
177.2	0.019371
177.4	0.0193823
177.6	0.0193937
177.8	0.019405
178	0.0194164
178.2	0.0194277
178.4	0.019439
178.6	0.0194503
178.8	0.0194616
179	0.0194728
179.2	0.0194841
179.4	0.0194953
179.6	0.0195065
179.8	0.0195177
180	0.0195289
180.2	0.01954
180.4	0.0195512
180.6	0.0195623
180.8	0.0195734
181	0.0195845
181.2	0.0195956
181.4	0.0196067
181.6	0.0196178
181.8	0.0196288
182	0.0196398
182.2	0.0196509
182.4	0.0196619
182.6	0.0196729
182.8	0.0196838
183	0.0196948
183.2	0.0197057
183.4	0.0197166
183.6	0.0197276
183.8	0.0197385
184	0.0197493
184.2	0.0197602
184.4	0.0197711
184.6	0.0197819
184.8	0.0197927
185	0.0198035
185.2	0.0198143
185.4	0.0198251
185.6	0.0198359
185.8	0.0198466
186	0.0198574
186.2	0.0198681
186.4	0.0198788
186.6	0.0198895
186.8	0.0199002
187	0.0199108
187.2	0.0199215
187.4	0.0199321
187.6	0.0199427
187.8	0.0199533
188	0.0199639
188.2	0.0199745
188.4	0.0199851
188.6	0.0199956
188.8	0.0200061
189	0.0200167
189.2	0.0200272
189.4	0.0200377
189.6	0.0200481
189.8	0.0200586
190	0.020069
190.2	0.0200795
190.4	0.0200899
190.6	0.0201003
190.8	0.0201107
191	0.0201211
191.2	0.0201314
191.4	0.0201418
191.6	0.0201521
191.8	0.0201625
192	0.0201728
192.2	0.0201831
192.4	0.0201933
192.6	0.0202036
192.8	0.0202139
193	0.0202241
193.2	0.0202343
193.4	0.0202445
193.6	0.0202547
193.8	0.0202649
194	0.0202751
194.2	0.0202852
194.4	0.0202954
194.6	0.0203055
194.8	0.0203156
195	0.0203257
195.2	0.0203358
195.4	0.0203459
195.6	0.0203559
195.8	0.020366
196	0.020376
196.2	0.020386
196.4	0.020396
196.6	0.020406
196.8	0.020416
197	0.020426
197.2	0.0204359
197.4	0.0204459
197.6	0.0204558
197.8	0.0204657
198	0.0204756
198.2	0.0204855
198.4	0.0204954
198.6	0.0205052
198.8	0.0205151
199	0.0205249
199.2	0.0205347
199.4	0.0205445
199.6	0.0205543
199.8	0.0205641
200	0.0205738
200.2	0.0205836
200.4	0.0205933
200.6	0.0206031
200.8	0.0206128
201	0.0206225
201.2	0.0206322
201.4	0.0206418
201.6	0.0206515
201.8	0.0206611
202	0.0206708
202.2	0.0206804
202.4	0.02069
202.6	0.0206996
202.8	0.0207092
203	0.0207187
203.2	0.0207283
203.4	0.0207378
203.6	0.0207474
203.8	0.0207569
204	0.0207664
204.2	0.0207759
204.4	0.0207854
204.6	0.0207948
204.8	0.0208043
205	0.0208137
205.2	0.0208231
205.4	0.0208325
205.6	0.0208419
205.8	0.0208513
206	0.0208607
206.2	0.0208701
206.4	0.0208794
206.6	0.0208888
206.8	0.0208981
207	0.0209074
207.2	0.0209167
207.4	0.020926
207.6	0.0209353
207.8	0.0209445
208	0.0209538
208.2	0.020963
208.4	0.0209722
208.6	0.0209814
208.8	0.0209906
209	0.0209998
209.2	0.021009
209.4	0.0210182
209.6	0.0210273
209.8	0.0210364
210	0.0210456
210.2	0.0210547
210.4	0.0210638
210.6	0.0210729
210.8	0.0210819
211	0.021091
211.2	0.0211001
211.4	0.0211091
211.6	0.0211181
211.8	0.0211271
212	0.0211361
212.2	0.0211451
212.4	0.0211541
212.6	0.0211631
212.8	0.021172
213	0.021181
213.2	0.0211899
213.4	0.0211988
213.6	0.0212077
213.8	0.0212166
214	0.0212255
214.2	0.0212343
214.4	0.0212432
214.6	0.021252
214.8	0.0212609
215	0.0212697
215.2	0.0212785
215.4	0.0212873
215.6	0.0212961
215.8	0.0213049
216	0.0213136
216.2	0.0213224
216.4	0.0213311
216.6	0.0213398
216.8	0.0213485
217	0.0213572
217.2	0.0213659
217.4	0.0213746
217.6	0.0213833
217.8	0.0213919
218	0.0214006
218.2	0.0214092
218.4	0.0214178
218.6	0.0214264
218.8	0.021435
219	0.0214436
219.2	0.0214522
219.4	0.0214607
219.6	0.0214693
219.8	0.0214778
220	0.0214863
220.2	0.0214949
220.4	0.0215034
220.6	0.0215118
220.8	0.0215203
221	0.0215288
221.2	0.0215373
221.4	0.0215457
221.6	0.0215541
221.8	0.0215626
222	0.021571
222.2	0.0215794
222.4	0.0215878
222.6	0.0215961
222.8	0.0216045
223	0.0216128
223.2	0.0216212
223.4	0.0216295
223.6	0.0216378
223.8	0.0216461
224	0.0216544
224.2	0.0216627
224.4	0.021671
224.6	0.0216793
224.8	0.0216875
225	0.0216958
225.2	0.021704
225.4	0.0217122
225.6	0.0217204
225.8	0.0217286
226	0.0217368
226.2	0.021745
226.4	0.0217531
226.6	0.0217613
226.8	0.0217694
227	0.0217776
227.2	0.0217857
227.4	0.0217938
227.6	0.0218019
227.8	0.02181
228	0.021818
228.2	0.0218261
228.4	0.0218342
228.6	0.0218422
228.8	0.0218502
229	0.0218583
229.2	0.0218663
229.4	0.0218743
229.6	0.0218822
229.8	0.0218902
230	0.0218982
230.2	0.0219061
230.4	0.0219141
230.6	0.021922
230.8	0.0219299
231	0.0219379
231.2	0.0219458
231.4	0.0219537
231.6	0.0219615
231.8	0.0219694
232	0.0219773
232.2	0.0219851
232.4	0.0219929
232.6	0.0220008
232.8	0.0220086
233	0.0220164
233.2	0.0220242
233.4	0.022032
233.6	0.0220397
233.8	0.0220475
234	0.0220553
234.2	0.022063
234.4	0.0220707
234.6	0.0220785
234.8	0.0220862
235	0.0220939
235.2	0.0221016
235.4	0.0221092
235.6	0.0221169
235.8	0.0221246
236	0.0221322
236.2	0.0221398
236.4	0.0221475
236.6	0.0221551
236.8	0.0221627
237	0.0221703
237.2	0.0221779
237.4	0.0221854
237.6	0.022193
237.8	0.0222006
238	0.0222081
238.2	0.0222156
238.4	0.0222232
238.6	0.0222307
238.8	0.0222382
239	0.0222457
239.2	0.0222532
239.4	0.0222606
239.6	0.0222681
239.8	0.0222756
240	0.022283
240.2	0.0222904
240.4	0.0222978
240.6	0.0223053
240.8	0.0223127
241	0.0223201
241.2	0.0223274
241.4	0.0223348
241.6	0.0223422
241.8	0.0223495
242	0.0223569
242.2	0.0223642
242.4	0.0223715
242.6	0.0223788
242.8	0.0223861
243	0.0223934
243.2	0.0224007
243.4	0.022408
243.6	0.0224152
243.8	0.0224225
244	0.0224297
244.2	0.022437
244.4	0.0224442
244.6	0.0224514
244.8	0.0224586
245	0.0224658
245.2	0.022473
245.4	0.0224802
245.6	0.0224873
245.8	0.0224945
246	0.0225016
246.2	0.0225088
246.4	0.0225159
246.6	0.022523
246.8	0.0225301
247	0.0225372
247.2	0.0225443
247.4	0.0225514
247.6	0.0225584
247.8	0.0225655
248	0.0225725
248.2	0.0225796
248.4	0.0225866
248.6	0.0225936
248.8	0.0226006
249	0.0226076
249.2	0.0226146
249.4	0.0226216
249.6	0.0226286
249.8	0.0226356
250	0.0226425
250.2	0.0226495
250.4	0.0226564
250.6	0.0226633
250.8	0.0226702
251	0.0226771
251.2	0.022684
251.4	0.0226909
251.6	0.0226978
251.8	0.0227047
252	0.0227115
252.2	0.0227184
252.4	0.0227252
252.6	0.022732
252.8	0.0227389
253	0.0227457
253.2	0.0227525
253.4	0.0227593
253.6	0.0227661
253.8	0.0227728
254	0.0227796
254.2	0.0227864
254.4	0.0227931
254.6	0.0227999
254.8	0.0228066
255	0.0228133
255.2	0.02282
255.4	0.0228267
255.6	0.0228334
255.8	0.0228401
256	0.0228468
256.2	0.0228534
256.4	0.0228601
256.6	0.0228667
256.8	0.0228734
257	0.02288
257.2	0.0228866
257.4	0.0228932
257.6	0.0228998
257.8	0.0229064
258	0.022913
258.2	0.0229196
258.4	0.0229262
258.6	0.0229327
258.8	0.0229393
259	0.0229458
259.2	0.0229523
259.4	0.0229589
259.6	0.0229654
259.8	0.0229719
260	0.0229784
260.2	0.0229849
260.4	0.0229913
260.6	0.0229978
260.8	0.0230043
261	0.0230107
261.2	0.0230172
261.4	0.0230236
261.6	0.02303
261.8	0.0230365
262	0.0230429
262.2	0.0230493
262.4	0.0230556
262.6	0.023062
262.8	0.0230684
263	0.0230748
263.2	0.0230811
263.4	0.0230875
263.6	0.0230938
263.8	0.0231001
264	0.0231065
264.2	0.0231128
264.4	0.0231191
264.6	0.0231254
264.8	0.0231317
265	0.0231379
265.2	0.0231442
265.4	0.0231505
265.6	0.0231567
265.8	0.023163
266	0.0231692
266.2	0.0231754
266.4	0.0231817
266.6	0.0231879
266.8	0.0231941
267	0.0232003
267.2	0.0232064
267.4	0.0232126
267.6	0.0232188
267.8	0.0232249
268	0.0232311
268.2	0.0232372
268.4	0.0232434
268.6	0.0232495
268.8	0.0232556
269	0.0232617
269.2	0.0232678
269.4	0.0232739
269.6	0.02328
269.8	0.0232861
270	0.0232922
270.2	0.0232982
270.4	0.0233043
270.6	0.0233103
270.8	0.0233164
271	0.0233224
271.2	0.0233284
271.4	0.0233344
271.6	0.0233404
271.8	0.0233464
272	0.0233524
272.2	0.0233584
272.4	0.0233643
272.6	0.0233703
272.8	0.0233763
273	0.0233822
273.2	0.0233881
273.4	0.0233941
273.6	0.0234
273.8	0.0234059
274	0.0234118
274.2	0.0234177
274.4	0.0234236
274.6	0.0234295
274.8	0.0234354
275	0.0234412
275.2	0.0234471
275.4	0.0234529
275.6	0.0234588
275.8	0.0234646
276	0.0234704
276.2	0.0234762
276.4	0.0234821
276.6	0.0234879
276.8	0.0234936
277	0.0234994
277.2	0.0235052
277.4	0.023511
277.6	0.0235167
277.8	0.0235225
278	0.0235282
278.2	0.023534
278.4	0.0235397
278.6	0.0235454
278.8	0.0235512
279	0.0235569
279.2	0.0235626
279.4	0.0235683
279.6	0.0235739
279.8	0.0235796
280	0.0235853
280.2	0.0235909
280.4	0.0235966
280.6	0.0236022
280.8	0.0236079
281	0.0236135
281.2	0.0236191
281.4	0.0236248
281.6	0.0236304
281.8	0.023636
282	0.0236416
282.2	0.0236471
282.4	0.0236527
282.6	0.0236583
282.8	0.0236638
283	0.0236694
283.2	0.0236749
283.4	0.0236805
283.6	0.023686
283.8	0.0236915
284	0.0236971
284.2	0.0237026
284.4	0.0237081
284.6	0.0237136
284.8	0.023719
285	0.0237245
285.2	0.02373
285.4	0.0237355
285.6	0.0237409
285.8	0.0237464
286	0.0237518
286.2	0.0237572
286.4	0.0237627
286.6	0.0237681
286.8	0.0237735
287	0.0237789
287.2	0.0237843
287.4	0.0237897
287.6	0.0237951
287.8	0.0238005
288	0.0238058
288.2	0.0238112
288.4	0.0238165
288.6	0.0238219
288.8	0.0238272
289	0.0238326
289.2	0.0238379
289.4	0.0238432
289.6	0.0238485
289.8	0.0238538
290	0.0238591
290.2	0.0238644
290.4	0.0238697
290.6	0.023875
290.8	0.0238802
291	0.0238855
291.2	0.0238907
291.4	0.023896
291.6	0.0239012
291.8	0.0239064
292	0.0239117
292.2	0.0239169
292.4	0.0239221
292.6	0.0239273
292.8	0.0239325
293	0.0239377
293.2	0.0239429
293.4	0.023948
293.6	0.0239532
293.8	0.0239584
294	0.0239635
294.2	0.0239687
294.4	0.0239738
294.6	0.0239789
294.8	0.0239841
295	0.0239892
295.2	0.0239943
295.4	0.0239994
295.6	0.0240045
295.8	0.0240096
296	0.0240147
296.2	0.0240197
296.4	0.0240248
296.6	0.0240299
296.8	0.0240349
297	0.02404
297.2	0.024045
297.4	0.0240501
297.6	0.0240551
297.8	0.0240601
298	0.0240651
298.2	0.0240701
298.4	0.0240751
298.6	0.0240801
298.8	0.0240851
299	0.0240901
299.2	0.0240951
299.4	0.0241
299.6	0.024105
299.8	0.0241099
300	0.0241149
300.2	0.0241214
300.4	0.0241298
300.6	0.0241403
300.8	0.0241527
301	0.0241672
301.2	0.0241835
301.4	0.0242018
301.6	0.0242221
301.8	0.0242442
302	0.0242683
302.2	0.0242944
302.4	0.0243223
302.6	0.0243522
302.8	0.024384
303	0.0244177
303.2	0.0244534
303.4	0.024491
303.6	0.0245305
303.8	0.024572
304	0.0246154
304.2	0.0246607
304.4	0.0247081
304.6	0.0247574
304.8	0.0248086
305	0.0248619
305.2	0.0249171
305.4	0.0249743
305.6	0.0250335
305.8	0.0250947
306	0.0251579
306.2	0.0252231
306.4	0.0252904
306.6	0.0253597
306.8	0.025431
307	0.0255043
307.2	0.0255797
307.4	0.0256572
307.6	0.0257367
307.8	0.0258183
308	0.0259019
308.2	0.0259877
308.4	0.0260755
308.6	0.0261655
308.8	0.0262576
309	0.0263519
309.2	0.0264483
309.4	0.0265469
309.6	0.0266477
309.8	0.0267507
310	0.026856
310.2	0.0269637
310.4	0.0270737
310.6	0.0271861
310.8	0.0273011
311	0.0274186
311.2	0.0275387
311.4	0.0276617
311.6	0.0277875
311.8	0.0279165
312	0.0280487
312.2	0.0281845
312.4	0.0283241
312.6	0.028468
312.8	0.0286167
313	0.0287709
313.2	0.0289316
313.4	0.0291002
313.6	0.0292792
313.8	0.0294724
314	0.029688
314.2	0.0299466
314.4	0.0303422
314.6	0.0331551
314.8	0.0598286
315	0.0873282
315.2	0.0994331
315.4	0.102972
315.6	0.103917
315.8	0.104136
316	0.104157
316.2	0.104123
316.4	0.104065
316.6	0.103997
316.8	0.103927
317	0.103857
317.2	0.103788
317.4	0.103722
317.6	0.10366
317.8	0.1036
318	0.103543
318.2	0.10349
318.4	0.103439
318.6	0.103392
318.8	0.103347
319	0.103306
319.2	0.103267
319.4	0.103231
319.6	0.103197
319.8	0.103167
320	0.103138
320.2	0.103113
320.4	0.10309
320.6	0.103069
320.8	0.103051
321	0.103036
321.2	0.103022
321.4	0.103011
321.6	0.103003
321.8	0.102996
322	0.102992
322.2	0.10299
322.4	0.102991
322.6	0.102993
322.8	0.102998
323	0.103005
323.2	0.103014
323.4	0.103025
323.6	0.103038
323.8	0.103053
324	0.10307
324.2	0.103089
324.4	0.10311
324.6	0.103133
324.8	0.103158
325	0.103186
325.2	0.103215
325.4	0.103245
325.6	0.103278
325.8	0.103313
326	0.10335
326.2	0.103389
326.4	0.103429
326.6	0.103472
326.8	0.103516
327	0.103562
327.2	0.103611
327.4	0.103661
327.6	0.103713
327.8	0.103768
328	0.103824
328.2	0.103882
328.4	0.103943
328.6	0.104006
328.8	0.104071
329	0.104138
329.2	0.104208
329.4	0.10428
329.6	0.104355
329.8	0.104433
330	0.104514
330.2	0.104598
330.4	0.104686
330.6	0.104778
330.8	0.104874
331	0.104976
331.2	0.105084
331.4	0.105199
331.6	0.105325
331.8	0.105464
332	0.105626
332.2	0.10583
332.4	0.106173
332.6	0.109194
332.8	0.134559
333	0.1593
333.2	0.169913
333.4	0.172983
333.6	0.17378
333.8	0.173929
334	0.173891
334.2	0.17379
334.4	0.173658
334.6	0.173513
334.8	0.173364
335	0.173215
335.2	0.173069
335.4	0.172926
335.6	0.172787
335.8	0.172652
336	0.172522
336.2	0.172395
336.4	0.172273
336.6	0.172154
336.8	0.17204
337	0.171928
337.2	0.171821
337.4	0.171716
337.6	0.171616
337.8	0.171518
338	0.171424
338.2	0.171332
338.4	0.171244
338.6	0.171158
338.8	0.171076
339	0.170996
339.2	0.170919
339.4	0.170845
339.6	0.170773
339.8	0.170704
340	0.170637
340.2	0.170573
340.4	0.170511
340.6	0.170452
340.8	0.170394
341	0.170339
341.2	0.170287
341.4	0.170236
341.6	0.170188
341.8	0.170142
342	0.170097
342.2	0.170055
342.4	0.170015
342.6	0.169977
342.8	0.169941
343	0.169906
343.2	0.169874
343.4	0.169843
343.6	0.169814
343.8	0.169788
344	0.169762
344.2	0.169739
344.4	0.169717
344.6	0.169697
344.8	0.169679
345	0.169663
345.2	0.169648
345.4	0.169635
345.6	0.169623
345.8	0.169613
346	0.169605
346.2	0.169598
346.4	0.169593
346.6	0.16959
346.8	0.169588
347	0.169588
347.2	0.16959
347.4	0.169593
347.6	0.169598
347.8	0.169604
348	0.169612
348.2	0.169622
348.4	0.169634
348.6	0.169647
348.8	0.169663
349	0.16968
349.2	0.169699
349.4	0.16972
349.6	0.169743
349.8	0.169768
350	0.169795
350.2	0.169825
350.4	0.169857
350.6	0.169892
350.8	0.16993
351	0.169971
351.2	0.170015
351.4	0.170064
351.6	0.170117
351.8	0.170175
352	0.17024
352.2	0.170313
352.4	0.170396
352.6	0.170495
352.8	0.17062
353	0.170803
353.2	0.171269
353.4	0.180205
353.6	0.206682
353.8	0.224375
354	0.230596
354.2	0.232275
354.4	0.232664
354.6	0.232667
354.8	0.232549
355	0.232375
355.2	0.232174
355.4	0.231962
355.6	0.231747
355.8	0.231533
356	0.231323
356.2	0.231118
356.4	0.230917
356.6	0.230721
356.8	0.23053
357	0.230343
357.2	0.230162
357.4	0.229984
357.6	0.229811
357.8	0.229642
358	0.229478
358.2	0.229317
358.4	0.22916
358.6	0.229006
358.8	0.228856
359	0.22871
359.2	0.228567
359.4	0.228427
359.6	0.22829
359.8	0.228157
360	0.228026
360.2	0.227898
360.4	0.227773
360.6	0.227651
360.8	0.227532
361	0.227415
361.2	0.227301
361.4	0.227189
361.6	0.227079
361.8	0.226972
362	0.226868
362.2	0.226765
362.4	0.226665
362.6	0.226567
362.8	0.226471
363	0.226377
363.2	0.226286
363.4	0.226196
363.6	0.226108
363.8	0.226022
364	0.225938
364.2	0.225856
364.4	0.225775
364.6	0.225697
364.8	0.22562
365	0.225545
365.2	0.225471
365.4	0.225399
365.6	0.225329
365.8	0.22526
366	0.225193
366.2	0.225128
366.4	0.225064
366.6	0.225001
366.8	0.22494
367	0.224881
367.2	0.224823
367.4	0.224766
367.6	0.224711
367.8	0.224657
368	0.224604
368.2	0.224553
368.4	0.224504
368.6	0.224455
368.8	0.224408
369	0.224362
369.2	0.224318
369.4	0.224275
369.6	0.224233
369.8	0.224193
370	0.224154
370.2	0.224116
370.4	0.22408
370.6	0.224045
370.8	0.224011
371	0.223979
371.2	0.223948
371.4	0.223918
371.6	0.22389
371.8	0.223863
372	0.223837
372.2	0.223814
372.4	0.223791
372.6	0.22377
372.8	0.223751
373	0.223733
373.2	0.223717
373.4	0.223703
373.6	0.223691
373.8	0.22368
374	0.223672
374.2	0.223665
374.4	0.223661
374.6	0.22366
374.8	0.223661
375	0.223665
375.2	0.223672
375.4	0.223684
375.6	0.223699
375.8	0.223719
376	0.223746
376.2	0.22378
376.4	0.223824
376.6	0.223882
376.8	0.223964
377	0.224097
377.2	0.224443
377.4	0.230794
377.6	0.255086
377.8	0.272907
378	0.279474
378.2	0.281261
378.4	0.281666
378.6	0.281654
378.8	0.281502
379	0.281284
379.2	0.281032
379.4	0.280766
379.6	0.280495
379.8	0.280225
380	0.279959
380.2	0.279698
380.4	0.279442
380.6	0.279192
380.8	0.278947
381	0.278707
381.2	0.278473
381.4	0.278244
381.6	0.278019
381.8	0.277799
382	0.277583
382.2	0.277372
382.4	0.277165
382.6	0.276962
382.8	0.276763
383	0.276568
383.2	0.276376
383.4	0.276188
383.6	0.276004
383.8	0.275822
384	0.275644
384.2	0.275469
384.4	0.275298
384.6	0.275129
384.8	0.274963
385	0.274799
385.2	0.274639
385.4	0.274481
385.6	0.274326
385.8	0.274173
386	0.274023
386.2	0.273875
386.4	0.273729
386.6	0.273586
386.8	0.273445
387	0.273306
387.2	0.273169
387.4	0.273034
387.6	0.272901
387.8	0.27277
388	0.272641
388.2	0.272514
388.4	0.272389
388.6	0.272265
388.8	0.272144
389	0.272024
389.2	0.271905
389.4	0.271789
389.6	0.271674
389.8	0.27156
390	0.271448
390.2	0.271338
390.4	0.271229
390.6	0.271122
390.8	0.271016
391	0.270911
391.2	0.270808
391.4	0.270706
391.6	0.270606
391.8	0.270506
392	0.270408
392.2	0.270312
392.4	0.270217
392.6	0.270122
392.8	0.27003
393	0.269938
393.2	0.269848
393.4	0.269758
393.6	0.26967
393.8	0.269583
394	0.269497
394.2	0.269413
394.4	0.269329
394.6	0.269247
394.8	0.269165
395	0.269085
395.2	0.269006
395.4	0.268927
395.6	0.26885
395.8	0.268774
396	0.268699
396.2	0.268625
396.4	0.268553
396.6	0.268481
396.8	0.26841
397	0.26834
397.2	0.268271
397.4	0.268204
397.6	0.268137
397.8	0.268072
398	0.268007
398.2	0.267944
398.4	0.267882
398.6	0.26782
398.8	0.26776
399	0.267701
399.2	0.267643
399.4	0.267587
399.6	0.267531
399.8	0.267477
400	0.267424
400.2	0.267372
400.4	0.267321
400.6	0.267272
400.8	0.267224
401	0.267178
401.2	0.267133
401.4	0.267089
401.6	0.267047
401.8	0.267007
402	0.266969
402.2	0.266932
402.4	0.266898
402.6	0.266866
402.8	0.266836
403	0.266809
403.2	0.266785
403.4	0.266764
403.6	0.266746
403.8	0.266733
404	0.266725
404.2	0.266724
404.4	0.26673
404.6	0.266747
404.8	0.266781
405	0.266842
405.2	0.266973
405.4	0.267575
405.6	0.280028
405.8	0.303399
406	0.316528
406.2	0.320785
406.4	0.32189
406.6	0.322081
406.8	0.321981
407	0.321768
407.2	0.321494
407.4	0.32119
407.6	0.320873
407.8	0.320554
408	0.320237
408.2	0.319925
408.4	0.319618
408.6	0.319317
408.8	0.319022
409	0.318734
409.2	0.31845
409.4	0.318173
409.6	0.3179
409.8	0.317633
410	0.317371
410.2	0.317114
410.4	0.316861
410.6	0.316613
410.8	0.316369
411	0.316129
411.2	0.315893
411.4	0.315661
411.6	0.315433
411.8	0.315209
412	0.314988
412.2	0.314771
412.4	0.314557
412.6	0.314346
412.8	0.314138
413	0.313933
413.2	0.313731
413.4	0.313532
413.6	0.313336
413.8	0.313143
414	0.312952
414.2	0.312763
414.4	0.312577
414.6	0.312394
414.8	0.312213
415	0.312034
415.2	0.311857
415.4	0.311683
415.6	0.31151
415.8	0.31134
416	0.311172
416.2	0.311006
416.4	0.310841
416.6	0.310679
416.8	0.310518
417	0.310359
417.2	0.310202
417.4	0.310046
417.6	0.309893
417.8	0.30974
418	0.30959
418.2	0.309441
418.4	0.309293
418.6	0.309147
418.8	0.309002
419	0.308859
419.2	0.308718
419.4	0.308577
419.6	0.308438
419.8	0.3083
420	0.308164
420.2	0.308029
420.4	0.307895
420.6	0.307762
420.8	0.307631
421	0.3075
421.2	0.307371
421.4	0.307243
421.6	0.307116
421.8	0.306991
422	0.306866
422.2	0.306742
422.4	0.30662
422.6	0.306498
422.8	0.306378
423	0.306258
423.2	0.30614
423.4	0.306022
423.6	0.305906
423.8	0.30579
424	0.305675
424.2	0.305561
424.4	0.305449
424.6	0.305337
424.8	0.305226
425	0.305116
425.2	0.305006
425.4	0.304898
425.6	0.30479
425.8	0.304684
426	0.304578
426.2	0.304473
426.4	0.304369
426.6	0.304266
426.8	0.304163
427	0.304062
427.2	0.303961
427.4	0.303861
427.6	0.303762
427.8	0.303664
428	0.303566
428.2	0.303469
428.4	0.303373
428.6	0.303278
428.8	0.303184
429	0.303091
429.2	0.302998
429.4	0.302906
429.6	0.302815
429.8	0.302725
430	0.302636
430.2	0.302547
430.4	0.30246
430.6	0.302373
430.8	0.302287
431	0.302202
431.2	0.302117
431.4	0.302034
431.6	0.301952
431.8	0.30187
432	0.30179
432.2	0.30171
432.4	0.301631
432.6	0.301554
432.8	0.301477
433	0.301401
433.2	0.301327
433.4	0.301253
433.6	0.301181
433.8	0.30111
434	0.30104
434.2	0.300971
434.4	0.300903
434.6	0.300837
434.8	0.300773
435	0.30071
435.2	0.300648
435.4	0.300589
435.6	0.300531
435.8	0.300475
436	0.300421
436.2	0.30037
436.4	0.300321
436.6	0.300275
436.8	0.300233
437	0.300194
437.2	0.30016
437.4	0.300131
437.6	0.300109
437.8	0.300096
438	0.300095
438.2	0.300114
438.4	0.300172
438.6	0.300355
438.8	0.302902
439	0.322961
439.2	0.341845
439.4	0.349789
439.6	0.352049
439.8	0.352573
440	0.352571
440.2	0.352387
440.4	0.352113
440.6	0.351791
440.8	0.351445
441	0.351091
441.2	0.350738
441.4	0.350388
441.6	0.350043
441.8	0.349704
442	0.349372
442.2	0.349045
442.4	0.348725
442.6	0.348411
442.8	0.348103
443	0.3478
443.2	0.347503
443.4	0.34721
443.6	0.346923
443.8	0.34664
444	0.346362
444.2	0.346089
444.4	0.34582
444.6	0.345555
444.8	0.345294
445	0.345036
445.2	0.344783
445.4	0.344533
445.6	0.344287
445.8	0.344044
446	0.343804
446.2	0.343568
446.4	0.343335
446.6	0.343104
446.8	0.342877
447	0.342652
447.2	0.342431
447.4	0.342211
447.6	0.341995
447.8	0.341781
448	0.341569
448.2	0.34136
448.4	0.341153
448.6	0.340948
448.8	0.340746
449	0.340546
449.2	0.340347
449.4	0.340151
449.6	0.339957
449.8	0.339765
450	0.339574
450.2	0.339386
450.4	0.339199
450.6	0.339014
450.8	0.33883
451	0.338649
451.2	0.338469
451.4	0.33829
451.6	0.338113
451.8	0.337938
452	0.337764
452.2	0.337592
452.4	0.337421
452.6	0.337251
452.8	0.337083
453	0.336916
453.2	0.33675
453.4	0.336586
453.6	0.336423
453.8	0.336261
454	0.3361
454.2	0.335941
454.4	0.335782
454.6	0.335625
454.8	0.335469
455	0.335314
455.2	0.33516
455.4	0.335007
455.6	0.334856
455.8	0.334705
456	0.334555
456.2	0.334406
456.4	0.334258
456.6	0.334112
456.8	0.333966
457	0.333821
457.2	0.333676
457.4	0.333533
457.6	0.333391
457.8	0.333249
458	0.333109
458.2	0.332969
458.4	0.33283
458.6	0.332692
458.8	0.332555
459	0.332418
459.2	0.332282
459.4	0.332147
459.6	0.332013
459.8	0.33188
460	0.331747
460.2	0.331615
460.4	0.331484
460.6	0.331354
460.8	0.331224
461	0.331095
461.2	0.330967
461.4	0.330839
461.6	0.330712
461.8	0.330586
462	0.33046
462.2	0.330335
462.4	0.330211
462.6	0.330088
462.8	0.329965
463	0.329843
463.2	0.329721
463.4	0.3296
463.6	0.32948
463.8	0.329361
464	0.329242
464.2	0.329123
464.4	0.329006
464.6	0.328889
464.8	0.328772
465	0.328657
465.2	0.328542
465.4	0.328427
465.6	0.328313
465.8	0.3282
466	0.328088
466.2	0.327976
466.4	0.327865
466.6	0.327754
466.8	0.327644
467	0.327535
467.2	0.327426
467.4	0.327318
467.6	0.327211
467.8	0.327104
468	0.326998
468.2	0.326893
468.4	0.326788
468.6	0.326684
468.8	0.326581
469	0.326478
469.2	0.326376
469.4	0.326275
469.6	0.326174
469.8	0.326074
470	0.325975
470.2	0.325877
470.4	0.325779
470.6	0.325683
470.8	0.325587
471	0.325492
471.2	0.325397
471.4	0.325304
471.6	0.325211
471.8	0.325119
472	0.325028
472.2	0.324939
472.4	0.32485
472.6	0.324762
472.8	0.324675
473	0.324589
473.2	0.324504
473.4	0.324421
473.6	0.324339
473.8	0.324258
474	0.324178
474.2	0.3241
474.4	0.324024
474.6	0.323949
474.8	0.323876
475	0.323804
475.2	0.323735
475.4	0.323669
475.6	0.323605
475.8	0.323543
476	0.323486
476.2	0.323431
476.4	0.323382
476.6	0.323338
476.8	0.323301
477	0.323273
477.2	0.323259
477.4	0.323266
477.6	0.323317
477.8	0.32354
478	0.328121
478.2	0.348979
478.4	0.365194
478.6	0.371362
478.8	0.373042
479	0.373392
479.2	0.373325
479.4	0.373103
479.6	0.372797
479.8	0.372447
480	0.372076
480.2	0.371699
480.4	0.371323
480.6	0.37095
480.8	0.370584
481	0.370223
481.2	0.369869
481.4	0.369522
481.6	0.36918
481.8	0.368845
482	0.368516
482.2	0.368192
482.4	0.367874
482.6	0.367561
482.8	0.367253
483	0.36695
483.2	0.366651
483.4	0.366357
483.6	0.366068
483.8	0.365782
484	0.365501
484.2	0.365224
484.4	0.36495
484.6	0.364681
484.8	0.364414
485	0.364152
485.2	0.363892
485.4	0.363636
485.6	0.363383
485.8	0.363133
486	0.362886
486.2	0.362642
486.4	0.3624
486.6	0.362162
486.8	0.361926
487	0.361692
487.2	0.361461
487.4	0.361232
487.6	0.361006
487.8	0.360782
488	0.36056
488.2	0.360341
488.4	0.360123
488.6	0.359908
488.8	0.359694
489	0.359482
489.2	0.359273
489.4	0.359065
489.6	0.358859
489.8	0.358655
490	0.358452
490.2	0.358251
490.4	0.358052
490.6	0.357854
490.8	0.357658
491	0.357464
491.2	0.35727
491.4	0.357079
491.6	0.356889
491.8	0.3567
492	0.356512
492.2	0.356326
492.4	0.356141
492.6	0.355958
492.8	0.355775
493	0.355594
493.2	0.355414
493.4	0.355236
493.6	0.355058
493.8	0.354882
494	0.354706
494.2	0.354532
494.4	0.354359
494.6	0.354187
494.8	0.354016
495	0.353845
495.2	0.353676
495.4	0.353508
495.6	0.353341
495.8	0.353175
496	0.353009
496.2	0.352845
496.4	0.352681
496.6	0.352518
496.8	0.352357
497	0.352196
497.2	0.352035
497.4	0.351876
497.6	0.351718
497.8	0.35156
498	0.351403
498.2	0.351247
498.4	0.351091
498.6	0.350937
498.8	0.350783
499	0.350629
499.2	0.350477
499.4	0.350325
499.6	0.350174
499.8	0.350024
500	0.349874
500.2	0.349725
500.4	0.349577
500.6	0.349429
500.8	0.349282
501	0.349136
501.2	0.34899
501.4	0.348845
501.6	0.3487
501.8	0.348556
502	0.348413
502.2	0.348271
502.4	0.348129
502.6	0.347987
502.8	0.347846
503	0.347706
503.2	0.347566
503.4	0.347427
503.6	0.347289
503.8	0.347151
504	0.347013
504.2	0.346877
504.4	0.34674
504.6	0.346605
504.8	0.346469
505	0.346335
505.2	0.346201
505.4	0.346067
505.6	0.345934
505.8	0.345802
506	0.34567
506.2	0.345539
506.4	0.345408
506.6	0.345278
506.8	0.345148
507	0.345019
507.2	0.34489
507.4	0.344762
507.6	0.344634
507.8	0.344507
508	0.34438
508.2	0.344254
508.4	0.344129
508.6	0.344003
508.8	0.343879
509	0.343755
509.2	0.343631
509.4	0.343509
509.6	0.343386
509.8	0.343264
510	0.343143
510.2	0.343022
510.4	0.342902
510.6	0.342782
510.8	0.342663
511	0.342544
511.2	0.342426
511.4	0.342308
511.6	0.342191
511.8	0.342075
512	0.341959
512.2	0.341843
512.4	0.341729
512.6	0.341614
512.8	0.341501
513	0.341388
513.2	0.341275
513.4	0.341163
513.6	0.341052
513.8	0.340941
514	0.340831
514.2	0.340722
514.4	0.340613
514.6	0.340505
514.8	0.340398
515	0.340291
515.2	0.340185
515.4	0.34008
515.6	0.339975
515.8	0.339871
516	0.339768
516.2	0.339666
516.4	0.339564
516.6	0.339463
516.8	0.339364
517	0.339265
517.2	0.339167
517.4	0.339069
517.6	0.338973
517.8	0.338878
518	0.338784
518.2	0.338691
518.4	0.338599
518.6	0.338509
518.8	0.33842
519	0.338332
519.2	0.338245
519.4	0.338161
519.6	0.338077
519.8	0.337996
520	0.337917
520.2	0.33784
520.4	0.337765
520.6	0.337693
520.8	0.337625
521	0.337559
521.2	0.337499
521.4	0.337443
521.6	0.337393
521.8	0.337352
522	0.337323
522.2	0.337311
522.4	0.337333
522.6	0.33745
522.8	0.338799
523	0.355324
523.2	0.374265
523.4	0.3829
523.6	0.385422
523.8	0.386012
524	0.386021
524.2	0.385827
524.4	0.385532
524.6	0.38518
524.8	0.3848
525	0.38441
525.2	0.384019
525.4	0.383631
525.6	0.383249
525.8	0.382872
526	0.382503
526.2	0.382139
526.4	0.381783
526.6	0.381432
526.8	0.381087
527	0.380749
527.2	0.380415
527.4	0.380087
527.6	0.379765
527.8	0.379447
528	0.379134
528.2	0.378826
528.4	0.378522
528.6	0.378223
528.8	0.377928
529	0.377636
529.2	0.377349
529.4	0.377066
529.6	0.376786
529.8	0.376509
530	0.376236
530.2	0.375967
530.4	0.3757
530.6	0.375437
530.8	0.375177
531	0.374919
531.2	0.374665
531.4	0.374413
531.6	0.374164
531.8	0.373917
532	0.373673
532.2	0.373432
532.4	0.373193
532.6	0.372956
532.8	0.372721
533	0.372489
533.2	0.372259
533.4	0.37203
533.6	0.371804
533.8	0.37158
534	0.371358
534.2	0.371137
534.4	0.370919
534.6	0.370702
534.8	0.370487
535	0.370274
535.2	0.370062
535.4	0.369852
535.6	0.369643
535.8	0.369436
536	0.369231
536.2	0.369027
536.4	0.368824
536.6	0.368623
536.8	0.368423
537	0.368225
537.2	0.368028
537.4	0.367832
537.6	0.367637
537.8	0.367444
538	0.367252
538.2	0.367061
538.4	0.366871
538.6	0.366682
538.8	0.366494
539	0.366308
539.2	0.366122
539.4	0.365938
539.6	0.365755
539.8	0.365572
540	0.365391
540.2	0.365211
540.4	0.365031
540.6	0.364853
540.8	0.364675
541	0.364498
541.2	0.364323
541.4	0.364148
541.6	0.363973
541.8	0.3638
542	0.363628
542.2	0.363456
542.4	0.363285
542.6	0.363115
542.8	0.362946
543	0.362778
543.2	0.36261
543.4	0.362443
543.6	0.362277
543.8	0.362111
544	0.361947
544.2	0.361783
544.4	0.361619
544.6	0.361456
544.8	0.361294
545	0.361133
545.2	0.360972
545.4	0.360812
545.6	0.360653
545.8	0.360494
546	0.360336
546.2	0.360178
546.4	0.360021
546.6	0.359865
546.8	0.359709
547	0.359554
547.2	0.359399
547.4	0.359246
547.6	0.359092
547.8	0.358939
548	0.358787
548.2	0.358635
548.4	0.358484
548.6	0.358333
548.8	0.358183
549	0.358034
549.2	0.357885
549.4	0.357736
549.6	0.357588
549.8	0.357441
550	0.357294
550.2	0.357147
550.4	0.357001
550.6	0.356856
550.8	0.356711
551	0.356567
551.2	0.356423
551.4	0.356279
551.6	0.356136
551.8	0.355994
552	0.355852
552.2	0.35571
552.4	0.355569
552.6	0.355429
552.8	0.355289
553	0.355149
553.2	0.35501
553.4	0.354871
553.6	0.354733
553.8	0.354595
554	0.354458
554.2	0.354321
554.4	0.354185
554.6	0.354049
554.8	0.353914
555	0.353779
555.2	0.353644
555.4	0.35351
555.6	0.353377
555.8	0.353244
556	0.353111
556.2	0.352979
556.4	0.352847
556.6	0.352716
556.8	0.352585
557	0.352455
557.2	0.352325
557.4	0.352195
557.6	0.352066
557.8	0.351938
558	0.35181
558.2	0.351682
558.4	0.351555
558.6	0.351429
558.8	0.351303
559	0.351177
559.2	0.351052
559.4	0.350927
559.6	0.350803
559.8	0.350679
560	0.350556
560.2	0.350433
560.4	0.350311
560.6	0.350189
560.8	0.350067
561	0.349947
561.2	0.349826
561.4	0.349707
561.6	0.349587
561.8	0.349469
562	0.349351
562.2	0.349233
562.4	0.349116
562.6	0.348999
562.8	0.348883
563	0.348768
563.2	0.348653
563.4	0.348539
563.6	0.348425
563.8	0.348312
564	0.3482
564.2	0.348088
564.4	0.347977
564.6	0.347867
564.8	0.347757
565	0.347648
565.2	0.347539
565.4	0.347432
565.6	0.347325
565.8	0.347219
566	0.347114
566.2	0.347009
566.4	0.346905
566.6	0.346803
566.8	0.346701
567	0.3466
567.2	0.3465
567.4	0.346401
567.6	0.346304
567.8	0.346207
568	0.346112
568.2	0.346017
568.4	0.345925
568.6	0.345833
568.8	0.345744
569	0.345656
569.2	0.345569
569.4	0.345485
569.6	0.345403
569.8	0.345324
570	0.345247
570.2	0.345173
570.4	0.345103
570.6	0.345037
570.8	0.344976
571	0.344922
571.2	0.344876
571.4	0.344842
571.6	0.344826
571.8	0.344845
572	0.344968
572.2	0.346639
572.4	0.364019
572.6	0.382329
572.8	0.390395
573	0.39272
573.2	0.393252
573.4	0.39324
573.6	0.393033
573.8	0.392726
574	0.392364
574.2	0.391974
574.4	0.391575
574.6	0.391175
574.8	0.390778
575	0.390387
575.2	0.390002
575.4	0.389624
575.6	0.389252
575.8	0.388887
576	0.388528
576.2	0.388175
576.4	0.387828
576.6	0.387487
576.8	0.387151
577	0.38682
577.2	0.386495
577.4	0.386174
577.6	0.385858
577.8	0.385547
578	0.38524
578.2	0.384937
578.4	0.384638
578.6	0.384343
578.8	0.384052
579	0.383765
579.2	0.383481
579.4	0.3832
579.6	0.382923
579.8	0.38265
580	0.382379
580.2	0.382111
580.4	0.381847
580.6	0.381585
580.8	0.381326
581	0.38107
581.2	0.380816
581.4	0.380565
581.6	0.380316
581.8	0.38007
582	0.379826
582.2	0.379584
582.4	0.379345
582.6	0.379107
582.8	0.378872
583	0.378639
583.2	0.378408
583.4	0.378178
583.6	0.377951
583.8	0.377725
584	0.377501
584.2	0.377279
584.4	0.377059
584.6	0.37684
584.8	0.376623
585	0.376408
585.2	0.376194
585.4	0.375982
585.6	0.375771
585.8	0.375561
586	0.375353
586.2	0.375146
586.4	0.374941
586.6	0.374737
586.8	0.374534
587	0.374333
587.2	0.374132
587.4	0.373933
587.6	0.373736
587.8	0.373539
588	0.373343
588.2	0.373149
588.4	0.372955
588.6	0.372763
588.8	0.372572
589	0.372382
589.2	0.372192
589.4	0.372004
589.6	0.371817
589.8	0.371631
590	0.371445
590.2	0.371261
590.4	0.371077
590.6	0.370895
590.8	0.370713
591	0.370532
591.2	0.370352
591.4	0.370173
591.6	0.369994
591.8	0.369816
592	0.36964
592.2	0.369463
592.4	0.369288
592.6	0.369114
592.8	0.36894
593	0.368767
593.2	0.368594
593.4	0.368422
593.6	0.368252
593.8	0.368081
594	0.367912
594.2	0.367743
594.4	0.367574
594.6	0.367407
594.8	0.36724
595	0.367073
595.2	0.366908
595.4	0.366742
595.6	0.366578
595.8	0.366414
596	0.366251
596.2	0.366088
596.4	0.365926
596.6	0.365764
596.8	0.365603
597	0.365443
597.2	0.365283
597.4	0.365124
597.6	0.364965
597.8	0.364807
598	0.364649
598.2	0.364492
598.4	0.364335
598.6	0.364179
598.8	0.364023
599	0.363868
599.2	0.363714
599.4	0.363559
599.6	0.363406
599.8	0.363253
600	0.3631
600.2	0.362948
600.4	0.362796
600.6	0.362645
600.8	0.362495
601	0.362344
601.2	0.362195
601.4	0.362045
601.6	0.361897
601.8	0.361748
602	0.3616
602.2	0.361453
602.4	0.361306
602.6	0.361159
602.8	0.361013
603	0.360868
603.2	0.360722
603.4	0.360578
603.6	0.360433
603.8	0.36029
604	0.360146
604.2	0.360003
604.4	0.359861
604.6	0.359719
604.8	0.359577
605	0.359436
605.2	0.359295
605.4	0.359154
605.6	0.359014
605.8	0.358875
606	0.358736
606.2	0.358597
606.4	0.358459
606.6	0.358321
606.8	0.358184
607	0.358047
607.2	0.35791
607.4	0.357774
607.6	0.357638
607.8	0.357503
608	0.357368
608.2	0.357234
608.4	0.3571
608.6	0.356966
608.8	0.356833
609	0.3567
609.2	0.356568
609.4	0.356436
609.6	0.356304
609.8	0.356173
610	0.356043
610.2	0.355913
610.4	0.355783
610.6	0.355654
610.8	0.355525
611	0.355397
611.2	0.355269
611.4	0.355141
611.6	0.355014
611.8	0.354888
612	0.354761
612.2	0.354636
612.4	0.354511
612.6	0.354386
612.8	0.354262
613	0.354138
613.2	0.354015
613.4	0.353892
613.6	0.353769
613.8	0.353648
614	0.353526
614.2	0.353406
614.4	0.353285
614.6	0.353165
614.8	0.353046
615	0.352927
615.2	0.352809
615.4	0.352692
615.6	0.352575
615.8	0.352458
616	0.352342
616.2	0.352227
616.4	0.352112
616.6	0.351998
616.8	0.351885
617	0.351772
617.2	0.35166
617.4	0.351548
617.6	0.351437
617.8	0.351327
618	0.351218
618.2	0.351109
618.4	0.351002
618.6	0.350895
618.8	0.350788
619	0.350683
619.2	0.350579
619.4	0.350475
619.6	0.350373
619.8	0.350271
620	0.350171
620.2	0.350071
620.4	0.349973
620.6	0.349876
620.8	0.349781
621	0.349687
621.2	0.349594
621.4	0.349503
621.6	0.349414
621.8	0.349327
622	0.349242
622.2	0.349159
622.4	0.349079
622.6	0.349002
622.8	0.348928
623	0.348859
623.2	0.348794
623.4	0.348736
623.6	0.348685
623.8	0.348645
624	0.348622
624.2	0.348629
624.4	0.348713
624.6	0.349493
624.8	0.363084
625	0.382793
625.2	0.392715
625.4	0.395744
625.6	0.396481
625.8	0.396533
626	0.396352
626.2	0.396059
626.4	0.395702
626.6	0.395313
626.8	0.394911
627	0.394507
627.2	0.394106
627.4	0.39371
627.6	0.393321
627.8	0.392938
628	0.392561
628.2	0.392191
628.4	0.391828
628.6	0.39147
628.8	0.391119
629	0.390773
629.2	0.390433
629.4	0.390098
629.6	0.389768
629.8	0.389443
630	0.389123
630.2	0.388807
630.4	0.388496
630.6	0.388189
630.8	0.387886
631	0.387587
631.2	0.387292
631.4	0.387001
631.6	0.386713
631.8	0.386429
632	0.386148
632.2	0.385871
632.4	0.385596
632.6	0.385325
632.8	0.385056
633	0.384791
633.2	0.384528
633.4	0.384268
633.6	0.384011
633.8	0.383756
634	0.383503
634.2	0.383254
634.4	0.383006
634.6	0.382761
634.8	0.382518
635	0.382277
635.2	0.382038
635.4	0.381801
635.6	0.381567
635.8	0.381334
636	0.381103
636.2	0.380874
636.4	0.380647
636.6	0.380421
636.8	0.380197
637	0.379975
637.2	0.379755
637.4	0.379536
637.6	0.379319
637.8	0.379103
638	0.378889
638.2	0.378676
638.4	0.378464
638.6	0.378254
638.8	0.378046
639	0.377838
639.2	0.377632
639.4	0.377427
639.6	0.377224
639.8	0.377021
640	0.37682
640.2	0.37662
640.4	0.376421
640.6	0.376223
640.8	0.376027
641	0.375831
641.2	0.375637
641.4	0.375443
641.6	0.375251
641.8	0.375059
642	0.374869
642.2	0.374679
642.4	0.37449
642.6	0.374303
642.8	0.374116
643	0.37393
643.2	0.373745
643.4	0.373561
643.6	0.373377
643.8	0.373195
644	0.373013
644.2	0.372832
644.4	0.372652
644.6	0.372473
644.8	0.372294
645	0.372116
645.2	0.371939
645.4	0.371763
645.6	0.371587
645.8	0.371412
646	0.371238
646.2	0.371064
646.4	0.370891
646.6	0.370719
646.8	0.370548
647	0.370377
647.2	0.370207
647.4	0.370037
647.6	0.369868
647.8	0.3697
648	0.369532
648.2	0.369365
648.4	0.369198
648.6	0.369032
648.8	0.368867
649	0.368702
649.2	0.368537
649.4	0.368374
649.6	0.368211
649.8	0.368048
650	0.367886
650.2	0.367724
650.4	0.367563
650.6	0.367403
650.8	0.367243
651	0.367083
651.2	0.366925
651.4	0.366766
651.6	0.366608
651.8	0.366451
652	0.366294
652.2	0.366137
652.4	0.365982
652.6	0.365826
652.8	0.365671
653	0.365517
653.2	0.365363
653.4	0.365209
653.6	0.365056
653.8	0.364903
654	0.364751
654.2	0.364599
654.4	0.364448
654.6	0.364297
654.8	0.364147
655	0.363997
655.2	0.363847
655.4	0.363698
655.6	0.36355
655.8	0.363402
656	0.363254
656.2	0.363106
656.4	0.36296
656.6	0.362813
656.8	0.362667
657	0.362521
657.2	0.362376
657.4	0.362231
657.6	0.362087
657.8	0.361943
658	0.3618
658.2	0.361657
658.4	0.361514
658.6	0.361372
658.8	0.36123
659	0.361088
659.2	0.360947
659.4	0.360807
659.6	0.360666
659.8	0.360527
660	0.360387
660.2	0.360248
660.4	0.36011
660.6	0.359972
660.8	0.359834
661	0.359697
661.2	0.35956
661.4	0.359423
661.6	0.359287
661.8	0.359151
662	0.359016
662.2	0.358881
662.4	0.358747
662.6	0.358613
662.8	0.358479
663	0.358346
663.2	0.358213
663.4	0.358081
663.6	0.357949
663.8	0.357817
664	0.357686
664.2	0.357555
664.4	0.357425
664.6	0.357295
664.8	0.357166
665	0.357037
665.2	0.356908
665.4	0.35678
665.6	0.356653
665.8	0.356525
666	0.356399
666.2	0.356272
666.4	0.356146
666.6	0.356021
666.8	0.355896
667	0.355772
667.2	0.355648
667.4	0.355524
667.6	0.355401
667.8	0.355279
668	0.355157
668.2	0.355035
668.4	0.354914
668.6	0.354794
668.8	0.354674
669	0.354554
669.2	0.354435
669.4	0.354317
669.6	0.354199
669.8	0.354082
670	0.353965
670.2	0.353849
670.4	0.353734
670.6	0.353619
670.8	0.353504
671	0.353391
671.2	0.353278
671.4	0.353166
671.6	0.353054
671.8	0.352943
672	0.352833
672.2	0.352724
672.4	0.352615
672.6	0.352507
672.8	0.3524
673	0.352294
673.2	0.352189
673.4	0.352085
673.6	0.351981
673.8	0.351879
674	0.351778
674.2	0.351678
674.4	0.351579
674.6	0.351481
674.8	0.351385
675	0.35129
675.2	0.351197
675.4	0.351105
675.6	0.351016
675.8	0.350928
676	0.350842
676.2	0.350759
676.4	0.350679
676.6	0.350601
676.8	0.350528
677	0.350458
677.2	0.350394
677.4	0.350336
677.6	0.350287
677.8	0.35025
678	0.350231
678.2	0.350249
678.4	0.35038
678.6	0.352439
678.8	0.370547
679	0.388289
679.2	0.395871
679.4	0.398033
679.6	0.398518
679.8	0.398488
680	0.39827
680.2	0.397954
680.4	0.397583
680.6	0.397186
680.8	0.39678
681	0.396373
681.2	0.39597
681.4	0.395572
681.6	0.395181
681.8	0.394796
682	0.394418
682.2	0.394047
682.4	0.393682
682.6	0.393323
682.8	0.39297
683	0.392623
683.2	0.392281
683.4	0.391945
683.6	0.391613
683.8	0.391287
684	0.390965
684.2	0.390648
684.4	0.390335
684.6	0.390027
684.8	0.389722
685	0.389422
685.2	0.389125
685.4	0.388832
685.6	0.388543
685.8	0.388257
686	0.387975
686.2	0.387696
686.4	0.38742
686.6	0.387147
686.8	0.386877
687	0.38661
687.2	0.386345
687.4	0.386084
687.6	0.385825
687.8	0.385568
688	0.385314
688.2	0.385063
688.4	0.384814
688.6	0.384567
688.8	0.384322
689	0.384079
689.2	0.383839
689.4	0.383601
689.6	0.383364
689.8	0.38313
690	0.382897
690.2	0.382667
690.4	0.382438
690.6	0.382211
690.8	0.381985
691	0.381761
691.2	0.381539
691.4	0.381319
691.6	0.3811
691.8	0.380882
692	0.380666
692.2	0.380452
692.4	0.380239
692.6	0.380027
692.8	0.379817
693	0.379607
693.2	0.3794
693.4	0.379193
693.6	0.378988
693.8	0.378784
694	0.378581
694.2	0.378379
694.4	0.378179
694.6	0.377979
694.8	0.377781
695	0.377584
695.2	0.377387
695.4	0.377192
695.6	0.376998
695.8	0.376805
696	0.376612
696.2	0.376421
696.4	0.376231
696.6	0.376041
696.8	0.375853
697	0.375665
697.2	0.375478
697.4	0.375292
697.6	0.375107
697.8	0.374923
698	0.374739
698.2	0.374557
698.4	0.374375
698.6	0.374194
698.8	0.374014
699	0.373834
699.2	0.373655
699.4	0.373477
699.6	0.3733
699.8	0.373123
700	0.372947
700.2	0.372766
700.4	0.372579
700.6	0.372385
700.8	0.372185
701	0.37198
701.2	0.371768
701.4	0.37155
701.6	0.371326
701.8	0.371096
702	0.370861
702.2	0.37062
702.4	0.370373
702.6	0.370121
702.8	0.369864
703	0.369602
703.2	0.369334
703.4	0.369061
703.6	0.368782
703.8	0.368499
704	0.368211
704.2	0.367918
704.4	0.36762
704.6	0.367317
704.8	0.36701
705	0.366698
705.2	0.366381
705.4	0.36606
705.6	0.365735
705.8	0.365405
706	0.365071
706.2	0.364733
706.4	0.364391
706.6	0.364044
706.8	0.363694
707	0.36334
707.2	0.362982
707.4	0.36262
707.6	0.362254
707.8	0.361885
708	0.361513
708.2	0.361136
708.4	0.360757
708.6	0.360374
708.8	0.359988
709	0.359599
709.2	0.359207
709.4	0.358811
709.6	0.358413
709.8	0.358012
710	0.357608
710.2	0.357201
710.4	0.356791
710.6	0.356379
710.8	0.355965
711	0.355548
711.2	0.355128
711.4	0.354706
711.6	0.354282
711.8	0.353856
712	0.353427
712.2	0.352997
712.4	0.352564
712.6	0.35213
712.8	0.351693
713	0.351255
713.2	0.350815
713.4	0.350373
713.6	0.349929
713.8	0.349484
714	0.349037
714.2	0.348589
714.4	0.348139
714.6	0.347688
714.8	0.347236
715	0.346782
715.2	0.346327
715.4	0.345871
715.6	0.345413
715.8	0.344955
716	0.344495
716.2	0.344035
716.4	0.343573
716.6	0.343111
716.8	0.342647
717	0.342183
717.2	0.341718
717.4	0.341252
717.6	0.340786
717.8	0.340319
718	0.339851
718.2	0.339382
718.4	0.338913
718.6	0.338444
718.8	0.337974
719	0.337503
719.2	0.337032
719.4	0.336561
719.6	0.336089
719.8	0.335617
720	0.335144
720.2	0.334672
720.4	0.334199
720.6	0.333726
720.8	0.333252
721	0.332779
721.2	0.332305
721.4	0.331831
721.6	0.331357
721.8	0.330883
722	0.330409
722.2	0.329935
722.4	0.329461
722.6	0.328987
722.8	0.328513
723	0.328039
723.2	0.327565
723.4	0.327092
723.6	0.326618
723.8	0.326145
724	0.325671
724.2	0.325198
724.4	0.324725
724.6	0.324253
724.8	0.32378
725	0.323308
725.2	0.322836
725.4	0.322365
725.6	0.321893
725.8	0.321422
726	0.320951
726.2	0.320481
726.4	0.320011
726.6	0.319541
726.8	0.319072
727	0.318603
727.2	0.318135
727.4	0.317667
727.6	0.317199
727.8	0.316732
728	0.316265
728.2	0.315799
728.4	0.315333
728.6	0.314868
728.8	0.314403
729	0.313938
729.2	0.313475
729.4	0.313011
729.6	0.312548
729.8	0.312086
730	0.311624
730.2	0.311163
730.4	0.310702
730.6	0.310242
730.8	0.309783
731	0.309324
731.2	0.308866
731.4	0.308408
731.6	0.307951
731.8	0.307494
732	0.307038
732.2	0.306583
732.4	0.306128
732.6	0.305674
732.8	0.30522
733	0.304768
733.2	0.304315
733.4	0.303864
733.6	0.303413
733.8	0.302963
734	0.302513
734.2	0.302064
734.4	0.301616
734.6	0.301168
734.8	0.300721
735	0.300275
735.2	0.299829
735.4	0.299384
735.6	0.29894
735.8	0.298496
736	0.298054
736.2	0.297611
736.4	0.29717
736.6	0.296729
736.8	0.296289
737	0.29585
737.2	0.295411
737.4	0.294973
737.6	0.294536
737.8	0.294099
738	0.293663
738.2	0.293228
738.4	0.292793
738.6	0.29236
738.8	0.291927
739	0.291494
739.2	0.291063
739.4	0.290632
739.6	0.290202
739.8	0.289772
740	0.289344
740.2	0.288916
740.4	0.288488
740.6	0.288062
740.8	0.287636
741	0.287211
741.2	0.286786
741.4	0.286363
741.6	0.28594
741.8	0.285518
742	0.285096
742.2	0.284676
742.4	0.284256
742.6	0.283836
742.8	0.283418
743	0.283
743.2	0.282583
743.4	0.282166
743.6	0.281751
743.8	0.281336
744	0.280922
744.2	0.280508
744.4	0.280095
744.6	0.279684
744.8	0.279272
745	0.278862
745.2	0.278452
745.4	0.278043
745.6	0.277634
745.8	0.277227
746	0.27682
746.2	0.276414
746.4	0.276008
746.6	0.275603
746.8	0.275199
747	0.274796
747.2	0.274394
747.4	0.273992
747.6	0.273591
747.8	0.27319
748	0.27279
748.2	0.272392
748.4	0.271993
748.6	0.271596
748.8	0.271199
749	0.270803
749.2	0.270407
749.4	0.270013
749.6	0.269619
749.8	0.269226
750	0.268833
750.2	0.268441
750.4	0.26805
750.6	0.26766
750.8	0.26727
751	0.266881
751.2	0.266493
751.4	0.266105
751.6	0.265718
751.8	0.265332
752	0.264946
752.2	0.264562
752.4	0.264178
752.6	0.263794
752.8	0.263411
753	0.263029
753.2	0.262648
753.4	0.262268
753.6	0.261888
753.8	0.261508
754	0.26113
754.2	0.260752
754.4	0.260375
754.6	0.259998
754.8	0.259623
755	0.259247
755.2	0.258873
755.4	0.258499
755.6	0.258126
755.8	0.257754
756	0.257382
756.2	0.257011
756.4	0.256641
756.6	0.256271
756.8	0.255902
757	0.255534
757.2	0.255166
757.4	0.254799
757.6	0.254433
757.8	0.254067
758	0.253702
758.2	0.253338
758.4	0.252974
758.6	0.252611
758.8	0.252249
759	0.251887
759.2	0.251526
759.4	0.251166
759.6	0.250806
759.8	0.250447
760	0.250089
760.2	0.249731
760.4	0.249374
760.6	0.249018
760.8	0.248662
761	0.248307
761.2	0.247952
761.4	0.247598
761.6	0.247245
761.8	0.246893
762	0.246541
762.2	0.246189
762.4	0.245839
762.6	0.245489
762.8	0.245139
763	0.244791
763.2	0.244443
763.4	0.244095
763.6	0.243748
763.8	0.243402
764	0.243056
764.2	0.242712
764.4	0.242367
764.6	0.242024
764.8	0.24168
765	0.241338
765.2	0.240996
765.4	0.240655
765.6	0.240314
765.8	0.239974
766	0.239635
766.2	0.239296
766.4	0.238958
766.6	0.238621
766.8	0.238284
767	0.237947
767.2	0.237612
767.4	0.237277
767.6	0.236942
767.8	0.236608
768	0.236275
768.2	0.235942
768.4	0.23561
768.6	0.235279
768.8	0.234948
769	0.234618
769.2	0.234288
769.4	0.233959
769.6	0.233631
769.8	0.233303
770	0.232975
770.2	0.232649
770.4	0.232323
770.6	0.231997
770.8	0.231672
771	0.231348
771.2	0.231024
771.4	0.230701
771.6	0.230378
771.8	0.230056
772	0.229735
772.2	0.229414
772.4	0.229093
772.6	0.228774
772.8	0.228455
773	0.228136
773.2	0.227818
773.4	0.227501
773.6	0.227184
773.8	0.226867
774	0.226552
774.2	0.226236
774.4	0.225922
774.6	0.225608
774.8	0.225294
775	0.224981
775.2	0.224669
775.4	0.224357
775.6	0.224046
775.8	0.223735
776	0.223425
776.2	0.223116
776.4	0.222807
776.6	0.222498
776.8	0.22219
777	0.221883
777.2	0.221576
777.4	0.22127
777.6	0.220964
777.8	0.220659
778	0.220354
778.2	0.22005
778.4	0.219747
778.6	0.219444
778.8	0.219141
779	0.218839
779.2	0.218538
779.4	0.218237
779.6	0.217936
779.8	0.217637
780	0.217337
780.2	0.217039
780.4	0.21674
780.6	0.216443
780.8	0.216146
781	0.215849
781.2	0.215553
781.4	0.215257
781.6	0.214962
781.8	0.214668
782	0.214374
782.2	0.21408
782.4	0.213787
782.6	0.213495
782.8	0.213203
783	0.212911
783.2	0.212621
783.4	0.21233
783.6	0.21204
783.8	0.211751
784	0.211462
784.2	0.211174
784.4	0.210886
784.6	0.210599
784.8	0.210312
785	0.210025
785.2	0.20974
785.4	0.209454
785.6	0.209169
785.8	0.208885
786	0.208601
786.2	0.208318
786.4	0.208035
786.6	0.207753
786.8	0.207471
787	0.20719
787.2	0.206909
787.4	0.206629
787.6	0.206349
787.8	0.206069
788	0.205791
788.2	0.205512
788.4	0.205234
788.6	0.204957
788.8	0.20468
789	0.204404
789.2	0.204128
789.4	0.203852
789.6	0.203577
789.8	0.203303
790	0.203029
790.2	0.202755
790.4	0.202482
790.6	0.202209
790.8	0.201937
791	0.201666
791.2	0.201394
791.4	0.201124
791.6	0.200854
791.8	0.200584
792	0.200314
792.2	0.200046
792.4	0.199777
792.6	0.199509
792.8	0.199242
793	0.198975
793.2	0.198709
793.4	0.198443
793.6	0.198177
793.8	0.197912
794	0.197647
794.2	0.197383
794.4	0.197119
794.6	0.196856
794.8	0.196593
795	0.196331
795.2	0.196069
795.4	0.195808
795.6	0.195547
795.8	0.195286
796	0.195026
796.2	0.194766
796.4	0.194507
796.6	0.194248
796.8	0.19399
797	0.193732
797.2	0.193475
797.4	0.193218
797.6	0.192961
797.8	0.192705
798	0.19245
798.2	0.192195
798.4	0.19194
798.6	0.191686
798.8	0.191432
799	0.191178
799.2	0.190925
799.4	0.190673
799.6	0.190421
799.8	0.190169
800	0.189918
800.2	0.189667
800.4	0.189416
800.6	0.189166
800.8	0.188917
801	0.188668
801.2	0.188419
801.4	0.188171
801.6	0.187923
801.8	0.187676
802	0.187429
802.2	0.187182
802.4	0.186936
802.6	0.18669
802.8	0.186445
803	0.1862
803.2	0.185956
803.4	0.185712
803.6	0.185468
803.8	0.185225
804	0.184982
804.2	0.18474
804.4	0.184498
804.6	0.184256
804.8	0.184015
805	0.183774
805.2	0.183534
805.4	0.183294
805.6	0.183055
805.8	0.182816
806	0.182577
806.2	0.182339
806.4	0.182101
806.6	0.181863
806.8	0.181626
807	0.18139
807.2	0.181153
807.4	0.180918
807.6	0.180682
807.8	0.180447
808	0.180213
808.2	0.179978
808.4	0.179744
808.6	0.179511
808.8	0.179278
809	0.179045
809.2	0.178813
809.4	0.178581
809.6	0.17835
809.8	0.178119
810	0.177888
810.2	0.177658
810.4	0.177428
810.6	0.177198
810.8	0.176969
811	0.17674
811.2	0.176512
811.4	0.176284
811.6	0.176057
811.8	0.175829
812	0.175603
812.2	0.175376
812.4	0.17515
812.6	0.174924
812.8	0.174699
813	0.174474
813.2	0.17425
813.4	0.174026
813.6	0.173802
813.8	0.173578
814	0.173355
814.2	0.173133
814.4	0.172911
814.6	0.172689
814.8	0.172467
815	0.172246
815.2	0.172025
815.4	0.171805
815.6	0.171585
815.8	0.171365
816	0.171146
816.2	0.170927
816.4	0.170709
816.6	0.17049
816.8	0.170273
817	0.170055
817.2	0.169838
817.4	0.169621
817.6	0.169405
817.8	0.169189
818	0.168973
818.2	0.168758
818.4	0.168543
818.6	0.168329
818.8	0.168114
819	0.167901
819.2	0.167687
819.4	0.167474
819.6	0.167261
819.8	0.167049
820	0.166837
820.2	0.166625
820.4	0.166414
820.6	0.166203
820.8	0.165992
821	0.165782
821.2	0.165572
821.4	0.165362
821.6	0.165153
821.8	0.164944
822	0.164736
822.2	0.164528
822.4	0.16432
822.6	0.164112
822.8	0.163905
823	0.163698
823.2	0.163492
823.4	0.163286
823.6	0.16308
823.8	0.162874
824	0.162669
824.2	0.162465
824.4	0.16226
824.6	0.162056
824.8	0.161852
825	0.161649
825.2	0.161446
825.4	0.161243
825.6	0.161041
825.8	0.160839
826	0.160637
826.2	0.160436
826.4	0.160235
826.6	0.160034
826.8	0.159834
827	0.159634
827.2	0.159434
827.4	0.159235
827.6	0.159036
827.8	0.158837
828	0.158638
828.2	0.15844
828.4	0.158243
828.6	0.158045
828.8	0.157848
829	0.157651
829.2	0.157455
829.4	0.157259
829.6	0.157063
829.8	0.156868
830	0.156672
830.2	0.156478
830.4	0.156283
830.6	0.156089
830.8	0.155895
831	0.155702
831.2	0.155508
831.4	0.155315
831.6	0.155123
831.8	0.154931
832	0.154739
832.2	0.154547
832.4	0.154356
832.6	0.154165
832.8	0.153974
833	0.153784
833.2	0.153594
833.4	0.153404
833.6	0.153214
833.8	0.153025
834	0.152837
834.2	0.152648
834.4	0.15246
834.6	0.152272
834.8	0.152084
835	0.151897
835.2	0.15171
835.4	0.151524
835.6	0.151337
835.8	0.151151
836	0.150965
836.2	0.15078
836.4	0.150595
836.6	0.15041
836.8	0.150225
837	0.150041
837.2	0.149857
837.4	0.149674
837.6	0.14949
837.8	0.149307
838	0.149125
838.2	0.148942
838.4	0.14876
838.6	0.148578
838.8	0.148397
839	0.148215
839.2	0.148035
839.4	0.147854
839.6	0.147674
839.8	0.147494
840	0.147314
840.2	0.147134
840.4	0.146955
840.6	0.146776
840.8	0.146598
841	0.146419
841.2	0.146241
841.4	0.146064
841.6	0.145886
841.8	0.145709
842	0.145532
842.2	0.145356
842.4	0.145179
842.6	0.145003
842.8	0.144828
843	0.144652
843.2	0.144477
843.4	0.144302
843.6	0.144128
843.8	0.143953
844	0.143779
844.2	0.143606
844.4	0.143432
844.6	0.143259
844.8	0.143086
845	0.142914
845.2	0.142741
845.4	0.142569
845.6	0.142397
845.8	0.142226
846	0.142055
846.2	0.141884
846.4	0.141713
846.6	0.141543
846.8	0.141373
847	0.141203
847.2	0.141033
847.4	0.140864
847.6	0.140695
847.8	0.140526
848	0.140358
848.2	0.14019
848.4	0.140022
848.6	0.139854
848.8	0.139687
849	0.13952
849.2	0.139353
849.4	0.139186
849.6	0.13902
849.8	0.138854
850	0.138688
850.2	0.138523
850.4	0.138358
850.6	0.138193
850.8	0.138028
851	0.137863
851.2	0.137699
851.4	0.137535
851.6	0.137372
851.8	0.137208
852	0.137045
852.2	0.136882
852.4	0.13672
852.6	0.136558
852.8	0.136395
853	0.136234
853.2	0.136072
853.4	0.135911
853.6	0.13575
853.8	0.135589
854	0.135429
854.2	0.135268
854.4	0.135108
854.6	0.134949
854.8	0.134789
855	0.13463
855.2	0.134471
855.4	0.134312
855.6	0.134154
855.8	0.133996
856	0.133838
856.2	0.13368
856.4	0.133522
856.6	0.133365
856.8	0.133208
857	0.133052
857.2	0.132895
857.4	0.132739
857.6	0.132583
857.8	0.132427
858	0.132272
858.2	0.132117
858.4	0.131962
858.6	0.131807
858.8	0.131653
859	0.131498
859.2	0.131344
859.4	0.131191
859.6	0.131037
859.8	0.130884
860	0.130731
860.2	0.130578
860.4	0.130426
860.6	0.130274
860.8	0.130122
861	0.12997
861.2	0.129818
861.4	0.129667
861.6	0.129516
861.8	0.129365
862	0.129215
862.2	0.129064
862.4	0.128914
862.6	0.128764
862.8	0.128615
863	0.128465
863.2	0.128316
863.4	0.128167
863.6	0.128019
863.8	0.12787
864	0.127722
864.2	0.127574
864.4	0.127426
864.6	0.127279
864.8	0.127132
865	0.126985
865.2	0.126838
865.4	0.126691
865.6	0.126545
865.8	0.126399
866	0.126253
866.2	0.126108
866.4	0.125962
866.6	0.125817
866.8	0.125672
867	0.125527
867.2	0.125383
867.4	0.125239
867.6	0.125095
867.8	0.124951
868	0.124807
868.2	0.124664
868.4	0.124521
868.6	0.124378
868.8	0.124235
869	0.124093
869.2	0.123951
869.4	0.123809
869.6	0.123667
869.8	0.123526
870	0.123384
870.2	0.123243
870.4	0.123102
870.6	0.122962
870.8	0.122821
871	0.122681
871.2	0.122541
871.4	0.122401
871.6	0.122262
871.8	0.122123
872	0.121983
872.2	0.121845
872.4	0.121706
872.6	0.121567
872.8	0.121429
873	0.121291
873.2	0.121153
873.4	0.121016
873.6	0.120879
873.8	0.120741
874	0.120605
874.2	0.120468
874.4	0.120331
874.6	0.120195
874.8	0.120059
875	0.119923
875.2	0.119788
875.4	0.119652
875.6	0.119517
875.8	0.119382
876	0.119247
876.2	0.119113
876.4	0.118978
876.6	0.118844
876.8	0.11871
877	0.118576
877.2	0.118443
877.4	0.11831
877.6	0.118177
877.8	0.118044
878	0.117911
878.2	0.117778
878.4	0.117646
878.6	0.117514
878.8	0.117382
879	0.117251
879.2	0.117119
879.4	0.116988
879.6	0.116857
879.8	0.116726
880	0.116596
880.2	0.116465
880.4	0.116335
880.6	0.116205
880.8	0.116075
881	0.115946
881.2	0.115816
881.4	0.115687
881.6	0.115558
881.8	0.115429
882	0.115301
882.2	0.115172
882.4	0.115044
882.6	0.114916
882.8	0.114788
883	0.114661
883.2	0.114533
883.4	0.114406
883.6	0.114279
883.8	0.114152
884	0.114026
884.2	0.113899
884.4	0.113773
884.6	0.113647
884.8	0.113521
885	0.113396
885.2	0.11327
885.4	0.113145
885.6	0.11302
885.8	0.112895
886	0.11277
886.2	0.112646
886.4	0.112522
886.6	0.112398
886.8	0.112274
887	0.11215
887.2	0.112027
887.4	0.111903
887.6	0.11178
887.8	0.111657
888	0.111535
888.2	0.111412
888.4	0.11129
888.6	0.111168
888.8	0.111046
889	0.110924
889.2	0.110802
889.4	0.110681
889.6	0.11056
889.8	0.110439
890	0.110318
890.2	0.110197
890.4	0.110077
890.6	0.109957
890.8	0.109837
891	0.109717
891.2	0.109597
891.4	0.109477
891.6	0.109358
891.8	0.109239
892	0.10912
892.2	0.109001
892.4	0.108883
892.6	0.108764
892.8	0.108646
893	0.108528
893.2	0.10841
893.4	0.108292
893.6	0.108175
893.8	0.108058
894	0.10794
894.2	0.107823
894.4	0.107707
894.6	0.10759
894.8	0.107474
895	0.107357
895.2	0.107241
895.4	0.107126
895.6	0.10701
895.8	0.106894
896	0.106779
896.2	0.106664
896.4	0.106549
896.6	0.106434
896.8	0.106319
897	0.106205
897.2	0.106091
897.4	0.105977
897.6	0.105863
897.8	0.105749
898	0.105635
898.2	0.105522
898.4	0.105409
898.6	0.105296
898.8	0.105183
899	0.10507
899.2	0.104958
899.4	0.104845
899.6	0.104733
899.8	0.104621
900	0.104509
900.2	0.104397
900.4	0.104286
900.6	0.104175
900.8	0.104063
901	0.103952
901.2	0.103842
901.4	0.103731
901.6	0.103621
901.8	0.10351
902	0.1034
902.2	0.10329
902.4	0.10318
902.6	0.103071
902.8	0.102961
903	0.102852
903.2	0.102743
903.4	0.102634
903.6	0.102525
903.8	0.102417
904	0.102308
904.2	0.1022
904.4	0.102092
904.6	0.101984
904.8	0.101876
905	0.101768
905.2	0.101661
905.4	0.101554
905.6	0.101446
905.8	0.101339
906	0.101233
906.2	0.101126
906.4	0.10102
906.6	0.100913
906.8	0.100807
907	0.100701
907.2	0.100595
907.4	0.10049
907.6	0.100384
907.8	0.100279
908	0.100174
908.2	0.100069
908.4	0.0999637
908.6	0.099859
908.8	0.0997545
909	0.0996501
909.2	0.0995459
909.4	0.0994418
909.6	0.0993379
909.8	0.0992342
910	0.0991306
910.2	0.0990271
910.4	0.0989239
910.6	0.0988208
910.8	0.0987178
911	0.098615
911.2	0.0985124
911.4	0.0984099
911.6	0.0983076
911.8	0.0982054
912	0.0981034
912.2	0.0980015
912.4	0.0978998
912.6	0.0977983
912.8	0.0976969
913	0.0975956
913.2	0.0974946
913.4	0.0973936
913.6	0.0972928
913.8	0.0971922
914	0.0970917
914.2	0.0969914
914.4	0.0968913
914.6	0.0967912
914.8	0.0966914
915	0.0965917
915.2	0.0964921
915.4	0.0963927
915.6	0.0962935
915.8	0.0961943
916	0.0960954
916.2	0.0959966
916.4	0.0958979
916.6	0.0957994
916.8	0.0957011
917	0.0956029
917.2	0.0955048
917.4	0.0954069
917.6	0.0953092
917.8	0.0952116
918	0.0951141
918.2	0.0950168
918.4	0.0949196
918.6	0.0948226
918.8	0.0947257
919	0.094629
919.2	0.0945324
919.4	0.094436
919.6	0.0943397
919.8	0.0942436
920	0.0941476
920.2	0.0940517
920.4	0.093956
920.6	0.0938605
920.8	0.0937651
921	0.0936698
921.2	0.0935747
921.4	0.0934797
921.6	0.0933848
921.8	0.0932902
922	0.0931956
922.2	0.0931012
922.4	0.0930069
922.6	0.0929128
922.8	0.0928188
923	0.092725
923.2	0.0926313
923.4	0.0925377
923.6	0.0924443
923.8	0.0923511
924	0.0922579
924.2	0.0921649
924.4	0.0920721
924.6	0.0919794
924.8	0.0918868
925	0.0917944
925.2	0.0917021
925.4	0.09161
925.6	0.091518
925.8	0.0914261
926	0.0913344
926.2	0.0912428
926.4	0.0911513
926.6	0.09106
926.8	0.0909688
927	0.0908778
927.2	0.0907869
927.4	0.0906961
927.6	0.0906055
927.8	0.090515
928	0.0904246
928.2	0.0903344
928.4	0.0902443
928.6	0.0901544
928.8	0.0900646
929	0.0899749
929.2	0.0898853
929.4	0.0897959
929.6	0.0897067
929.8	0.0896175
930	0.0895285
930.2	0.0894396
930.4	0.0893509
930.6	0.0892623
930.8	0.0891738
931	0.0890855
931.2	0.0889973
931.4	0.0889092
931.6	0.0888213
931.8	0.0887335
932	0.0886458
932.2	0.0885582
932.4	0.0884708
932.6	0.0883836
932.8	0.0882964
933	0.0882094
933.2	0.0881225
933.4	0.0880357
933.6	0.0879491
933.8	0.0878626
934	0.0877763
934.2	0.08769
934.4	0.0876039
934.6	0.0875179
934.8	0.0874321
935	0.0873464
935.2	0.0872608
935.4	0.0871753
935.6	0.08709
935.8	0.0870048
936	0.0869197
936.2	0.0868348
936.4	0.0867499
936.6	0.0866652
936.8	0.0865807
937	0.0864962
937.2	0.0864119
937.4	0.0863277
937.6	0.0862437
937.8	0.0861597
938	0.0860759
938.2	0.0859922
938.4	0.0859087
938.6	0.0858252
938.8	0.0857419
939	0.0856587
939.2	0.0855757
939.4	0.0854927
939.6	0.0854099
939.8	0.0853272
940	0.0852447
940.2	0.0851622
940.4	0.0850799
940.6	0.0849977
940.8	0.0849156
941	0.0848337
941.2	0.0847519
941.4	0.0846701
941.6	0.0845886
941.8	0.0845071
942	0.0844258
942.2	0.0843445
942.4	0.0842635
942.6	0.0841825
942.8	0.0841016
943	0.0840209
943.2	0.0839403
943.4	0.0838598
943.6	0.0837794
943.8	0.0836992
944	0.083619
944.2	0.083539
944.4	0.0834591
944.6	0.0833794
944.8	0.0832997
945	0.0832202
945.2	0.0831407
945.4	0.0830614
945.6	0.0829823
945.8	0.0829032
946	0.0828243
946.2	0.0827454
946.4	0.0826667
946.6	0.0825881
946.8	0.0825097
947	0.0824313
947.2	0.082353
947.4	0.0822749
947.6	0.0821969
947.8	0.082119
948	0.0820412
948.2	0.0819636
948.4	0.081886
948.6	0.0818086
948.8	0.0817313
949	0.0816541
949.2	0.081577
949.4	0.0815001
949.6	0.0814232
949.8	0.0813465
950	0.0812698
950.2	0.0811933
950.4	0.0811169
950.6	0.0810406
950.8	0.0809645
951	0.0808884
951.2	0.0808125
951.4	0.0807366
951.6	0.0806609
951.8	0.0805853
952	0.0805098
952.2	0.0804344
952.4	0.0803592
952.6	0.080284
952.8	0.080209
953	0.080134
953.2	0.0800592
953.4	0.0799845
953.6	0.0799099
953.8	0.0798354
954	0.079761
954.2	0.0796867
954.4	0.0796126
954.6	0.0795385
954.8	0.0794646
955	0.0793908
955.2	0.079317
955.4	0.0792434
955.6	0.0791699
955.8	0.0790965
956	0.0790232
956.2	0.0789501
956.4	0.078877
956.6	0.078804
956.8	0.0787312
957	0.0786584
957.2	0.0785858
957.4	0.0785133
957.6	0.0784409
957.8	0.0783686
958	0.0782963
958.2	0.0782242
958.4	0.0781523
958.6	0.0780804
958.8	0.0780086
959	0.0779369
959.2	0.0778654
959.4	0.0777939
959.6	0.0777225
959.8	0.0776513
960	0.0775801
960.2	0.0775091
960.4	0.0774382
960.6	0.0773673
960.8	0.0772966
961	0.077226
961.2	0.0771555
961.4	0.0770851
961.6	0.0770148
961.8	0.0769446
962	0.0768745
962.2	0.0768045
962.4	0.0767346
962.6	0.0766648
962.8	0.0765951
963	0.0765255
963.2	0.076456
963.4	0.0763867
963.6	0.0763174
963.8	0.0762482
964	0.0761792
964.2	0.0761102
964.4	0.0760413
964.6	0.0759726
964.8	0.0759039
965	0.0758353
965.2	0.0757669
965.4	0.0756985
965.6	0.0756303
965.8	0.0755621
966	0.075494
966.2	0.0754261
966.4	0.0753582
966.6	0.0752905
966.8	0.0752228
967	0.0751553
967.2	0.0750878
967.4	0.0750204
967.6	0.0749532
967.8	0.074886
968	0.074819
968.2	0.074752
968.4	0.0746851
968.6	0.0746184
968.8	0.0745517
969	0.0744851
969.2	0.0744187
969.4	0.0743523
969.6	0.074286
969.8	0.0742198
970	0.0741538
970.2	0.0740878
970.4	0.0740219
970.6	0.0739561
970.8	0.0738904
971	0.0738248
971.2	0.0737593
971.4	0.0736939
971.6	0.0736286
971.8	0.0735634
972	0.0734983
972.2	0.0734333
972.4	0.0733684
972.6	0.0733035
972.8	0.0732388
973	0.0731742
973.2	0.0731096
973.4	0.0730452
973.6	0.0729808
973.8	0.0729166
974	0.0728524
974.2	0.0727883
974.4	0.0727244
974.6	0.0726605
974.8	0.0725967
975	0.072533
975.2	0.0724694
975.4	0.0724059
975.6	0.0723425
975.8	0.0722792
976	0.0722159
976.2	0.0721528
976.4	0.0720898
976.6	0.0720268
976.8	0.071964
977	0.0719012
977.2	0.0718385
977.4	0.0717759
977.6	0.0717135
977.8	0.0716511
978	0.0715888
978.2	0.0715265
978.4	0.0714644
978.6	0.0714024
978.8	0.0713404
979	0.0712786
979.2	0.0712168
979.4	0.0711552
979.6	0.0710936
979.8	0.0710321
980	0.0709707
980.2	0.0709094
980.4	0.0708482
980.6	0.070787
980.8	0.070726
981	0.0706651
981.2	0.0706042
981.4	0.0705434
981.6	0.0704827
981.8	0.0704222
982	0.0703617
982.2	0.0703012
982.4	0.0702409
982.6	0.0701807
982.8	0.0701205
983	0.0700605
983.2	0.0700005
983.4	0.0699406
983.6	0.0698808
983.8	0.0698211
984	0.0697615
984.2	0.0697019
984.4	0.0696425
984.6	0.0695831
984.8	0.0695238
985	0.0694646
985.2	0.0694055
985.4	0.0693465
985.6	0.0692876
985.8	0.0692287
986	0.06917
986.2	0.0691113
986.4	0.0690527
986.6	0.0689942
986.8	0.0689358
987	0.0688775
987.2	0.0688192
987.4	0.0687611
987.6	0.068703
987.8	0.068645
988	0.0685871
988.2	0.0685293
988.4	0.0684715
988.6	0.0684139
988.8	0.0683563
989	0.0682988
989.2	0.0682414
989.4	0.0681841
989.6	0.0681269
989.8	0.0680697
990	0.0680127
990.2	0.0679557
990.4	0.0678988
990.6	0.067842
990.8	0.0677852
991	0.0677286
991.2	0.067672
991.4	0.0676155
991.6	0.0675591
991.8	0.0675028
992	0.0674465
992.2	0.0673904
992.4	0.0673343
992.6	0.0672783
992.8	0.0672224
993	0.0671666
993.2	0.0671108
993.4	0.0670552
993.6	0.0669996
993.8	0.0669441
994	0.0668886
994.2	0.0668333
994.4	0.066778
994.6	0.0667228
994.8	0.0666677
995	0.0666127
995.2	0.0665578
995.4	0.0665029
995.6	0.0664481
995.8	0.0663934
996	0.0663388
996.2	0.0662842
996.4	0.0662298
996.6	0.0661754
996.8	0.0661211
997	0.0660669
997.2	0.0660127
997.4	0.0659586
997.6	0.0659046
997.8	0.0658507
998	0.0657969
998.2	0.0657431
998.4	0.0656895
998.6	0.0656359
998.8	0.0655823
999	0.0655289
999.2	0.0654755
999.4	0.0654222
999.6	0.065369
999.8	0.0653159
1000	0.0652628
