label:PY[0].soma.v(0.5)
5001
0	-70
0.2	-70
0.4	-70
0.6	-70.0001
0.8	-70.0001
1	-70.0002
1.2	-70.0002
1.4	-70.0003
1.6	-70.0004
1.8	-70.0006
2	-70.0007
2.2	-70.0008
2.4	-70.001
2.6	-70.0012
2.8	-70.0013
3	-70.0015
3.2	-70.0017
3.4	-70.0019
3.6	-70.0022
3.8	-70.0024
4	-70.0026
4.2	-70.0029
4.4	-70.0032
4.6	-70.0034
4.8	-70.0037
5	-70.004
5.2	-70.0043
5.4	-70.0046
5.6	-70.0049
5.8	-70.0053
6	-70.0056
6.2	-70.006
6.4	-70.0063
6.6	-70.0067
6.8	-70.007
7	-70.0074
7.2	-70.0078
7.4	-70.0082
7.6	-70.0086
7.8	-70.009
8	-70.0094
8.2	-70.0098
8.4	-70.0102
8.6	-70.0107
8.8	-70.0111
9	-70.0115
9.2	-70.012
9.4	-70.0124
9.6	-70.0129
9.8	-70.0134
10	-70.0138
10.2	-70.0143
10.4	-70.0148
10.6	-70.0153
10.8	-70.0158
11	-70.0163
11.2	-70.0167
11.4	-70.0173
11.6	-70.0178
11.8	-70.0183
12	-70.0188
12.2	-70.0193
12.4	-70.0198
12.6	-70.0204
12.8	-70.0209
13	-70.0214
13.2	-70.022
13.4	-70.0225
13.6	-70.023
13.8	-70.0236
14	-70.0241
14.2	-70.0247
14.4	-70.0253
14.6	-70.0258
14.8	-70.0264
15	-70.0269
15.2	-70.0275
15.4	-70.0281
15.6	-70.0287
15.8	-70.0292
16	-70.0298
16.2	-70.0304
16.4	-70.031
16.6	-70.0316
16.8	-70.0322
17	-70.0327
17.2	-70.0333
17.4	-70.0339
17.6	-70.0345
17.8	-70.0351
18	-70.0357
18.2	-70.0363
18.4	-70.0369
18.6	-70.0375
18.8	-70.0381
19	-70.0388
19.2	-70.0394
19.4	-70.04
19.6	-70.0406
19.8	-70.0412
20	-70.0418
20.2	-70.0424
20.4	-70.0431
20.6	-70.0437
20.8	-70.0443
21	-70.0449
21.2	-70.0455
21.4	-70.0462
21.6	-70.0468
21.8	-70.0474
22	-70.048
22.2	-70.0487
22.4	-70.0493
22.6	-70.0499
22.8	-70.0506
23	-70.0512
23.2	-70.0518
23.4	-70.0525
23.6	-70.0531
23.8	-70.0537
24	-70.0544
24.2	-70.055
24.4	-70.0556
24.6	-70.0563
24.8	-70.0569
25	-70.0576
25.2	-70.0582
25.4	-70.0588
25.6	-70.0595
25.8	-70.0601
26	-70.0607
26.2	-70.0614
26.4	-70.062
26.6	-70.0627
26.8	-70.0633
27	-70.0639
27.2	-70.0646
27.4	-70.0652
27.6	-70.0659
27.8	-70.0665
28	-70.0672
28.2	-70.0678
28.4	-70.0684
28.6	-70.0691
28.8	-70.0697
29	-70.0704
29.2	-70.071
29.4	-70.0716
29.6	-70.0723
29.8	-70.0729
30	-70.0736
30.2	-70.0742
30.4	-70.0749
30.6	-70.0755
30.8	-70.0761
31	-70.0768
31.2	-70.0774
31.4	-70.0781
31.6	-70.0787
31.8	-70.0793
32	-70.08
32.2	-70.0806
32.4	-70.0813
32.6	-70.0819
32.8	-70.0825
33	-70.0832
33.2	-70.0838
33.4	-70.0844
33.6	-70.0851
33.8	-70.0857
34	-70.0864
34.2	-70.087
34.4	-70.0876
34.6	-70.0883
34.8	-70.0889
35	-70.0895
35.2	-70.0902
35.4	-70.0908
35.6	-70.0914
35.8	-70.0921
36	-70.0927
36.2	-70.0933
36.4	-70.094
36.6	-70.0946
36.8	-70.0952
37	-70.0959
37.2	-70.0965
37.4	-70.0971
37.6	-70.0978
37.8	-70.0984
38	-70.099
38.2	-70.0997
38.4	-70.1003
38.6	-70.1009
38.8	-70.1015
39	-70.1022
39.2	-70.1028
39.4	-70.1034
39.6	-70.104
39.8	-70.1047
40	-70.1053
40.2	-70.1059
40.4	-70.1065
40.6	-70.1072
40.8	-70.1078
41	-70.1084
41.2	-70.109
41.4	-70.1096
41.6	-70.1103
41.8	-70.1109
42	-70.1115
42.2	-70.1121
42.4	-70.1127
42.6	-70.1133
42.8	-70.114
43	-70.1146
43.2	-70.1152
43.4	-70.1158
43.6	-70.1164
43.8	-70.117
44	-70.1176
44.2	-70.1182
44.4	-70.1189
44.6	-70.1195
44.8	-70.1201
45	-70.1207
45.2	-70.1213
45.4	-70.1219
45.6	-70.1225
45.8	-70.1231
46	-70.1237
46.2	-70.1243
46.4	-70.1249
46.6	-70.1255
46.8	-70.1261
47	-70.1267
47.2	-70.1273
47.4	-70.1279
47.6	-70.1285
47.8	-70.1291
48	-70.1297
48.2	-70.1303
48.4	-70.1309
48.6	-70.1315
48.8	-70.1321
49	-70.1327
49.2	-70.1333
49.4	-70.1339
49.6	-70.1345
49.8	-70.1351
50	-70.1357
50.2	-70.1363
50.4	-70.1369
50.6	-70.1374
50.8	-70.138
51	-70.1386
51.2	-70.1392
51.4	-70.1398
51.6	-70.1404
51.8	-70.141
52	-70.1415
52.2	-70.1421
52.4	-70.1427
52.6	-70.1433
52.8	-70.1439
53	-70.1445
53.2	-70.145
53.4	-70.1456
53.6	-70.1462
53.8	-70.1468
54	-70.1474
54.2	-70.1479
54.4	-70.1485
54.6	-70.1491
54.8	-70.1497
55	-70.1502
55.2	-70.1508
55.4	-70.1514
55.6	-70.1519
55.8	-70.1525
56	-70.1531
56.2	-70.1537
56.4	-70.1542
56.6	-70.1548
56.8	-70.1554
57	-70.1559
57.2	-70.1565
57.4	-70.1571
57.6	-70.1576
57.8	-70.1582
58	-70.1587
58.2	-70.1593
58.4	-70.1599
58.6	-70.1604
58.8	-70.161
59	-70.1616
59.2	-70.1621
59.4	-70.1627
59.6	-70.1632
59.8	-70.1638
60	-70.1643
60.2	-70.1649
60.4	-70.1654
60.6	-70.166
60.8	-70.1665
61	-70.1671
61.2	-70.1677
61.4	-70.1682
61.6	-70.1688
61.8	-70.1693
62	-70.1699
62.2	-70.1704
62.4	-70.1709
62.6	-70.1715
62.8	-70.172
63	-70.1726
63.2	-70.1731
63.4	-70.1737
63.6	-70.1742
63.8	-70.1748
64	-70.1753
64.2	-70.1758
64.4	-70.1764
64.6	-70.1769
64.8	-70.1775
65	-70.178
65.2	-70.1785
65.4	-70.1791
65.6	-70.1796
65.8	-70.1801
66	-70.1807
66.2	-70.1812
66.4	-70.1817
66.6	-70.1823
66.8	-70.1828
67	-70.1833
67.2	-70.1839
67.4	-70.1844
67.6	-70.1849
67.8	-70.1854
68	-70.186
68.2	-70.1865
68.4	-70.187
68.6	-70.1876
68.8	-70.1881
69	-70.1886
69.2	-70.1891
69.4	-70.1896
69.6	-70.1902
69.8	-70.1907
70	-70.1912
70.2	-70.1917
70.4	-70.1922
70.6	-70.1928
70.8	-70.1933
71	-70.1938
71.2	-70.1943
71.4	-70.1948
71.6	-70.1953
71.8	-70.1959
72	-70.1964
72.2	-70.1969
72.4	-70.1974
72.6	-70.1979
72.8	-70.1984
73	-70.1989
73.2	-70.1994
73.4	-70.1999
73.6	-70.2005
73.8	-70.201
74	-70.2015
74.2	-70.202
74.4	-70.2025
74.6	-70.203
74.8	-70.2035
75	-70.204
75.2	-70.2045
75.4	-70.205
75.6	-70.2055
75.8	-70.206
76	-70.2065
76.2	-70.207
76.4	-70.2075
76.6	-70.208
76.8	-70.2085
77	-70.209
77.2	-70.2095
77.4	-70.21
77.6	-70.2105
77.8	-70.211
78	-70.2114
78.2	-70.2119
78.4	-70.2124
78.6	-70.2129
78.8	-70.2134
79	-70.2139
79.2	-70.2144
79.4	-70.2149
79.6	-70.2154
79.8	-70.2159
80	-70.2163
80.2	-70.2168
80.4	-70.2173
80.6	-70.2178
80.8	-70.2183
81	-70.2188
81.2	-70.2192
81.4	-70.2197
81.6	-70.2202
81.8	-70.2207
82	-70.2212
82.2	-70.2216
82.4	-70.2221
82.6	-70.2226
82.8	-70.2231
83	-70.2236
83.2	-70.224
83.4	-70.2245
83.6	-70.225
83.8	-70.2255
84	-70.2259
84.2	-70.2264
84.4	-70.2269
84.6	-70.2273
84.8	-70.2278
85	-70.2283
85.2	-70.2288
85.4	-70.2292
85.6	-70.2297
85.8	-70.2302
86	-70.2306
86.2	-70.2311
86.4	-70.2316
86.6	-70.232
86.8	-70.2325
87	-70.2329
87.2	-70.2334
87.4	-70.2339
87.6	-70.2343
87.8	-70.2348
88	-70.2353
88.2	-70.2357
88.4	-70.2362
88.6	-70.2366
88.8	-70.2371
89	-70.2375
89.2	-70.238
89.4	-70.2385
89.6	-70.2389
89.8	-70.2394
90	-70.2398
90.2	-70.2403
90.4	-70.2407
90.6	-70.2412
90.8	-70.2416
91	-70.2421
91.2	-70.2425
91.4	-70.243
91.6	-70.2434
91.8	-70.2439
92	-70.2443
92.2	-70.2448
92.4	-70.2452
92.6	-70.2457
92.8	-70.2461
93	-70.2466
93.2	-70.247
93.4	-70.2475
93.6	-70.2479
93.8	-70.2483
94	-70.2488
94.2	-70.2492
94.4	-70.2497
94.6	-70.2501
94.8	-70.2505
95	-70.251
95.2	-70.2514
95.4	-70.2519
95.6	-70.2523
95.8	-70.2527
96	-70.2532
96.2	-70.2536
96.4	-70.254
96.6	-70.2545
96.8	-70.2549
97	-70.2553
97.2	-70.2558
97.4	-70.2562
97.6	-70.2566
97.8	-70.2571
98	-70.2575
98.2	-70.2579
98.4	-70.2584
98.6	-70.2588
98.8	-70.2592
99	-70.2596
99.2	-70.2601
99.4	-70.2605
99.6	-70.2609
99.8	-70.2613
100	-70.2618
100.2	-70.2622
100.4	-70.2626
100.6	-70.263
100.8	-70.2635
101	-70.2639
101.2	-70.2643
101.4	-70.2647
101.6	-70.2651
101.8	-70.2656
102	-70.266
102.2	-70.2664
102.4	-70.2668
102.6	-70.2672
102.8	-70.2676
103	-70.2681
103.2	-70.2685
103.4	-70.2689
103.6	-70.2693
103.8	-70.2697
104	-70.2701
104.2	-70.2705
104.4	-70.271
104.6	-70.2714
104.8	-70.2718
105	-70.2722
105.2	-70.2726
105.4	-70.273
105.6	-70.2734
105.8	-70.2738
106	-70.2742
106.2	-70.2746
106.4	-70.275
106.6	-70.2754
106.8	-70.2759
107	-70.2763
107.2	-70.2767
107.4	-70.2771
107.6	-70.2775
107.8	-70.2779
108	-70.2783
108.2	-70.2787
108.4	-70.2791
108.6	-70.2795
108.8	-70.2799
109	-70.2803
109.2	-70.2807
109.4	-70.2811
109.6	-70.2815
109.8	-70.2819
110	-70.2823
110.2	-70.2827
110.4	-70.2831
110.6	-70.2834
110.8	-70.2838
111	-70.2842
111.2	-70.2846
111.4	-70.285
111.6	-70.2854
111.8	-70.2858
112	-70.2862
112.2	-70.2866
112.4	-70.287
112.6	-70.2874
112.8	-70.2878
113	-70.2881
113.2	-70.2885
113.4	-70.2889
113.6	-70.2893
113.8	-70.2897
114	-70.2901
114.2	-70.2905
114.4	-70.2908
114.6	-70.2912
114.8	-70.2916
115	-70.292
115.2	-70.2924
115.4	-70.2928
115.6	-70.2931
115.8	-70.2935
116	-70.2939
116.2	-70.2943
116.4	-70.2947
116.6	-70.295
116.8	-70.2954
117	-70.2958
117.2	-70.2962
117.4	-70.2965
117.6	-70.2969
117.8	-70.2973
118	-70.2977
118.2	-70.298
118.4	-70.2984
118.6	-70.2988
118.8	-70.2992
119	-70.2995
119.2	-70.2999
119.4	-70.3003
119.6	-70.3007
119.8	-70.301
120	-70.3014
120.2	-70.3018
120.4	-70.3021
120.6	-70.3025
120.8	-70.3029
121	-70.3032
121.2	-70.3036
121.4	-70.304
121.6	-70.3043
121.8	-70.3047
122	-70.3051
122.2	-70.3054
122.4	-70.3058
122.6	-70.3062
122.8	-70.3065
123	-70.3069
123.2	-70.3072
123.4	-70.3076
123.6	-70.308
123.8	-70.3083
124	-70.3087
124.2	-70.309
124.4	-70.3094
124.6	-70.3098
124.8	-70.3101
125	-70.3105
125.2	-70.3108
125.4	-70.3112
125.6	-70.3115
125.8	-70.3119
126	-70.3123
126.2	-70.3126
126.4	-70.313
126.6	-70.3133
126.8	-70.3137
127	-70.314
127.2	-70.3144
127.4	-70.3147
127.6	-70.3151
127.8	-70.3154
128	-70.3158
128.2	-70.3161
128.4	-70.3165
128.6	-70.3168
128.8	-70.3172
129	-70.3175
129.2	-70.3179
129.4	-70.3182
129.6	-70.3186
129.8	-70.3189
130	-70.3193
130.2	-70.3196
130.4	-70.32
130.6	-70.3203
130.8	-70.3206
131	-70.321
131.2	-70.3213
131.4	-70.3217
131.6	-70.322
131.8	-70.3223
132	-70.3227
132.2	-70.323
132.4	-70.3234
132.6	-70.3237
132.8	-70.3241
133	-70.3244
133.2	-70.3247
133.4	-70.3251
133.6	-70.3254
133.8	-70.3257
134	-70.3261
134.2	-70.3264
134.4	-70.3267
134.6	-70.3271
134.8	-70.3274
135	-70.3277
135.2	-70.3281
135.4	-70.3284
135.6	-70.3287
135.8	-70.3291
136	-70.3294
136.2	-70.3297
136.4	-70.3301
136.6	-70.3304
136.8	-70.3307
137	-70.3311
137.2	-70.3314
137.4	-70.3317
137.6	-70.332
137.8	-70.3324
138	-70.3327
138.2	-70.333
138.4	-70.3334
138.6	-70.3337
138.8	-70.334
139	-70.3343
139.2	-70.3347
139.4	-70.335
139.6	-70.3353
139.8	-70.3356
140	-70.3359
140.2	-70.3363
140.4	-70.3366
140.6	-70.3369
140.8	-70.3372
141	-70.3376
141.2	-70.3379
141.4	-70.3382
141.6	-70.3385
141.8	-70.3388
142	-70.3391
142.2	-70.3395
142.4	-70.3398
142.6	-70.3401
142.8	-70.3404
143	-70.3407
143.2	-70.341
143.4	-70.3414
143.6	-70.3417
143.8	-70.342
144	-70.3423
144.2	-70.3426
144.4	-70.3429
144.6	-70.3432
144.8	-70.3436
145	-70.3439
145.2	-70.3442
145.4	-70.3445
145.6	-70.3448
145.8	-70.3451
146	-70.3454
146.2	-70.3457
146.4	-70.346
146.6	-70.3464
146.8	-70.3467
147	-70.347
147.2	-70.3473
147.4	-70.3476
147.6	-70.3479
147.8	-70.3482
148	-70.3485
148.2	-70.3488
148.4	-70.3491
148.6	-70.3494
148.8	-70.3497
149	-70.35
149.2	-70.3503
149.4	-70.3506
149.6	-70.3509
149.8	-70.3512
150	-70.3515
150.2	-70.3518
150.4	-70.3521
150.6	-70.3524
150.8	-70.3527
151	-70.353
151.2	-70.3533
151.4	-70.3536
151.6	-70.3539
151.8	-70.3542
152	-70.3545
152.2	-70.3548
152.4	-70.3551
152.6	-70.3554
152.8	-70.3557
153	-70.356
153.2	-70.3563
153.4	-70.3566
153.6	-70.3569
153.8	-70.3572
154	-70.3575
154.2	-70.3578
154.4	-70.3581
154.6	-70.3583
154.8	-70.3586
155	-70.3589
155.2	-70.3592
155.4	-70.3595
155.6	-70.3598
155.8	-70.3601
156	-70.3604
156.2	-70.3607
156.4	-70.361
156.6	-70.3612
156.8	-70.3615
157	-70.3618
157.2	-70.3621
157.4	-70.3624
157.6	-70.3627
157.8	-70.363
158	-70.3633
158.2	-70.3635
158.4	-70.3638
158.6	-70.3641
158.8	-70.3644
159	-70.3647
159.2	-70.365
159.4	-70.3652
159.6	-70.3655
159.8	-70.3658
160	-70.3661
160.2	-70.3664
160.4	-70.3666
160.6	-70.3669
160.8	-70.3672
161	-70.3675
161.2	-70.3678
161.4	-70.368
161.6	-70.3683
161.8	-70.3686
162	-70.3689
162.2	-70.3691
162.4	-70.3694
162.6	-70.3697
162.8	-70.37
163	-70.3703
163.2	-70.3705
163.4	-70.3708
163.6	-70.3711
163.8	-70.3714
164	-70.3716
164.2	-70.3719
164.4	-70.3722
164.6	-70.3724
164.8	-70.3727
165	-70.373
165.2	-70.3733
165.4	-70.3735
165.6	-70.3738
165.8	-70.3741
166	-70.3743
166.2	-70.3746
166.4	-70.3749
166.6	-70.3752
166.8	-70.3754
167	-70.3757
167.2	-70.376
167.4	-70.3762
167.6	-70.3765
167.8	-70.3768
168	-70.377
168.2	-70.3773
168.4	-70.3776
168.6	-70.3778
168.8	-70.3781
169	-70.3783
169.2	-70.3786
169.4	-70.3789
169.6	-70.3791
169.8	-70.3794
170	-70.3797
170.2	-70.3799
170.4	-70.3802
170.6	-70.3805
170.8	-70.3807
171	-70.381
171.2	-70.3812
171.4	-70.3815
171.6	-70.3818
171.8	-70.382
172	-70.3823
172.2	-70.3825
172.4	-70.3828
172.6	-70.383
172.8	-70.3833
173	-70.3836
173.2	-70.3838
173.4	-70.3841
173.6	-70.3843
173.8	-70.3846
174	-70.3848
174.2	-70.3851
174.4	-70.3854
174.6	-70.3856
174.8	-70.3859
175	-70.3861
175.2	-70.3864
175.4	-70.3866
175.6	-70.3869
175.8	-70.3871
176	-70.3874
176.2	-70.3876
176.4	-70.3879
176.6	-70.3881
176.8	-70.3884
177	-70.3886
177.2	-70.3889
177.4	-70.3891
177.6	-70.3894
177.8	-70.3896
178	-70.3899
178.2	-70.3901
178.4	-70.3904
178.6	-70.3906
178.8	-70.3909
179	-70.3911
179.2	-70.3914
179.4	-70.3916
179.6	-70.3919
179.8	-70.3921
180	-70.3924
180.2	-70.3926
180.4	-70.3928
180.6	-70.3931
180.8	-70.3933
181	-70.3936
181.2	-70.3938
181.4	-70.3941
181.6	-70.3943
181.8	-70.3945
182	-70.3948
182.2	-70.395
182.4	-70.3953
182.6	-70.3955
182.8	-70.3958
183	-70.396
183.2	-70.3962
183.4	-70.3965
183.6	-70.3967
183.8	-70.397
184	-70.3972
184.2	-70.3974
184.4	-70.3977
184.6	-70.3979
184.8	-70.3981
185	-70.3984
185.2	-70.3986
185.4	-70.3989
185.6	-70.3991
185.8	-70.3993
186	-70.3996
186.2	-70.3998
186.4	-70.4
186.6	-70.4003
186.8	-70.4005
187	-70.4007
187.2	-70.401
187.4	-70.4012
187.6	-70.4014
187.8	-70.4017
188	-70.4019
188.2	-70.4021
188.4	-70.4024
188.6	-70.4026
188.8	-70.4028
189	-70.4031
189.2	-70.4033
189.4	-70.4035
189.6	-70.4037
189.8	-70.404
190	-70.4042
190.2	-70.4044
190.4	-70.4047
190.6	-70.4049
190.8	-70.4051
191	-70.4053
191.2	-70.4056
191.4	-70.4058
191.6	-70.406
191.8	-70.4062
192	-70.4065
192.2	-70.4067
192.4	-70.4069
192.6	-70.4072
192.8	-70.4074
193	-70.4076
193.2	-70.4078
193.4	-70.4081
193.6	-70.4083
193.8	-70.4085
194	-70.4087
194.2	-70.4089
194.4	-70.4092
194.6	-70.4094
194.8	-70.4096
195	-70.4098
195.2	-70.4101
195.4	-70.4103
195.6	-70.4105
195.8	-70.4107
196	-70.4109
196.2	-70.4112
196.4	-70.4114
196.6	-70.4116
196.8	-70.4118
197	-70.412
197.2	-70.4122
197.4	-70.4125
197.6	-70.4127
197.8	-70.4129
198	-70.4131
198.2	-70.4133
198.4	-70.4136
198.6	-70.4138
198.8	-70.414
199	-70.4142
199.2	-70.4144
199.4	-70.4146
199.6	-70.4148
199.8	-70.4151
200	-70.4153
200.2	-70.4155
200.4	-70.4157
200.6	-70.4159
200.8	-70.4161
201	-70.4163
201.2	-70.4165
201.4	-70.4168
201.6	-70.417
201.8	-70.4172
202	-70.4174
202.2	-70.4176
202.4	-70.4178
202.6	-70.418
202.8	-70.4182
203	-70.4184
203.2	-70.4187
203.4	-70.4189
203.6	-70.4191
203.8	-70.4193
204	-70.4195
204.2	-70.4197
204.4	-70.4199
204.6	-70.4201
204.8	-70.4203
205	-70.4205
205.2	-70.4207
205.4	-70.4209
205.6	-70.4211
205.8	-70.4213
206	-70.4216
206.2	-70.4218
206.4	-70.422
206.6	-70.4222
206.8	-70.4224
207	-70.4226
207.2	-70.4228
207.4	-70.423
207.6	-70.4232
207.8	-70.4234
208	-70.4236
208.2	-70.4238
208.4	-70.424
208.6	-70.4242
208.8	-70.4244
209	-70.4246
209.2	-70.4248
209.4	-70.425
209.6	-70.4252
209.8	-70.4254
210	-70.4256
210.2	-70.4258
210.4	-70.426
210.6	-70.4262
210.8	-70.4264
211	-70.4266
211.2	-70.4268
211.4	-70.427
211.6	-70.4272
211.8	-70.4274
212	-70.4276
212.2	-70.4278
212.4	-70.428
212.6	-70.4282
212.8	-70.4284
213	-70.4286
213.2	-70.4288
213.4	-70.429
213.6	-70.4292
213.8	-70.4293
214	-70.4295
214.2	-70.4297
214.4	-70.4299
214.6	-70.4301
214.8	-70.4303
215	-70.4305
215.2	-70.4307
215.4	-70.4309
215.6	-70.4311
215.8	-70.4313
216	-70.4315
216.2	-70.4317
216.4	-70.4319
216.6	-70.432
216.8	-70.4322
217	-70.4324
217.2	-70.4326
217.4	-70.4328
217.6	-70.433
217.8	-70.4332
218	-70.4334
218.2	-70.4336
218.4	-70.4337
218.6	-70.4339
218.8	-70.4341
219	-70.4343
219.2	-70.4345
219.4	-70.4347
219.6	-70.4349
219.8	-70.4351
220	-70.4352
220.2	-70.4354
220.4	-70.4356
220.6	-70.4358
220.8	-70.436
221	-70.4362
221.2	-70.4364
221.4	-70.4365
221.6	-70.4367
221.8	-70.4369
222	-70.4371
222.2	-70.4373
222.4	-70.4375
222.6	-70.4377
222.8	-70.4378
223	-70.438
223.2	-70.4382
223.4	-70.4384
223.6	-70.4386
223.8	-70.4387
224	-70.4389
224.2	-70.4391
224.4	-70.4393
224.6	-70.4395
224.8	-70.4397
225	-70.4398
225.2	-70.44
225.4	-70.4402
225.6	-70.4404
225.8	-70.4406
226	-70.4407
226.2	-70.4409
226.4	-70.4411
226.6	-70.4413
226.8	-70.4414
227	-70.4416
227.2	-70.4418
227.4	-70.442
227.6	-70.4422
227.8	-70.4423
228	-70.4425
228.2	-70.4427
228.4	-70.4429
228.6	-70.443
228.8	-70.4432
229	-70.4434
229.2	-70.4436
229.4	-70.4437
229.6	-70.4439
229.8	-70.4441
230	-70.4443
230.2	-70.4444
230.4	-70.4446
230.6	-70.4448
230.8	-70.445
231	-70.4451
231.2	-70.4453
231.4	-70.4455
231.6	-70.4456
231.8	-70.4458
232	-70.446
232.2	-70.4462
232.4	-70.4463
232.6	-70.4465
232.8	-70.4467
233	-70.4468
233.2	-70.447
233.4	-70.4472
233.6	-70.4473
233.8	-70.4475
234	-70.4477
234.2	-70.4479
234.4	-70.448
234.6	-70.4482
234.8	-70.4484
235	-70.4485
235.2	-70.4487
235.4	-70.4489
235.6	-70.449
235.8	-70.4492
236	-70.4494
236.2	-70.4495
236.4	-70.4497
236.6	-70.4499
236.8	-70.45
237	-70.4502
237.2	-70.4504
237.4	-70.4505
237.6	-70.4507
237.8	-70.4509
238	-70.451
238.2	-70.4512
238.4	-70.4514
238.6	-70.4515
238.8	-70.4517
239	-70.4519
239.2	-70.452
239.4	-70.4522
239.6	-70.4523
239.8	-70.4525
240	-70.4527
240.2	-70.4528
240.4	-70.453
240.6	-70.4532
240.8	-70.4533
241	-70.4535
241.2	-70.4536
241.4	-70.4538
241.6	-70.454
241.8	-70.4541
242	-70.4543
242.2	-70.4544
242.4	-70.4546
242.6	-70.4548
242.8	-70.4549
243	-70.4551
243.2	-70.4552
243.4	-70.4554
243.6	-70.4556
243.8	-70.4557
244	-70.4559
244.2	-70.456
244.4	-70.4562
244.6	-70.4564
244.8	-70.4565
245	-70.4567
245.2	-70.4568
245.4	-70.457
245.6	-70.4571
245.8	-70.4573
246	-70.4574
246.2	-70.4576
246.4	-70.4578
246.6	-70.4579
246.8	-70.4581
247	-70.4582
247.2	-70.4584
247.4	-70.4585
247.6	-70.4587
247.8	-70.4588
248	-70.459
248.2	-70.4592
248.4	-70.4593
248.6	-70.4595
248.8	-70.4596
249	-70.4598
249.2	-70.4599
249.4	-70.4601
249.6	-70.4602
249.8	-70.4604
250	-70.4605
250.2	-70.4607
250.4	-70.4608
250.6	-70.461
250.8	-70.4611
251	-70.4613
251.2	-70.4614
251.4	-70.4616
251.6	-70.4617
251.8	-70.4619
252	-70.462
252.2	-70.4622
252.4	-70.4623
252.6	-70.4625
252.8	-70.4626
253	-70.4628
253.2	-70.4629
253.4	-70.4631
253.6	-70.4632
253.8	-70.4634
254	-70.4635
254.2	-70.4637
254.4	-70.4638
254.6	-70.464
254.8	-70.4641
255	-70.4643
255.2	-70.4644
255.4	-70.4645
255.6	-70.4647
255.8	-70.4648
256	-70.465
256.2	-70.4651
256.4	-70.4653
256.6	-70.4654
256.8	-70.4656
257	-70.4657
257.2	-70.4659
257.4	-70.466
257.6	-70.4661
257.8	-70.4663
258	-70.4664
258.2	-70.4666
258.4	-70.4667
258.6	-70.4669
258.8	-70.467
259	-70.4671
259.2	-70.4673
259.4	-70.4674
259.6	-70.4676
259.8	-70.4677
260	-70.4679
260.2	-70.468
260.4	-70.4681
260.6	-70.4683
260.8	-70.4684
261	-70.4686
261.2	-70.4687
261.4	-70.4688
261.6	-70.469
261.8	-70.4691
262	-70.4693
262.2	-70.4694
262.4	-70.4695
262.6	-70.4697
262.8	-70.4698
263	-70.47
263.2	-70.4701
263.4	-70.4702
263.6	-70.4704
263.8	-70.4705
264	-70.4707
264.2	-70.4708
264.4	-70.4709
264.6	-70.4711
264.8	-70.4712
265	-70.4713
265.2	-70.4715
265.4	-70.4716
265.6	-70.4717
265.8	-70.4719
266	-70.472
266.2	-70.4722
266.4	-70.4723
266.6	-70.4724
266.8	-70.4726
267	-70.4727
267.2	-70.4728
267.4	-70.473
267.6	-70.4731
267.8	-70.4732
268	-70.4734
268.2	-70.4735
268.4	-70.4736
268.6	-70.4738
268.8	-70.4739
269	-70.474
269.2	-70.4742
269.4	-70.4743
269.6	-70.4744
269.8	-70.4746
270	-70.4747
270.2	-70.4748
270.4	-70.475
270.6	-70.4751
270.8	-70.4752
271	-70.4754
271.2	-70.4755
271.4	-70.4756
271.6	-70.4758
271.8	-70.4759
272	-70.476
272.2	-70.4762
272.4	-70.4763
272.6	-70.4764
272.8	-70.4765
273	-70.4767
273.2	-70.4768
273.4	-70.4769
273.6	-70.4771
273.8	-70.4772
274	-70.4773
274.2	-70.4774
274.4	-70.4776
274.6	-70.4777
274.8	-70.4778
275	-70.478
275.2	-70.4781
275.4	-70.4782
275.6	-70.4783
275.8	-70.4785
276	-70.4786
276.2	-70.4787
276.4	-70.4789
276.6	-70.479
276.8	-70.4791
277	-70.4792
277.2	-70.4794
277.4	-70.4795
277.6	-70.4796
277.8	-70.4797
278	-70.4799
278.2	-70.48
278.4	-70.4801
278.6	-70.4802
278.8	-70.4804
279	-70.4805
279.2	-70.4806
279.4	-70.4807
279.6	-70.4809
279.8	-70.481
280	-70.4811
280.2	-70.4812
280.4	-70.4813
280.6	-70.4815
280.8	-70.4816
281	-70.4817
281.2	-70.4818
281.4	-70.482
281.6	-70.4821
281.8	-70.4822
282	-70.4823
282.2	-70.4825
282.4	-70.4826
282.6	-70.4827
282.8	-70.4828
283	-70.4829
283.2	-70.4831
283.4	-70.4832
283.6	-70.4833
283.8	-70.4834
284	-70.4835
284.2	-70.4837
284.4	-70.4838
284.6	-70.4839
284.8	-70.484
285	-70.4841
285.2	-70.4843
285.4	-70.4844
285.6	-70.4845
285.8	-70.4846
286	-70.4847
286.2	-70.4849
286.4	-70.485
286.6	-70.4851
286.8	-70.4852
287	-70.4853
287.2	-70.4854
287.4	-70.4856
287.6	-70.4857
287.8	-70.4858
288	-70.4859
288.2	-70.486
288.4	-70.4861
288.6	-70.4863
288.8	-70.4864
289	-70.4865
289.2	-70.4866
289.4	-70.4867
289.6	-70.4868
289.8	-70.487
290	-70.4871
290.2	-70.4872
290.4	-70.4873
290.6	-70.4874
290.8	-70.4875
291	-70.4876
291.2	-70.4878
291.4	-70.4879
291.6	-70.488
291.8	-70.4881
292	-70.4882
292.2	-70.4883
292.4	-70.4884
292.6	-70.4886
292.8	-70.4887
293	-70.4888
293.2	-70.4889
293.4	-70.489
293.6	-70.4891
293.8	-70.4892
294	-70.4893
294.2	-70.4895
294.4	-70.4896
294.6	-70.4897
294.8	-70.4898
295	-70.4899
295.2	-70.49
295.4	-70.4901
295.6	-70.4902
295.8	-70.4904
296	-70.4905
296.2	-70.4906
296.4	-70.4907
296.6	-70.4908
296.8	-70.4909
297	-70.491
297.2	-70.4911
297.4	-70.4912
297.6	-70.4913
297.8	-70.4915
298	-70.4916
298.2	-70.4917
298.4	-70.4918
298.6	-70.4919
298.8	-70.492
299	-70.4921
299.2	-70.4922
299.4	-70.4923
299.6	-70.4924
299.8	-70.4925
300	-70.4927
300.2	-69.7443
300.4	-69.011
300.6	-68.2924
300.8	-67.5882
301	-66.8981
301.2	-66.2218
301.4	-65.5591
301.6	-64.9096
301.8	-64.2732
302	-63.6495
302.2	-63.0384
302.4	-62.4395
302.6	-61.8526
302.8	-61.2775
303	-60.7139
303.2	-60.1615
303.4	-59.6203
303.6	-59.0898
303.8	-58.57
304	-58.0604
304.2	-57.561
304.4	-57.0715
304.6	-56.5915
304.8	-56.1209
305	-55.6593
305.2	-55.2065
305.4	-54.7621
305.6	-54.3257
305.8	-53.8971
306	-53.4756
306.2	-53.0608
306.4	-52.6522
306.6	-52.249
306.8	-51.8505
307	-51.4559
307.2	-51.064
307.4	-50.6736
307.6	-50.2833
307.8	-49.8913
308	-49.4953
308.2	-49.0928
308.4	-48.6802
308.6	-48.2531
308.8	-47.8055
309	-47.3293
309.2	-46.8129
309.4	-46.2388
309.6	-45.5791
309.8	-44.7859
310	-43.7669
310.2	-42.3143
310.4	-39.8255
310.6	-33.499
310.8	4.20466
311	43.7272
311.2	38.863
311.4	19.4305
311.6	-5.46234
311.8	-26.8533
312	-43.8959
312.2	-56.1626
312.4	-62.2627
312.6	-64.9598
312.8	-65.9817
313	-66.1812
313.2	-65.9764
313.4	-65.5737
313.6	-65.0761
313.8	-64.5355
314	-63.9783
314.2	-63.418
314.4	-62.8615
314.6	-62.3125
314.8	-61.7725
315	-61.2426
315.2	-60.7231
315.4	-60.2141
315.6	-59.7155
315.8	-59.2272
316	-58.749
316.2	-58.2807
316.4	-57.8222
316.6	-57.3732
316.8	-56.9335
317	-56.5028
317.2	-56.0809
317.4	-55.6676
317.6	-55.2624
317.8	-54.8653
318	-54.4758
318.2	-54.0936
318.4	-53.7185
318.6	-53.3498
318.8	-52.9874
319	-52.6306
319.2	-52.2789
319.4	-51.9318
319.6	-51.5886
319.8	-51.2485
320	-50.9106
320.2	-50.5741
320.4	-50.2376
320.6	-49.8998
320.8	-49.5592
321	-49.2137
321.2	-48.861
321.4	-48.498
321.6	-48.1209
321.8	-47.7247
322	-47.3026
322.2	-46.8449
322.4	-46.3378
322.6	-45.7598
322.8	-45.0754
323	-44.2205
323.2	-43.0637
323.4	-41.2774
323.6	-37.7284
323.8	-24.8973
324	33.1885
324.2	43.5729
324.4	30.7946
324.6	7.47543
324.8	-16.6622
325	-35.3833
325.2	-50.726
325.4	-59.6906
325.6	-63.8618
325.8	-65.621
326	-66.1968
326.2	-66.1913
326.4	-65.9006
326.6	-65.4714
326.8	-64.9773
327	-64.4555
327.2	-63.9249
327.4	-63.3952
327.6	-62.8713
327.8	-62.3557
328	-61.8496
328.2	-61.3536
328.4	-60.8679
328.6	-60.3925
328.8	-59.9274
329	-59.4722
329.2	-59.0269
329.4	-58.5913
329.6	-58.1651
329.8	-57.7481
330	-57.3401
330.2	-56.9409
330.4	-56.5502
330.6	-56.1678
330.8	-55.7935
331	-55.4269
331.2	-55.068
331.4	-54.7163
331.6	-54.3716
331.8	-54.0336
332	-53.702
332.2	-53.3764
332.4	-53.0565
332.6	-52.742
332.8	-52.4323
333	-52.127
333.2	-51.8256
333.4	-51.5276
333.6	-51.2324
333.8	-50.9393
334	-50.6474
334.2	-50.3561
334.4	-50.0642
334.6	-49.7706
334.8	-49.474
335	-49.1728
335.2	-48.8651
335.4	-48.5484
335.6	-48.2199
335.8	-47.8758
336	-47.511
336.2	-47.119
336.4	-46.6901
336.6	-46.2106
336.8	-45.6591
337	-45.0005
337.2	-44.1711
337.4	-43.0405
337.6	-41.2852
337.8	-37.7902
338	-25.2355
338.2	32.7231
338.4	43.5653
338.6	30.9177
338.8	7.65815
339	-16.5029
339.2	-35.2705
339.4	-50.6739
339.6	-59.7012
339.8	-63.911
340	-65.698
340.2	-66.2976
340.4	-66.3151
340.6	-66.0473
340.8	-65.6415
341	-65.1711
341.2	-64.6732
341.4	-64.1666
341.6	-63.661
341.8	-63.1611
342	-62.6694
342.2	-62.1872
342.4	-61.715
342.6	-61.2529
342.8	-60.8009
343	-60.359
343.2	-59.9269
343.4	-59.5045
343.6	-59.0916
343.8	-58.688
344	-58.2934
344.2	-57.9076
344.4	-57.5304
344.6	-57.1617
344.8	-56.8011
345	-56.4484
345.2	-56.1035
345.4	-55.7661
345.6	-55.4359
345.8	-55.1127
346	-54.7964
346.2	-54.4866
346.4	-54.183
346.6	-53.8854
346.8	-53.5936
347	-53.3072
347.2	-53.026
347.4	-52.7495
347.6	-52.4775
347.8	-52.2095
348	-51.9453
348.2	-51.6843
348.4	-51.4262
348.6	-51.1704
348.8	-50.9164
349	-50.6636
349.2	-50.4113
349.4	-50.1588
349.6	-49.9053
349.8	-49.6498
350	-49.3912
350.2	-49.1282
350.4	-48.8592
350.6	-48.5825
350.8	-48.2957
351	-47.996
351.2	-47.6795
351.4	-47.3416
351.6	-46.9755
351.8	-46.5721
352	-46.1178
352.2	-45.5918
352.4	-44.9596
352.6	-44.1595
352.8	-43.0658
353	-41.3696
353.2	-38.0279
353.4	-26.4621
353.6	30.6845
353.8	43.6484
354	31.6454
354.2	8.62797
354.4	-15.6715
354.6	-34.6253
354.8	-50.2111
355	-59.4922
355.2	-63.8441
355.4	-65.7094
355.6	-66.3569
355.8	-66.4078
356	-66.1668
356.2	-65.7846
356.4	-65.3363
356.6	-64.8598
356.8	-64.3742
357	-63.8892
357.2	-63.4099
357.4	-62.9387
357.6	-62.4767
357.8	-62.0246
358	-61.5824
358.2	-61.1502
358.4	-60.7279
358.6	-60.3152
358.8	-59.9121
359	-59.5183
359.2	-59.1336
359.4	-58.7577
359.6	-58.3905
359.8	-58.0317
360	-57.6812
360.2	-57.3387
360.4	-57.004
360.6	-56.6769
360.8	-56.3572
361	-56.0447
361.2	-55.7391
361.4	-55.4403
361.6	-55.148
361.8	-54.862
362	-54.582
362.2	-54.308
362.4	-54.0395
362.6	-53.7765
362.8	-53.5186
363	-53.2655
363.2	-53.0171
363.4	-52.7731
363.6	-52.5331
363.8	-52.2969
364	-52.0641
364.2	-51.8345
364.4	-51.6077
364.6	-51.3833
364.8	-51.1609
365	-50.9402
365.2	-50.7206
365.4	-50.5017
365.6	-50.283
365.8	-50.0637
366	-49.8434
366.2	-49.6211
366.4	-49.3961
366.6	-49.1673
366.8	-48.9336
367	-48.6936
367.2	-48.4456
367.4	-48.1875
367.6	-47.9168
367.8	-47.6303
368	-47.3236
368.2	-46.9911
368.4	-46.6248
368.6	-46.2133
368.8	-45.7394
369	-45.1757
369.2	-44.4749
369.4	-43.5458
369.6	-42.1844
369.8	-39.8041
370	-33.7308
370.2	2.0271
370.4	43.2438
370.6	38.7183
370.8	19.3673
371	-5.50926
371.2	-26.9153
371.4	-44.0171
371.6	-56.3233
371.8	-62.4595
372	-65.2064
372.2	-66.2906
372.4	-66.5624
372.6	-66.437
372.8	-66.1186
373	-65.7084
373.2	-65.2571
373.4	-64.7902
373.6	-64.3207
373.8	-63.8551
374	-63.3967
374.2	-62.9471
374.4	-62.507
374.6	-62.0767
374.8	-61.6563
375	-61.2457
375.2	-60.8448
375.4	-60.4532
375.6	-60.0709
375.8	-59.6977
376	-59.3333
376.2	-58.9774
376.4	-58.63
376.6	-58.2907
376.8	-57.9594
377	-57.6359
377.2	-57.32
377.4	-57.0113
377.6	-56.7099
377.8	-56.4154
378	-56.1277
378.2	-55.8465
378.4	-55.5717
378.6	-55.303
378.8	-55.0403
379	-54.7834
379.2	-54.532
379.4	-54.286
379.6	-54.0451
379.8	-53.8092
380	-53.5779
380.2	-53.3512
380.4	-53.1288
380.6	-52.9104
380.8	-52.6959
381	-52.485
381.2	-52.2774
381.4	-52.0729
381.6	-51.8712
381.8	-51.6721
382	-51.4753
382.2	-51.2805
382.4	-51.0874
382.6	-50.8956
382.8	-50.7047
383	-50.5145
383.2	-50.3245
383.4	-50.1342
383.6	-49.9431
383.8	-49.7508
384	-49.5565
384.2	-49.3596
384.4	-49.1593
384.6	-48.9547
384.8	-48.7447
385	-48.528
385.2	-48.3031
385.4	-48.068
385.6	-47.8205
385.8	-47.5575
386	-47.2752
386.2	-46.9683
386.4	-46.6297
386.6	-46.2494
386.8	-45.8122
387	-45.2946
387.2	-44.6569
387.4	-43.8256
387.6	-42.6446
387.8	-40.7044
388	-36.4419
388.2	-17.3969
388.4	39.3535
388.6	42.2355
388.8	26.6267
389	2.48655
389.2	-20.7283
389.4	-38.778
389.6	-53.2464
389.8	-61.0943
390	-64.6944
390.2	-66.1973
390.4	-66.6781
390.6	-66.6603
390.8	-66.4001
391	-66.0239
391.2	-65.5946
391.4	-65.1438
391.6	-64.6872
391.8	-64.2331
392	-63.7853
392.2	-63.3459
392.4	-62.9157
392.6	-62.4953
392.8	-62.0847
393	-61.6837
393.2	-61.2924
393.4	-60.9104
393.6	-60.5376
393.8	-60.1738
394	-59.8188
394.2	-59.4723
394.4	-59.1341
394.6	-58.8041
394.8	-58.482
395	-58.1676
395.2	-57.8607
395.4	-57.5612
395.6	-57.2687
395.8	-56.9832
396	-56.7044
396.2	-56.4322
396.4	-56.1663
396.6	-55.9066
396.8	-55.6529
397	-55.4049
397.2	-55.1626
397.4	-54.9258
397.6	-54.6941
397.8	-54.4676
398	-54.2459
398.2	-54.0289
398.4	-53.8165
398.6	-53.6083
398.8	-53.4043
399	-53.2043
399.2	-53.008
399.4	-52.8153
399.6	-52.6259
399.8	-52.4398
400	-52.2566
400.2	-52.0761
400.4	-51.8983
400.6	-51.7227
400.8	-51.5493
401	-51.3778
401.2	-51.2079
401.4	-51.0393
401.6	-50.872
401.8	-50.7054
402	-50.5395
402.2	-50.3738
402.4	-50.208
402.6	-50.0417
402.8	-49.8746
403	-49.7061
403.2	-49.5359
403.4	-49.3634
403.6	-49.1879
403.8	-49.0087
404	-48.8251
404.2	-48.636
404.4	-48.4404
404.6	-48.2368
404.8	-48.0236
405	-47.7987
405.2	-47.5596
405.4	-47.3028
405.6	-47.0241
405.8	-46.7174
406	-46.3744
406.2	-45.9832
406.4	-45.5253
406.6	-44.9713
406.8	-44.2691
407	-43.3174
407.2	-41.8815
407.4	-39.2527
407.6	-31.859
407.8	13.7429
408	44.0874
408.2	36.7214
408.4	16.0571
408.6	-8.74572
408.8	-29.3457
409	-46.1626
409.2	-57.591
409.4	-63.1454
409.6	-65.6078
409.8	-66.5612
410	-66.7795
410.2	-66.6398
410.4	-66.3271
410.6	-65.9329
410.8	-65.503
411	-65.0602
411.2	-64.6161
411.4	-64.1766
411.6	-63.7444
411.8	-63.3211
412	-62.9071
412.2	-62.5028
412.4	-62.1082
412.6	-61.7231
412.8	-61.3473
413	-60.9807
413.2	-60.6231
413.4	-60.2742
413.6	-59.9339
413.8	-59.6019
414	-59.278
414.2	-58.962
414.4	-58.6537
414.6	-58.3529
414.8	-58.0594
415	-57.773
415.2	-57.4935
415.4	-57.2207
415.6	-56.9545
415.8	-56.6947
416	-56.4411
416.2	-56.1934
416.4	-55.9516
416.6	-55.7154
416.8	-55.4847
417	-55.2593
417.2	-55.0391
417.4	-54.8238
417.6	-54.6134
417.8	-54.4076
418	-54.2062
418.2	-54.0092
418.4	-53.8163
418.6	-53.6274
418.8	-53.4423
419	-53.2608
419.2	-53.0828
419.4	-52.9082
419.6	-52.7367
419.8	-52.5682
420	-52.4025
420.2	-52.2395
420.4	-52.0789
420.6	-51.9206
420.8	-51.7645
421	-51.6103
421.2	-51.4579
421.4	-51.3071
421.6	-51.1577
421.8	-51.0094
422	-50.8621
422.2	-50.7156
422.4	-50.5696
422.6	-50.4239
422.8	-50.2782
423	-50.1322
423.2	-49.9858
423.4	-49.8384
423.6	-49.6899
423.8	-49.5397
424	-49.3875
424.2	-49.2328
424.4	-49.075
424.6	-48.9135
424.8	-48.7477
425	-48.5765
425.2	-48.3992
425.4	-48.2144
425.6	-48.0207
425.8	-47.8164
426	-47.5993
426.2	-47.3666
426.4	-47.1147
426.6	-46.8387
426.8	-46.5321
427	-46.1855
427.2	-45.7853
427.4	-45.3102
427.6	-44.725
427.8	-43.9664
428	-42.9039
428.2	-41.2145
428.4	-37.7889
428.6	-25.3866
428.8	32.4719
429	43.3929
429.2	30.6804
429.4	7.4321
429.6	-16.6817
429.8	-35.4562
430	-50.9113
430.2	-59.9385
430.4	-64.164
430.6	-65.986
430.8	-66.6353
431	-66.7123
431.2	-66.5106
431.4	-66.175
431.6	-65.7772
431.8	-65.3532
432	-64.9211
432.2	-64.4901
432.4	-64.0646
432.6	-63.647
432.8	-63.2383
433	-62.8389
433.2	-62.4491
433.4	-62.0687
433.6	-61.6976
433.8	-61.3357
434	-60.9828
434.2	-60.6385
434.4	-60.3028
434.6	-59.9754
434.8	-59.6561
435	-59.3447
435.2	-59.041
435.4	-58.7447
435.6	-58.4558
435.8	-58.1739
436	-57.899
436.2	-57.6307
436.4	-57.3691
436.6	-57.1137
436.8	-56.8646
437	-56.6214
437.2	-56.3841
437.4	-56.1525
437.6	-55.9264
437.8	-55.7056
438	-55.4899
438.2	-55.2793
438.4	-55.0736
438.6	-54.8725
438.8	-54.676
439	-54.4838
439.2	-54.296
439.4	-54.1121
439.6	-53.9323
439.8	-53.7562
440	-53.5837
440.2	-53.4148
440.4	-53.2492
440.6	-53.0868
440.8	-52.9274
441	-52.771
441.2	-52.6174
441.4	-52.4663
441.6	-52.3178
441.8	-52.1715
442	-52.0275
442.2	-51.8855
442.4	-51.7454
442.6	-51.6071
442.8	-51.4704
443	-51.3351
443.2	-51.2011
443.4	-51.0682
443.6	-50.9362
443.8	-50.8051
444	-50.6745
444.2	-50.5444
444.4	-50.4145
444.6	-50.2847
444.8	-50.1546
445	-50.0241
445.2	-49.8929
445.4	-49.7607
445.6	-49.6273
445.8	-49.4923
446	-49.3553
446.2	-49.216
446.4	-49.0739
446.6	-48.9285
446.8	-48.7792
447	-48.6253
447.2	-48.4659
447.4	-48.3003
447.6	-48.1271
447.8	-47.9452
448	-47.7527
448.2	-47.5477
448.4	-47.3274
448.6	-47.0885
448.8	-46.8265
449	-46.5351
449.2	-46.2058
449.4	-45.8259
449.6	-45.3763
449.8	-44.8253
450	-44.1173
450.2	-43.1415
450.4	-41.6355
450.6	-38.7725
450.8	-30.0122
451	21.6728
451.2	44.0058
451.4	34.6266
451.6	12.8886
451.8	-11.7832
452	-31.6585
452.2	-48.0515
452.4	-58.5611
452.6	-63.5881
452.8	-65.8017
453	-66.6434
453.2	-66.8168
453.4	-66.665
453.6	-66.3563
453.8	-65.9743
454	-65.5605
454.2	-65.1358
454.4	-64.7107
454.6	-64.2904
454.8	-63.8777
455	-63.4736
455.2	-63.0789
455.4	-62.6935
455.6	-62.3176
455.8	-61.9509
456	-61.5934
456.2	-61.2448
456.4	-60.9049
456.6	-60.5735
456.8	-60.2504
457	-59.9353
457.2	-59.6281
457.4	-59.3286
457.6	-59.0365
457.8	-58.7517
458	-58.474
458.2	-58.2032
458.4	-57.939
458.6	-57.6814
458.8	-57.4301
459	-57.1849
459.2	-56.9458
459.4	-56.7124
459.6	-56.4847
459.8	-56.2626
460	-56.0457
460.2	-55.834
460.4	-55.6274
460.6	-55.4256
460.8	-55.2285
461	-55.0359
461.2	-54.8478
461.4	-54.664
461.6	-54.4843
461.8	-54.3086
462	-54.1368
462.2	-53.9686
462.4	-53.804
462.6	-53.6429
462.8	-53.4851
463	-53.3304
463.2	-53.1788
463.4	-53.0302
463.6	-52.8843
463.8	-52.741
464	-52.6003
464.2	-52.462
464.4	-52.326
464.6	-52.1921
464.8	-52.0603
465	-51.9304
465.2	-51.8022
465.4	-51.6758
465.6	-51.5508
465.8	-51.4272
466	-51.3049
466.2	-51.1838
466.4	-51.0636
466.6	-50.9443
466.8	-50.8258
467	-50.7078
467.2	-50.5902
467.4	-50.4729
467.6	-50.3557
467.8	-50.2385
468	-50.121
468.2	-50.003
468.4	-49.8844
468.6	-49.7649
468.8	-49.6443
469	-49.5223
469.2	-49.3986
469.4	-49.2729
469.6	-49.1448
469.8	-49.0139
470	-48.8798
470.2	-48.7419
470.4	-48.5996
470.6	-48.4522
470.8	-48.299
471	-48.1388
471.2	-47.9704
471.4	-47.7926
471.6	-47.6034
471.8	-47.4006
472	-47.1814
472.2	-46.942
472.4	-46.6774
472.6	-46.3807
472.8	-46.0423
473	-45.6476
473.2	-45.1741
473.4	-44.5841
473.6	-43.8082
473.8	-42.7017
474	-40.8938
474.2	-37.0337
474.4	-21.2282
474.6	37.0861
474.8	42.8091
475	28.3364
475.2	4.5523
475.4	-19.056
475.6	-37.4074
475.8	-52.3729
476	-60.73
476.2	-64.6001
476.4	-66.2491
476.6	-66.8176
476.8	-66.8601
477	-66.6475
477.2	-66.3127
477.4	-65.922
477.6	-65.5082
477.8	-65.0879
478	-64.6695
478.2	-64.2569
478.4	-63.8524
478.6	-63.4567
478.8	-63.0704
479	-62.6935
479.2	-62.3258
479.4	-61.9674
479.6	-61.6179
479.8	-61.2773
480	-60.9452
480.2	-60.6215
480.4	-60.3059
480.6	-59.9983
480.8	-59.6984
481	-59.406
481.2	-59.121
481.4	-58.8431
481.6	-58.5722
481.8	-58.308
482	-58.0504
482.2	-57.7993
482.4	-57.5543
482.6	-57.3154
482.8	-57.0823
483	-56.855
483.2	-56.6333
483.4	-56.4169
483.6	-56.2058
483.8	-55.9998
484	-55.7987
484.2	-55.6024
484.4	-55.4107
484.6	-55.2236
484.8	-55.0408
485	-54.8622
485.2	-54.6877
485.4	-54.5171
485.6	-54.3504
485.8	-54.1873
486	-54.0278
486.2	-53.8718
486.4	-53.719
486.6	-53.5694
486.8	-53.4228
487	-53.2792
487.2	-53.1385
487.4	-53.0004
487.6	-52.8649
487.8	-52.7318
488	-52.6011
488.2	-52.4727
488.4	-52.3464
488.6	-52.2221
488.8	-52.0997
489	-51.9792
489.2	-51.8603
489.4	-51.743
489.6	-51.6271
489.8	-51.5127
490	-51.3995
490.2	-51.2874
490.4	-51.1763
490.6	-51.0662
490.8	-50.9569
491	-50.8482
491.2	-50.7401
491.4	-50.6324
491.6	-50.525
491.8	-50.4178
492	-50.3106
492.2	-50.2033
492.4	-50.0957
492.6	-49.9876
492.8	-49.8789
493	-49.7694
493.2	-49.6589
493.4	-49.5471
493.6	-49.4338
493.8	-49.3188
494	-49.2017
494.2	-49.0822
494.4	-48.9599
494.6	-48.8344
494.8	-48.7053
495	-48.5719
495.2	-48.4337
495.4	-48.2898
495.6	-48.1393
495.8	-47.9813
496	-47.8143
496.2	-47.6369
496.4	-47.4469
496.6	-47.242
496.8	-47.0188
497	-46.7732
497.2	-46.4992
497.4	-46.1888
497.6	-45.8303
497.8	-45.406
498	-44.8872
498.2	-44.224
498.4	-43.3197
498.6	-41.9539
498.8	-39.4759
499	-32.7627
499.2	8.38486
499.4	43.7383
499.6	37.5228
499.8	17.4037
500	-7.42602
500.2	-28.3613
500.4	-45.3469
500.6	-57.1779
500.8	-62.9897
501	-65.5903
501.2	-66.6241
501.4	-66.8956
501.6	-66.7964
501.8	-66.5183
502	-66.1558
502.2	-65.7561
502.4	-65.3428
502.6	-64.9277
502.8	-64.5167
503	-64.1128
503.2	-63.7174
503.4	-63.331
503.6	-62.954
503.8	-62.5862
504	-62.2277
504.2	-61.8782
504.4	-61.5375
504.6	-61.2055
504.8	-60.8818
505	-60.5664
505.2	-60.2589
505.4	-59.9593
505.6	-59.6672
505.8	-59.3824
506	-59.1049
506.2	-58.8343
506.4	-58.5706
506.6	-58.3134
506.8	-58.0627
507	-57.8183
507.2	-57.5799
507.4	-57.3475
507.6	-57.1208
507.8	-56.8997
508	-56.684
508.2	-56.4736
508.4	-56.2684
508.6	-56.0681
508.8	-55.8726
509	-55.6819
509.2	-55.4956
509.4	-55.3138
509.6	-55.1363
509.8	-54.9628
510	-54.7934
510.2	-54.6279
510.4	-54.4661
510.6	-54.3079
510.8	-54.1532
511	-54.0018
511.2	-53.8538
511.4	-53.7088
511.6	-53.5669
511.8	-53.4279
512	-53.2917
512.2	-53.1582
512.4	-53.0272
512.6	-52.8987
512.8	-52.7726
513	-52.6487
513.2	-52.527
513.4	-52.4073
513.6	-52.2896
513.8	-52.1738
514	-52.0596
514.2	-51.9472
514.4	-51.8363
514.6	-51.7269
514.8	-51.6188
515	-51.512
515.2	-51.4063
515.4	-51.3018
515.6	-51.1982
515.8	-51.0954
516	-50.9935
516.2	-50.8922
516.4	-50.7914
516.6	-50.6911
516.8	-50.5912
517	-50.4915
517.2	-50.3918
517.4	-50.2922
517.6	-50.1924
517.8	-50.0924
518	-49.9919
518.2	-49.8909
518.4	-49.789
518.6	-49.6863
518.8	-49.5825
519	-49.4773
519.2	-49.3706
519.4	-49.2621
519.6	-49.1515
519.8	-49.0385
520	-48.9228
520.2	-48.8039
520.4	-48.6815
520.6	-48.555
520.8	-48.4237
521	-48.2871
521.2	-48.1442
521.4	-47.9942
521.6	-47.8358
521.8	-47.6675
522	-47.4876
522.2	-47.2939
522.4	-47.0834
522.6	-46.8524
522.8	-46.5959
523	-46.307
523.2	-45.9758
523.4	-45.5877
523.6	-45.1199
523.8	-44.5341
524	-43.7598
524.2	-42.6491
524.4	-40.821
524.6	-36.8702
524.8	-20.2782
525	37.7475
525.2	42.6191
525.4	27.8086
525.6	3.92628
525.8	-19.5647
526	-37.8375
526.2	-52.683
526.4	-60.8982
526.6	-64.697
526.8	-66.3142
527	-66.8707
527.2	-66.9113
527.4	-66.7019
527.6	-66.373
527.8	-65.9895
528	-65.5836
528.2	-65.1714
528.4	-64.7612
528.6	-64.357
528.8	-63.9607
529	-63.5733
529.2	-63.1951
529.4	-62.8262
529.6	-62.4665
529.8	-62.1159
530	-61.7742
530.2	-61.4411
530.4	-61.1165
530.6	-60.8002
530.8	-60.492
531	-60.1915
531.2	-59.8987
531.4	-59.6134
531.6	-59.3352
531.8	-59.0641
532	-58.7999
532.2	-58.5423
532.4	-58.2912
532.6	-58.0464
532.8	-57.8077
533	-57.575
533.2	-57.3481
533.4	-57.1268
533.6	-56.911
533.8	-56.7006
534	-56.4953
534.2	-56.295
534.4	-56.0996
534.6	-55.9089
534.8	-55.7228
535	-55.5412
535.2	-55.3639
535.4	-55.1908
535.6	-55.0217
535.8	-54.8565
536	-54.6951
536.2	-54.5374
536.4	-54.3833
536.6	-54.2326
536.8	-54.0852
537	-53.941
537.2	-53.7999
537.4	-53.6618
537.6	-53.5265
537.8	-53.394
538	-53.2641
538.2	-53.1368
538.4	-53.012
538.6	-52.8895
538.8	-52.7692
539	-52.6511
539.2	-52.5351
539.4	-52.421
539.6	-52.3088
539.8	-52.1984
540	-52.0896
540.2	-51.9825
540.4	-51.8768
540.6	-51.7726
540.8	-51.6697
541	-51.568
541.2	-51.4675
541.4	-51.3681
541.6	-51.2696
541.8	-51.172
542	-51.0752
542.2	-50.9791
542.4	-50.8836
542.6	-50.7887
542.8	-50.6941
543	-50.5999
543.2	-50.5059
543.4	-50.412
543.6	-50.3181
543.8	-50.2241
544	-50.1299
544.2	-50.0354
544.4	-49.9403
544.6	-49.8446
544.8	-49.7482
545	-49.6507
545.2	-49.5522
545.4	-49.4524
545.6	-49.351
545.8	-49.2479
546	-49.1427
546.2	-49.0353
546.4	-48.9253
546.6	-48.8123
546.8	-48.6958
547	-48.5756
547.2	-48.4509
547.4	-48.3213
547.6	-48.1858
547.8	-48.0438
548	-47.8941
548.2	-47.7354
548.4	-47.5662
548.6	-47.3846
548.8	-47.188
549	-46.9735
549.2	-46.7367
549.4	-46.4721
549.6	-46.1719
549.8	-45.8247
550	-45.4135
550.2	-44.911
550.4	-44.2699
550.6	-43.3997
550.8	-42.0977
551	-39.7836
551.2	-33.8368
551.4	1.07149
551.6	43.004
551.8	38.5802
552	19.2535
552.2	-5.5989
552.4	-26.9968
552.6	-44.1479
552.8	-56.4793
553	-62.6337
553.2	-65.4105
553.4	-66.5355
553.6	-66.8561
553.8	-66.7851
554	-66.5247
554.2	-66.1747
554.4	-65.7848
554.6	-65.3799
554.8	-64.9723
555	-64.5685
555.2	-64.1714
555.4	-63.7827
555.6	-63.4029
555.8	-63.0323
556	-62.6708
556.2	-62.3185
556.4	-61.9751
556.6	-61.6405
556.8	-61.3143
557	-60.9965
557.2	-60.6868
557.4	-60.385
557.6	-60.0909
557.8	-59.8043
558	-59.525
558.2	-59.2528
558.4	-58.9874
558.6	-58.7288
558.8	-58.4767
559	-58.231
559.2	-57.9915
559.4	-57.758
559.6	-57.5303
559.8	-57.3083
560	-57.0918
560.2	-56.8807
560.4	-56.6748
560.6	-56.474
560.8	-56.2781
561	-56.087
561.2	-55.9005
561.4	-55.7185
561.6	-55.5409
561.8	-55.3675
562	-55.1982
562.2	-55.0328
562.4	-54.8713
562.6	-54.7135
562.8	-54.5594
563	-54.4087
563.2	-54.2614
563.4	-54.1173
563.6	-53.9764
563.8	-53.8385
564	-53.7035
564.2	-53.5714
564.4	-53.4419
564.6	-53.3151
564.8	-53.1908
565	-53.0689
565.2	-52.9493
565.4	-52.832
565.6	-52.7167
565.8	-52.6035
566	-52.4923
566.2	-52.3829
566.4	-52.2753
566.6	-52.1694
566.8	-52.0651
567	-51.9623
567.2	-51.8609
567.4	-51.7609
567.6	-51.6621
567.8	-51.5645
568	-51.4681
568.2	-51.3726
568.4	-51.2781
568.6	-51.1844
568.8	-51.0915
569	-50.9993
569.2	-50.9077
569.4	-50.8166
569.6	-50.7259
569.8	-50.6356
570	-50.5455
570.2	-50.4556
570.4	-50.3657
570.6	-50.2758
570.8	-50.1857
571	-50.0953
571.2	-50.0046
571.4	-49.9133
571.6	-49.8214
571.8	-49.7287
572	-49.6351
572.2	-49.5403
572.4	-49.4443
572.6	-49.3468
572.8	-49.2476
573	-49.1464
573.2	-49.043
573.4	-48.9372
573.6	-48.8285
573.8	-48.7166
574	-48.6011
574.2	-48.4814
574.4	-48.357
574.6	-48.2273
574.8	-48.0913
575	-47.9483
575.2	-47.797
575.4	-47.6361
575.6	-47.4638
575.8	-47.2781
576	-47.0761
576.2	-46.8545
576.4	-46.6083
576.6	-46.3312
576.8	-46.014
577	-45.6433
577.2	-45.1983
577.4	-44.6447
577.6	-43.9207
577.8	-42.9005
578	-41.2757
578.2	-38.0088
578.4	-26.6061
578.6	30.3059
578.8	43.4314
579	31.3491
579.2	8.32886
579.4	-15.916
579.6	-34.8617
579.8	-50.4917
580	-59.7571
580.2	-64.1182
580.4	-66.0182
580.6	-66.7183
580.8	-66.8336
581	-66.6646
581.2	-66.3588
581.4	-65.9897
581.6	-65.5937
581.8	-65.1892
582	-64.7853
582.2	-64.3867
582.4	-63.9957
582.6	-63.6133
582.8	-63.2399
583	-62.8757
583.2	-62.5206
583.4	-62.1746
583.6	-61.8373
583.8	-61.5086
584	-61.1883
584.2	-60.8763
584.4	-60.5722
584.6	-60.2758
584.8	-59.9871
585	-59.7057
585.2	-59.4314
585.4	-59.1641
585.6	-58.9037
585.8	-58.6498
586	-58.4023
586.2	-58.1611
586.4	-57.926
586.6	-57.6968
586.8	-57.4733
587	-57.2554
587.2	-57.0429
587.4	-56.8358
587.6	-56.6337
587.8	-56.4366
588	-56.2443
588.2	-56.0568
588.4	-55.8737
588.6	-55.6951
588.8	-55.5208
589	-55.3506
589.2	-55.1845
589.4	-55.0222
589.6	-54.8637
589.8	-54.7089
590	-54.5576
590.2	-54.4097
590.4	-54.2652
590.6	-54.1238
590.8	-53.9855
591	-53.8502
591.2	-53.7178
591.4	-53.5882
591.6	-53.4612
591.8	-53.3368
592	-53.2148
592.2	-53.0953
592.4	-52.978
592.6	-52.8629
592.8	-52.75
593	-52.639
593.2	-52.53
593.4	-52.4228
593.6	-52.3174
593.8	-52.2136
594	-52.1114
594.2	-52.0108
594.4	-51.9115
594.6	-51.8137
594.8	-51.717
595	-51.6216
595.2	-51.5273
595.4	-51.434
595.6	-51.3417
595.8	-51.2503
596	-51.1597
596.2	-51.0698
596.4	-50.9805
596.6	-50.8918
596.8	-50.8036
597	-50.7158
597.2	-50.6283
597.4	-50.541
597.6	-50.4539
597.8	-50.3668
598	-50.2796
598.2	-50.1924
598.4	-50.1048
598.6	-50.0169
598.8	-49.9285
599	-49.8395
599.2	-49.7498
599.4	-49.6592
599.6	-49.5675
599.8	-49.4746
600	-49.3804
600.2	-49.2846
600.4	-49.187
600.6	-49.0873
600.8	-48.9854
601	-48.8808
601.2	-48.7733
601.4	-48.6625
601.6	-48.5478
601.8	-48.4289
602	-48.3051
602.2	-48.1758
602.4	-48.0401
602.6	-47.897
602.8	-47.7453
603	-47.5837
603.2	-47.4104
603.4	-47.223
603.6	-47.0188
603.8	-46.794
604	-46.5435
604.2	-46.2604
604.4	-45.935
604.6	-45.5525
604.8	-45.0902
605	-44.5096
605.2	-43.7402
605.4	-42.634
605.6	-40.8091
605.8	-36.8571
606	-20.2268
606.2	37.7657
606.4	42.5864
606.6	27.7462
606.8	3.8561
607	-19.6219
607.2	-37.8894
607.4	-52.7256
607.6	-60.9278
607.8	-64.7216
608	-66.3387
608.2	-66.8979
608.4	-66.9427
608.6	-66.7383
608.8	-66.4149
609	-66.0371
609.2	-65.637
609.4	-65.2307
609.6	-64.8264
609.8	-64.428
610	-64.0375
610.2	-63.6558
610.4	-63.2832
610.6	-62.9199
610.8	-62.5657
611	-62.2205
611.2	-61.8841
611.4	-61.5563
611.6	-61.237
611.8	-60.9258
612	-60.6225
612.2	-60.3271
612.4	-60.0392
612.6	-59.7586
612.8	-59.4852
613	-59.2188
613.2	-58.9591
613.4	-58.7061
613.6	-58.4594
613.8	-58.219
614	-57.9847
614.2	-57.7563
614.4	-57.5336
614.6	-57.3164
614.8	-57.1047
615	-56.8983
615.2	-56.697
615.4	-56.5006
615.6	-56.3091
615.8	-56.1223
616	-55.94
616.2	-55.7621
616.4	-55.5885
616.6	-55.4191
616.8	-55.2536
617	-55.0921
617.2	-54.9344
617.4	-54.7803
617.6	-54.6297
617.8	-54.4826
618	-54.3387
618.2	-54.1981
618.4	-54.0606
618.6	-53.926
618.8	-53.7944
619	-53.6655
619.2	-53.5393
619.4	-53.4157
619.6	-53.2946
619.8	-53.1759
620	-53.0594
620.2	-52.9452
620.4	-52.8331
620.6	-52.7231
620.8	-52.615
621	-52.5087
621.2	-52.4043
621.4	-52.3015
621.6	-52.2004
621.8	-52.1008
622	-52.0027
622.2	-51.9059
622.4	-51.8105
622.6	-51.7163
622.8	-51.6233
623	-51.5313
623.2	-51.4404
623.4	-51.3504
623.6	-51.2613
623.8	-51.1729
624	-51.0853
624.2	-50.9983
624.4	-50.9119
624.6	-50.8259
624.8	-50.7404
625	-50.6552
625.2	-50.5702
625.4	-50.4854
625.6	-50.4007
625.8	-50.3159
626	-50.2311
626.2	-50.146
626.4	-50.0606
626.6	-49.9749
626.8	-49.8885
627	-49.8016
627.2	-49.7139
627.4	-49.6252
627.6	-49.5355
627.8	-49.4445
628	-49.3521
628.2	-49.2582
628.4	-49.1624
628.6	-49.0646
628.8	-48.9644
629	-48.8616
629.2	-48.7559
629.4	-48.6468
629.6	-48.534
629.8	-48.4169
630	-48.295
630.2	-48.1676
630.4	-48.0338
630.6	-47.8927
630.8	-47.7432
631	-47.5838
631.2	-47.4129
631.4	-47.2282
631.6	-47.0268
631.8	-46.8053
632	-46.5586
632.2	-46.2801
632.4	-45.9602
632.6	-45.585
632.8	-45.1326
633	-44.5665
633.2	-43.8205
633.4	-42.7576
633.6	-41.0325
633.8	-37.4285
634	-23.5729
634.2	34.8233
634.4	43.082
634.6	29.4635
634.8	5.93289
635	-17.9291
635.2	-36.4849
635.4	-51.7177
635.6	-60.4067
635.8	-64.4573
636	-66.2028
636.2	-66.8266
636.4	-66.9045
636.6	-66.7175
636.8	-66.4037
637	-66.0314
637.2	-65.6348
637.4	-65.2309
637.6	-64.8285
637.8	-64.4316
638	-64.0425
638.2	-63.6621
638.4	-63.2908
638.6	-62.9286
638.8	-62.5755
639	-62.2315
639.2	-61.8962
639.4	-61.5695
639.6	-61.2512
639.8	-60.941
640	-60.6388
640.2	-60.3444
640.4	-60.0574
640.6	-59.7779
640.8	-59.5054
641	-59.2399
641.2	-58.9812
641.4	-58.7291
641.6	-58.4833
641.8	-58.2438
642	-58.0103
642.2	-57.7827
642.4	-57.5609
642.6	-57.3446
642.8	-57.1337
643	-56.928
643.2	-56.7275
643.4	-56.5319
643.6	-56.3412
643.8	-56.1551
644	-55.9735
644.2	-55.7964
644.4	-55.6235
644.6	-55.4548
644.8	-55.29
645	-55.1292
645.2	-54.9721
645.4	-54.8187
645.6	-54.6688
645.8	-54.5224
646	-54.3792
646.2	-54.2392
646.4	-54.1024
646.6	-53.9685
646.8	-53.8375
647	-53.7093
647.2	-53.5838
647.4	-53.4608
647.6	-53.3404
647.8	-53.2223
648	-53.1065
648.2	-52.993
648.4	-52.8816
648.6	-52.7723
648.8	-52.6649
649	-52.5593
649.2	-52.4556
649.4	-52.3536
649.6	-52.2532
649.8	-52.1544
650	-52.0571
650.2	-51.9611
650.4	-51.8665
650.6	-51.7732
650.8	-51.681
651	-51.59
651.2	-51.5
651.4	-51.4109
651.6	-51.3228
651.8	-51.2355
652	-51.1489
652.2	-51.063
652.4	-50.9777
652.6	-50.893
652.8	-50.8087
653	-50.7248
653.2	-50.6412
653.4	-50.5578
653.6	-50.4746
653.8	-50.3914
654	-50.3082
654.2	-50.2249
654.4	-50.1414
654.6	-50.0575
654.8	-49.9733
655	-49.8885
655.2	-49.8031
655.4	-49.7169
655.6	-49.6299
655.8	-49.5418
656	-49.4524
656.2	-49.3618
656.4	-49.2695
656.6	-49.1755
656.8	-49.0795
657	-48.9813
657.2	-48.8805
657.4	-48.7769
657.6	-48.6701
657.8	-48.5596
658	-48.4451
658.2	-48.3259
658.4	-48.2015
658.6	-48.071
658.8	-47.9336
659	-47.7882
659.2	-47.6335
659.4	-47.4678
659.6	-47.2893
659.8	-47.0952
660	-46.8824
660.2	-46.6464
660.4	-46.3813
660.6	-46.0788
660.8	-45.7268
661	-45.3069
661.2	-44.7892
661.4	-44.1212
661.6	-43.2
661.8	-41.7876
662	-39.1604
662.2	-31.6425
662.4	14.7142
662.6	44.0074
662.8	36.3098
663	15.4738
663.2	-9.29798
663.4	-29.7762
663.6	-46.5682
663.8	-57.8624
664	-63.3399
664.2	-65.7787
664.4	-66.7377
664.6	-66.9777
664.8	-66.8685
665	-66.5911
665.2	-66.2348
665.4	-65.844
665.6	-65.441
665.8	-65.0368
666	-64.6371
666.2	-64.2444
666.4	-63.8602
666.6	-63.4851
666.8	-63.1191
667	-62.7623
667.2	-62.4146
667.4	-62.0757
667.6	-61.7455
667.8	-61.4238
668	-61.1103
668.2	-60.8049
668.4	-60.5073
668.6	-60.2174
668.8	-59.9349
669	-59.6596
669.2	-59.3914
669.4	-59.1299
669.6	-58.8752
669.8	-58.6269
670	-58.385
670.2	-58.1491
670.4	-57.9192
670.6	-57.6951
670.8	-57.4767
671	-57.2637
671.2	-57.056
671.4	-56.8535
671.6	-56.6561
671.8	-56.4635
672	-56.2756
672.2	-56.0924
672.4	-55.9136
672.6	-55.7391
672.8	-55.5689
673	-55.4027
673.2	-55.2404
673.4	-55.082
673.6	-54.9273
673.8	-54.7761
674	-54.6285
674.2	-54.4842
674.4	-54.3431
674.6	-54.2052
674.8	-54.0704
675	-53.9384
675.2	-53.8093
675.4	-53.683
675.6	-53.5593
675.8	-53.4381
676	-53.3193
676.2	-53.203
676.4	-53.0888
676.6	-52.9769
676.8	-52.8671
677	-52.7592
677.2	-52.6533
677.4	-52.5493
677.6	-52.447
677.8	-52.3464
678	-52.2474
678.2	-52.1499
678.4	-52.0539
678.6	-51.9593
678.8	-51.866
679	-51.7739
679.2	-51.683
679.4	-51.5932
679.6	-51.5044
679.8	-51.4166
680	-51.3296
680.2	-51.2435
680.4	-51.1581
680.6	-51.0734
680.8	-50.9893
681	-50.9058
681.2	-50.8226
681.4	-50.7399
681.6	-50.6575
681.8	-50.5754
682	-50.4934
682.2	-50.4114
682.4	-50.3295
682.6	-50.2475
682.8	-50.1653
683	-50.0828
683.2	-49.9999
683.4	-49.9166
683.6	-49.8326
683.8	-49.748
684	-49.6625
684.2	-49.576
684.4	-49.4884
684.6	-49.3996
684.8	-49.3092
685	-49.2172
685.2	-49.1234
685.4	-49.0274
685.6	-48.9291
685.8	-48.8282
686	-48.7242
686.2	-48.6169
686.4	-48.5058
686.6	-48.3904
686.8	-48.2701
687	-48.1443
687.2	-48.0121
687.4	-47.8726
687.6	-47.7246
687.8	-47.5668
688	-47.3974
688.2	-47.2142
688.4	-47.0144
688.6	-46.7943
688.8	-46.5492
689	-46.2723
689.2	-45.9542
689.4	-45.5808
689.6	-45.1304
689.8	-44.5667
690	-43.8239
690.2	-42.7658
690.4	-41.0504
690.6	-37.4767
690.8	-23.8452
691	34.5002
691.2	43.1104
691.4	29.6047
691.6	6.10802
691.8	-17.7851
692	-36.3675
692.2	-51.6314
692.4	-60.3621
692.6	-64.4356
692.8	-66.1932
693	-66.8236
693.2	-66.9056
693.4	-66.7213
693.6	-66.4095
693.8	-66.0389
694	-65.6439
694.2	-65.2415
694.4	-64.8404
694.6	-64.4449
694.8	-64.0572
695	-63.6781
695.2	-63.308
695.4	-62.9471
695.6	-62.5953
695.8	-62.2525
696	-61.9184
696.2	-61.5929
696.4	-61.2758
696.6	-60.9668
696.8	-60.6658
697	-60.3724
697.2	-60.0866
697.4	-59.8081
697.6	-59.5368
697.8	-59.2723
698	-59.0146
698.2	-58.7635
698.4	-58.5188
698.6	-58.2802
698.8	-58.0477
699	-57.8211
699.2	-57.6002
699.4	-57.3848
699.6	-57.1748
699.8	-56.9701
700	-56.7705
700.2	-57.3206
700.4	-57.8564
700.6	-58.378
700.8	-58.8859
701	-59.3803
701.2	-59.8615
701.4	-60.33
701.6	-60.7859
701.8	-61.2297
702	-61.6616
702.2	-62.082
702.4	-62.4911
702.6	-62.8892
702.8	-63.2766
703	-63.6537
703.2	-64.0207
703.4	-64.3778
703.6	-64.7253
703.8	-65.0634
704	-65.3925
704.2	-65.7127
704.4	-66.0242
704.6	-66.3274
704.8	-66.6224
705	-66.9095
705.2	-67.1888
705.4	-67.4605
705.6	-67.7249
705.8	-67.9822
706	-68.2324
706.2	-68.4759
706.4	-68.7128
706.6	-68.9433
706.8	-69.1675
707	-69.3856
707.2	-69.5978
707.4	-69.8042
707.6	-70.005
707.8	-70.2003
708	-70.3903
708.2	-70.5751
708.4	-70.7548
708.6	-70.9296
708.8	-71.0996
709	-71.2649
709.2	-71.4257
709.4	-71.5821
709.6	-71.7341
709.8	-71.882
710	-72.0258
710.2	-72.1656
710.4	-72.3015
710.6	-72.4337
710.8	-72.5622
711	-72.6871
711.2	-72.8085
711.4	-72.9266
711.6	-73.0413
711.8	-73.1528
712	-73.2612
712.2	-73.3666
712.4	-73.469
712.6	-73.5685
712.8	-73.6652
713	-73.7591
713.2	-73.8504
713.4	-73.9391
713.6	-74.0252
713.8	-74.1089
714	-74.1902
714.2	-74.2692
714.4	-74.3458
714.6	-74.4203
714.8	-74.4926
715	-74.5628
715.2	-74.631
715.4	-74.6972
715.6	-74.7614
715.8	-74.8238
716	-74.8843
716.2	-74.943
716.4	-75
716.6	-75.0552
716.8	-75.1089
717	-75.1609
717.2	-75.2113
717.4	-75.2602
717.6	-75.3077
717.8	-75.3536
718	-75.3982
718.2	-75.4414
718.4	-75.4833
718.6	-75.5238
718.8	-75.5631
719	-75.6012
719.2	-75.6381
719.4	-75.6737
719.6	-75.7083
719.8	-75.7417
720	-75.7741
720.2	-75.8054
720.4	-75.8356
720.6	-75.8649
720.8	-75.8932
721	-75.9206
721.2	-75.947
721.4	-75.9725
721.6	-75.9972
721.8	-76.021
722	-76.044
722.2	-76.0661
722.4	-76.0875
722.6	-76.1081
722.8	-76.128
723	-76.1471
723.2	-76.1656
723.4	-76.1833
723.6	-76.2004
723.8	-76.2168
724	-76.2326
724.2	-76.2477
724.4	-76.2623
724.6	-76.2763
724.8	-76.2897
725	-76.3025
725.2	-76.3148
725.4	-76.3266
725.6	-76.3378
725.8	-76.3486
726	-76.3588
726.2	-76.3686
726.4	-76.3779
726.6	-76.3868
726.8	-76.3952
727	-76.4032
727.2	-76.4108
727.4	-76.418
727.6	-76.4248
727.8	-76.4312
728	-76.4372
728.2	-76.4429
728.4	-76.4482
728.6	-76.4532
728.8	-76.4578
729	-76.4621
729.2	-76.4661
729.4	-76.4698
729.6	-76.4732
729.8	-76.4762
730	-76.479
730.2	-76.4815
730.4	-76.4838
730.6	-76.4858
730.8	-76.4875
731	-76.4889
731.2	-76.4902
731.4	-76.4911
731.6	-76.4919
731.8	-76.4924
732	-76.4927
732.2	-76.4928
732.4	-76.4927
732.6	-76.4924
732.8	-76.4919
733	-76.4912
733.2	-76.4903
733.4	-76.4893
733.6	-76.488
733.8	-76.4866
734	-76.485
734.2	-76.4833
734.4	-76.4814
734.6	-76.4793
734.8	-76.4771
735	-76.4748
735.2	-76.4723
735.4	-76.4696
735.6	-76.4669
735.8	-76.464
736	-76.461
736.2	-76.4578
736.4	-76.4545
736.6	-76.4512
736.8	-76.4477
737	-76.4441
737.2	-76.4403
737.4	-76.4365
737.6	-76.4326
737.8	-76.4286
738	-76.4245
738.2	-76.4203
738.4	-76.416
738.6	-76.4116
738.8	-76.4071
739	-76.4026
739.2	-76.3979
739.4	-76.3932
739.6	-76.3884
739.8	-76.3836
740	-76.3786
740.2	-76.3736
740.4	-76.3685
740.6	-76.3634
740.8	-76.3582
741	-76.3529
741.2	-76.3476
741.4	-76.3422
741.6	-76.3368
741.8	-76.3313
742	-76.3257
742.2	-76.3201
742.4	-76.3145
742.6	-76.3088
742.8	-76.303
743	-76.2972
743.2	-76.2914
743.4	-76.2855
743.6	-76.2796
743.8	-76.2736
744	-76.2676
744.2	-76.2616
744.4	-76.2555
744.6	-76.2494
744.8	-76.2432
745	-76.237
745.2	-76.2308
745.4	-76.2245
745.6	-76.2183
745.8	-76.212
746	-76.2056
746.2	-76.1993
746.4	-76.1929
746.6	-76.1865
746.8	-76.18
747	-76.1736
747.2	-76.1671
747.4	-76.1606
747.6	-76.154
747.8	-76.1475
748	-76.1409
748.2	-76.1343
748.4	-76.1277
748.6	-76.1211
748.8	-76.1145
749	-76.1078
749.2	-76.1011
749.4	-76.0944
749.6	-76.0877
749.8	-76.081
750	-76.0743
750.2	-76.0675
750.4	-76.0608
750.6	-76.054
750.8	-76.0472
751	-76.0405
751.2	-76.0337
751.4	-76.0269
751.6	-76.02
751.8	-76.0132
752	-76.0064
752.2	-75.9995
752.4	-75.9927
752.6	-75.9858
752.8	-75.979
753	-75.9721
753.2	-75.9652
753.4	-75.9584
753.6	-75.9515
753.8	-75.9446
754	-75.9377
754.2	-75.9308
754.4	-75.9239
754.6	-75.917
754.8	-75.9101
755	-75.9032
755.2	-75.8963
755.4	-75.8894
755.6	-75.8825
755.8	-75.8756
756	-75.8686
756.2	-75.8617
756.4	-75.8548
756.6	-75.8479
756.8	-75.841
757	-75.8341
757.2	-75.8271
757.4	-75.8202
757.6	-75.8133
757.8	-75.8064
758	-75.7995
758.2	-75.7926
758.4	-75.7857
758.6	-75.7788
758.8	-75.7719
759	-75.765
759.2	-75.7581
759.4	-75.7512
759.6	-75.7443
759.8	-75.7374
760	-75.7305
760.2	-75.7236
760.4	-75.7167
760.6	-75.7098
760.8	-75.703
761	-75.6961
761.2	-75.6892
761.4	-75.6824
761.6	-75.6755
761.8	-75.6686
762	-75.6618
762.2	-75.6549
762.4	-75.6481
762.6	-75.6413
762.8	-75.6344
763	-75.6276
763.2	-75.6208
763.4	-75.614
763.6	-75.6071
763.8	-75.6003
764	-75.5935
764.2	-75.5867
764.4	-75.5799
764.6	-75.5732
764.8	-75.5664
765	-75.5596
765.2	-75.5528
765.4	-75.5461
765.6	-75.5393
765.8	-75.5326
766	-75.5258
766.2	-75.5191
766.4	-75.5124
766.6	-75.5056
766.8	-75.4989
767	-75.4922
767.2	-75.4855
767.4	-75.4788
767.6	-75.4721
767.8	-75.4654
768	-75.4588
768.2	-75.4521
768.4	-75.4454
768.6	-75.4388
768.8	-75.4321
769	-75.4255
769.2	-75.4188
769.4	-75.4122
769.6	-75.4056
769.8	-75.399
770	-75.3924
770.2	-75.3858
770.4	-75.3792
770.6	-75.3726
770.8	-75.366
771	-75.3595
771.2	-75.3529
771.4	-75.3463
771.6	-75.3398
771.8	-75.3333
772	-75.3267
772.2	-75.3202
772.4	-75.3137
772.6	-75.3072
772.8	-75.3007
773	-75.2942
773.2	-75.2877
773.4	-75.2812
773.6	-75.2747
773.8	-75.2683
774	-75.2618
774.2	-75.2554
774.4	-75.2489
774.6	-75.2425
774.8	-75.2361
775	-75.2297
775.2	-75.2232
775.4	-75.2168
775.6	-75.2105
775.8	-75.2041
776	-75.1977
776.2	-75.1913
776.4	-75.185
776.6	-75.1786
776.8	-75.1723
777	-75.1659
777.2	-75.1596
777.4	-75.1533
777.6	-75.147
777.8	-75.1407
778	-75.1344
778.2	-75.1281
778.4	-75.1218
778.6	-75.1155
778.8	-75.1093
779	-75.103
779.2	-75.0967
779.4	-75.0905
779.6	-75.0843
779.8	-75.078
780	-75.0718
780.2	-75.0656
780.4	-75.0594
780.6	-75.0532
780.8	-75.0471
781	-75.0409
781.2	-75.0347
781.4	-75.0285
781.6	-75.0224
781.8	-75.0163
782	-75.0101
782.2	-75.004
782.4	-74.9979
782.6	-74.9918
782.8	-74.9856
783	-74.9796
783.2	-74.9735
783.4	-74.9674
783.6	-74.9613
783.8	-74.9553
784	-74.9492
784.2	-74.9432
784.4	-74.9371
784.6	-74.9311
784.8	-74.9251
785	-74.919
785.2	-74.913
785.4	-74.907
785.6	-74.901
785.8	-74.8951
786	-74.8891
786.2	-74.8831
786.4	-74.8772
786.6	-74.8712
786.8	-74.8653
787	-74.8593
787.2	-74.8534
787.4	-74.8475
787.6	-74.8416
787.8	-74.8357
788	-74.8298
788.2	-74.8239
788.4	-74.818
788.6	-74.8121
788.8	-74.8063
789	-74.8004
789.2	-74.7946
789.4	-74.7887
789.6	-74.7829
789.8	-74.7771
790	-74.7713
790.2	-74.7655
790.4	-74.7597
790.6	-74.7539
790.8	-74.7481
791	-74.7423
791.2	-74.7365
791.4	-74.7308
791.6	-74.725
791.8	-74.7193
792	-74.7136
792.2	-74.7078
792.4	-74.7021
792.6	-74.6964
792.8	-74.6907
793	-74.685
793.2	-74.6793
793.4	-74.6736
793.6	-74.668
793.8	-74.6623
794	-74.6566
794.2	-74.651
794.4	-74.6453
794.6	-74.6397
794.8	-74.6341
795	-74.6284
795.2	-74.6228
795.4	-74.6172
795.6	-74.6116
795.8	-74.606
796	-74.6005
796.2	-74.5949
796.4	-74.5893
796.6	-74.5838
796.8	-74.5782
797	-74.5727
797.2	-74.5671
797.4	-74.5616
797.6	-74.5561
797.8	-74.5506
798	-74.5451
798.2	-74.5396
798.4	-74.5341
798.6	-74.5286
798.8	-74.5231
799	-74.5177
799.2	-74.5122
799.4	-74.5068
799.6	-74.5013
799.8	-74.4959
800	-74.4904
800.2	-74.485
800.4	-74.4796
800.6	-74.4742
800.8	-74.4688
801	-74.4634
801.2	-74.458
801.4	-74.4527
801.6	-74.4473
801.8	-74.4419
802	-74.4366
802.2	-74.4312
802.4	-74.4259
802.6	-74.4205
802.8	-74.4152
803	-74.4099
803.2	-74.4046
803.4	-74.3993
803.6	-74.394
803.8	-74.3887
804	-74.3834
804.2	-74.3782
804.4	-74.3729
804.6	-74.3676
804.8	-74.3624
805	-74.3571
805.2	-74.3519
805.4	-74.3467
805.6	-74.3414
805.8	-74.3362
806	-74.331
806.2	-74.3258
806.4	-74.3206
806.6	-74.3154
806.8	-74.3103
807	-74.3051
807.2	-74.2999
807.4	-74.2948
807.6	-74.2896
807.8	-74.2845
808	-74.2793
808.2	-74.2742
808.4	-74.2691
808.6	-74.264
808.8	-74.2589
809	-74.2538
809.2	-74.2487
809.4	-74.2436
809.6	-74.2385
809.8	-74.2334
810	-74.2284
810.2	-74.2233
810.4	-74.2182
810.6	-74.2132
810.8	-74.2082
811	-74.2031
811.2	-74.1981
811.4	-74.1931
811.6	-74.1881
811.8	-74.1831
812	-74.1781
812.2	-74.1731
812.4	-74.1681
812.6	-74.1631
812.8	-74.1582
813	-74.1532
813.2	-74.1482
813.4	-74.1433
813.6	-74.1384
813.8	-74.1334
814	-74.1285
814.2	-74.1236
814.4	-74.1187
814.6	-74.1138
814.8	-74.1089
815	-74.104
815.2	-74.0991
815.4	-74.0942
815.6	-74.0893
815.8	-74.0845
816	-74.0796
816.2	-74.0748
816.4	-74.0699
816.6	-74.0651
816.8	-74.0602
817	-74.0554
817.2	-74.0506
817.4	-74.0458
817.6	-74.041
817.8	-74.0362
818	-74.0314
818.2	-74.0266
818.4	-74.0218
818.6	-74.0171
818.8	-74.0123
819	-74.0075
819.2	-74.0028
819.4	-73.998
819.6	-73.9933
819.8	-73.9886
820	-73.9838
820.2	-73.9791
820.4	-73.9744
820.6	-73.9697
820.8	-73.965
821	-73.9603
821.2	-73.9556
821.4	-73.9509
821.6	-73.9463
821.8	-73.9416
822	-73.9369
822.2	-73.9323
822.4	-73.9276
822.6	-73.923
822.8	-73.9184
823	-73.9137
823.2	-73.9091
823.4	-73.9045
823.6	-73.8999
823.8	-73.8953
824	-73.8907
824.2	-73.8861
824.4	-73.8815
824.6	-73.8769
824.8	-73.8724
825	-73.8678
825.2	-73.8632
825.4	-73.8587
825.6	-73.8541
825.8	-73.8496
826	-73.8451
826.2	-73.8406
826.4	-73.836
826.6	-73.8315
826.8	-73.827
827	-73.8225
827.2	-73.818
827.4	-73.8135
827.6	-73.809
827.8	-73.8046
828	-73.8001
828.2	-73.7956
828.4	-73.7912
828.6	-73.7867
828.8	-73.7823
829	-73.7778
829.2	-73.7734
829.4	-73.769
829.6	-73.7646
829.8	-73.7601
830	-73.7557
830.2	-73.7513
830.4	-73.7469
830.6	-73.7426
830.8	-73.7382
831	-73.7338
831.2	-73.7294
831.4	-73.7251
831.6	-73.7207
831.8	-73.7163
832	-73.712
832.2	-73.7076
832.4	-73.7033
832.6	-73.699
832.8	-73.6947
833	-73.6903
833.2	-73.686
833.4	-73.6817
833.6	-73.6774
833.8	-73.6731
834	-73.6689
834.2	-73.6646
834.4	-73.6603
834.6	-73.656
834.8	-73.6518
835	-73.6475
835.2	-73.6432
835.4	-73.639
835.6	-73.6348
835.8	-73.6305
836	-73.6263
836.2	-73.6221
836.4	-73.6179
836.6	-73.6137
836.8	-73.6095
837	-73.6053
837.2	-73.6011
837.4	-73.5969
837.6	-73.5927
837.8	-73.5885
838	-73.5844
838.2	-73.5802
838.4	-73.576
838.6	-73.5719
838.8	-73.5677
839	-73.5636
839.2	-73.5594
839.4	-73.5553
839.6	-73.5512
839.8	-73.5471
840	-73.543
840.2	-73.5389
840.4	-73.5348
840.6	-73.5307
840.8	-73.5266
841	-73.5225
841.2	-73.5184
841.4	-73.5143
841.6	-73.5103
841.8	-73.5062
842	-73.5022
842.2	-73.4981
842.4	-73.4941
842.6	-73.49
842.8	-73.486
843	-73.482
843.2	-73.478
843.4	-73.4739
843.6	-73.4699
843.8	-73.4659
844	-73.4619
844.2	-73.4579
844.4	-73.4539
844.6	-73.45
844.8	-73.446
845	-73.442
845.2	-73.438
845.4	-73.4341
845.6	-73.4301
845.8	-73.4262
846	-73.4222
846.2	-73.4183
846.4	-73.4144
846.6	-73.4104
846.8	-73.4065
847	-73.4026
847.2	-73.3987
847.4	-73.3948
847.6	-73.3909
847.8	-73.387
848	-73.3831
848.2	-73.3792
848.4	-73.3753
848.6	-73.3715
848.8	-73.3676
849	-73.3637
849.2	-73.3599
849.4	-73.356
849.6	-73.3522
849.8	-73.3483
850	-73.3445
850.2	-73.3407
850.4	-73.3368
850.6	-73.333
850.8	-73.3292
851	-73.3254
851.2	-73.3216
851.4	-73.3178
851.6	-73.314
851.8	-73.3102
852	-73.3064
852.2	-73.3027
852.4	-73.2989
852.6	-73.2951
852.8	-73.2914
853	-73.2876
853.2	-73.2838
853.4	-73.2801
853.6	-73.2764
853.8	-73.2726
854	-73.2689
854.2	-73.2652
854.4	-73.2614
854.6	-73.2577
854.8	-73.254
855	-73.2503
855.2	-73.2466
855.4	-73.2429
855.6	-73.2392
855.8	-73.2355
856	-73.2319
856.2	-73.2282
856.4	-73.2245
856.6	-73.2209
856.8	-73.2172
857	-73.2135
857.2	-73.2099
857.4	-73.2063
857.6	-73.2026
857.8	-73.199
858	-73.1954
858.2	-73.1917
858.4	-73.1881
858.6	-73.1845
858.8	-73.1809
859	-73.1773
859.2	-73.1737
859.4	-73.1701
859.6	-73.1665
859.8	-73.1629
860	-73.1593
860.2	-73.1558
860.4	-73.1522
860.6	-73.1486
860.8	-73.1451
861	-73.1415
861.2	-73.138
861.4	-73.1344
861.6	-73.1309
861.8	-73.1274
862	-73.1238
862.2	-73.1203
862.4	-73.1168
862.6	-73.1133
862.8	-73.1098
863	-73.1063
863.2	-73.1028
863.4	-73.0993
863.6	-73.0958
863.8	-73.0923
864	-73.0888
864.2	-73.0853
864.4	-73.0819
864.6	-73.0784
864.8	-73.075
865	-73.0715
865.2	-73.068
865.4	-73.0646
865.6	-73.0611
865.8	-73.0577
866	-73.0543
866.2	-73.0509
866.4	-73.0474
866.6	-73.044
866.8	-73.0406
867	-73.0372
867.2	-73.0338
867.4	-73.0304
867.6	-73.027
867.8	-73.0236
868	-73.0202
868.2	-73.0168
868.4	-73.0135
868.6	-73.0101
868.8	-73.0067
869	-73.0034
869.2	-73
869.4	-72.9967
869.6	-72.9933
869.8	-72.99
870	-72.9866
870.2	-72.9833
870.4	-72.98
870.6	-72.9766
870.8	-72.9733
871	-72.97
871.2	-72.9667
871.4	-72.9634
871.6	-72.9601
871.8	-72.9568
872	-72.9535
872.2	-72.9502
872.4	-72.9469
872.6	-72.9437
872.8	-72.9404
873	-72.9371
873.2	-72.9338
873.4	-72.9306
873.6	-72.9273
873.8	-72.9241
874	-72.9208
874.2	-72.9176
874.4	-72.9144
874.6	-72.9111
874.8	-72.9079
875	-72.9047
875.2	-72.9015
875.4	-72.8982
875.6	-72.895
875.8	-72.8918
876	-72.8886
876.2	-72.8854
876.4	-72.8822
876.6	-72.879
876.8	-72.8759
877	-72.8727
877.2	-72.8695
877.4	-72.8663
877.6	-72.8632
877.8	-72.86
878	-72.8568
878.2	-72.8537
878.4	-72.8505
878.6	-72.8474
878.8	-72.8443
879	-72.8411
879.2	-72.838
879.4	-72.8349
879.6	-72.8317
879.8	-72.8286
880	-72.8255
880.2	-72.8224
880.4	-72.8193
880.6	-72.8162
880.8	-72.8131
881	-72.81
881.2	-72.8069
881.4	-72.8038
881.6	-72.8007
881.8	-72.7977
882	-72.7946
882.2	-72.7915
882.4	-72.7885
882.6	-72.7854
882.8	-72.7824
883	-72.7793
883.2	-72.7763
883.4	-72.7732
883.6	-72.7702
883.8	-72.7672
884	-72.7641
884.2	-72.7611
884.4	-72.7581
884.6	-72.7551
884.8	-72.752
885	-72.749
885.2	-72.746
885.4	-72.743
885.6	-72.74
885.8	-72.737
886	-72.7341
886.2	-72.7311
886.4	-72.7281
886.6	-72.7251
886.8	-72.7222
887	-72.7192
887.2	-72.7162
887.4	-72.7133
887.6	-72.7103
887.8	-72.7074
888	-72.7044
888.2	-72.7015
888.4	-72.6985
888.6	-72.6956
888.8	-72.6927
889	-72.6897
889.2	-72.6868
889.4	-72.6839
889.6	-72.681
889.8	-72.6781
890	-72.6752
890.2	-72.6723
890.4	-72.6694
890.6	-72.6665
890.8	-72.6636
891	-72.6607
891.2	-72.6578
891.4	-72.655
891.6	-72.6521
891.8	-72.6492
892	-72.6463
892.2	-72.6435
892.4	-72.6406
892.6	-72.6378
892.8	-72.6349
893	-72.6321
893.2	-72.6292
893.4	-72.6264
893.6	-72.6236
893.8	-72.6207
894	-72.6179
894.2	-72.6151
894.4	-72.6123
894.6	-72.6095
894.8	-72.6066
895	-72.6038
895.2	-72.601
895.4	-72.5982
895.6	-72.5954
895.8	-72.5927
896	-72.5899
896.2	-72.5871
896.4	-72.5843
896.6	-72.5815
896.8	-72.5788
897	-72.576
897.2	-72.5732
897.4	-72.5705
897.6	-72.5677
897.8	-72.565
898	-72.5622
898.2	-72.5595
898.4	-72.5567
898.6	-72.554
898.8	-72.5512
899	-72.5485
899.2	-72.5458
899.4	-72.5431
899.6	-72.5404
899.8	-72.5376
900	-72.5349
900.2	-72.5322
900.4	-72.5295
900.6	-72.5268
900.8	-72.5241
901	-72.5214
901.2	-72.5187
901.4	-72.5161
901.6	-72.5134
901.8	-72.5107
902	-72.508
902.2	-72.5054
902.4	-72.5027
902.6	-72.5
902.8	-72.4974
903	-72.4947
903.2	-72.4921
903.4	-72.4894
903.6	-72.4868
903.8	-72.4841
904	-72.4815
904.2	-72.4789
904.4	-72.4762
904.6	-72.4736
904.8	-72.471
905	-72.4684
905.2	-72.4658
905.4	-72.4631
905.6	-72.4605
905.8	-72.4579
906	-72.4553
906.2	-72.4527
906.4	-72.4501
906.6	-72.4475
906.8	-72.445
907	-72.4424
907.2	-72.4398
907.4	-72.4372
907.6	-72.4347
907.8	-72.4321
908	-72.4295
908.2	-72.427
908.4	-72.4244
908.6	-72.4219
908.8	-72.4193
909	-72.4168
909.2	-72.4142
909.4	-72.4117
909.6	-72.4091
909.8	-72.4066
910	-72.4041
910.2	-72.4016
910.4	-72.399
910.6	-72.3965
910.8	-72.394
911	-72.3915
911.2	-72.389
911.4	-72.3865
911.6	-72.384
911.8	-72.3815
912	-72.379
912.2	-72.3765
912.4	-72.374
912.6	-72.3715
912.8	-72.369
913	-72.3666
913.2	-72.3641
913.4	-72.3616
913.6	-72.3591
913.8	-72.3567
914	-72.3542
914.2	-72.3518
914.4	-72.3493
914.6	-72.3469
914.8	-72.3444
915	-72.342
915.2	-72.3395
915.4	-72.3371
915.6	-72.3347
915.8	-72.3322
916	-72.3298
916.2	-72.3274
916.4	-72.325
916.6	-72.3225
916.8	-72.3201
917	-72.3177
917.2	-72.3153
917.4	-72.3129
917.6	-72.3105
917.8	-72.3081
918	-72.3057
918.2	-72.3033
918.4	-72.3009
918.6	-72.2986
918.8	-72.2962
919	-72.2938
919.2	-72.2914
919.4	-72.2891
919.6	-72.2867
919.8	-72.2843
920	-72.282
920.2	-72.2796
920.4	-72.2773
920.6	-72.2749
920.8	-72.2726
921	-72.2702
921.2	-72.2679
921.4	-72.2655
921.6	-72.2632
921.8	-72.2609
922	-72.2586
922.2	-72.2562
922.4	-72.2539
922.6	-72.2516
922.8	-72.2493
923	-72.247
923.2	-72.2447
923.4	-72.2424
923.6	-72.2401
923.8	-72.2378
924	-72.2355
924.2	-72.2332
924.4	-72.2309
924.6	-72.2286
924.8	-72.2263
925	-72.224
925.2	-72.2217
925.4	-72.2195
925.6	-72.2172
925.8	-72.2149
926	-72.2127
926.2	-72.2104
926.4	-72.2082
926.6	-72.2059
926.8	-72.2037
927	-72.2014
927.2	-72.1992
927.4	-72.1969
927.6	-72.1947
927.8	-72.1924
928	-72.1902
928.2	-72.188
928.4	-72.1858
928.6	-72.1835
928.8	-72.1813
929	-72.1791
929.2	-72.1769
929.4	-72.1747
929.6	-72.1725
929.8	-72.1702
930	-72.1681
930.2	-72.1658
930.4	-72.1637
930.6	-72.1615
930.8	-72.1593
931	-72.1571
931.2	-72.1549
931.4	-72.1527
931.6	-72.1505
931.8	-72.1484
932	-72.1462
932.2	-72.144
932.4	-72.1419
932.6	-72.1397
932.8	-72.1375
933	-72.1354
933.2	-72.1332
933.4	-72.1311
933.6	-72.1289
933.8	-72.1268
934	-72.1246
934.2	-72.1225
934.4	-72.1204
934.6	-72.1182
934.8	-72.1161
935	-72.114
935.2	-72.1119
935.4	-72.1097
935.6	-72.1076
935.8	-72.1055
936	-72.1034
936.2	-72.1013
936.4	-72.0992
936.6	-72.0971
936.8	-72.095
937	-72.0929
937.2	-72.0908
937.4	-72.0887
937.6	-72.0866
937.8	-72.0845
938	-72.0824
938.2	-72.0803
938.4	-72.0783
938.6	-72.0762
938.8	-72.0741
939	-72.072
939.2	-72.07
939.4	-72.0679
939.6	-72.0659
939.8	-72.0638
940	-72.0617
940.2	-72.0597
940.4	-72.0576
940.6	-72.0556
940.8	-72.0536
941	-72.0515
941.2	-72.0495
941.4	-72.0474
941.6	-72.0454
941.8	-72.0434
942	-72.0414
942.2	-72.0393
942.4	-72.0373
942.6	-72.0353
942.8	-72.0333
943	-72.0313
943.2	-72.0292
943.4	-72.0272
943.6	-72.0252
943.8	-72.0232
944	-72.0212
944.2	-72.0192
944.4	-72.0172
944.6	-72.0153
944.8	-72.0133
945	-72.0113
945.2	-72.0093
945.4	-72.0073
945.6	-72.0053
945.8	-72.0034
946	-72.0014
946.2	-71.9994
946.4	-71.9975
946.6	-71.9955
946.8	-71.9935
947	-71.9916
947.2	-71.9896
947.4	-71.9877
947.6	-71.9857
947.8	-71.9838
948	-71.9818
948.2	-71.9799
948.4	-71.978
948.6	-71.976
948.8	-71.9741
949	-71.9722
949.2	-71.9702
949.4	-71.9683
949.6	-71.9664
949.8	-71.9645
950	-71.9625
950.2	-71.9606
950.4	-71.9587
950.6	-71.9568
950.8	-71.9549
951	-71.953
951.2	-71.9511
951.4	-71.9492
951.6	-71.9473
951.8	-71.9454
952	-71.9435
952.2	-71.9416
952.4	-71.9397
952.6	-71.9379
952.8	-71.936
953	-71.9341
953.2	-71.9322
953.4	-71.9303
953.6	-71.9285
953.8	-71.9266
954	-71.9247
954.2	-71.9229
954.4	-71.921
954.6	-71.9192
954.8	-71.9173
955	-71.9155
955.2	-71.9136
955.4	-71.9118
955.6	-71.9099
955.8	-71.9081
956	-71.9062
956.2	-71.9044
956.4	-71.9026
956.6	-71.9007
956.8	-71.8989
957	-71.8971
957.2	-71.8952
957.4	-71.8934
957.6	-71.8916
957.8	-71.8898
958	-71.888
958.2	-71.8862
958.4	-71.8843
958.6	-71.8825
958.8	-71.8807
959	-71.8789
959.2	-71.8771
959.4	-71.8753
959.6	-71.8735
959.8	-71.8717
960	-71.87
960.2	-71.8682
960.4	-71.8664
960.6	-71.8646
960.8	-71.8628
961	-71.8611
961.2	-71.8593
961.4	-71.8575
961.6	-71.8557
961.8	-71.854
962	-71.8522
962.2	-71.8504
962.4	-71.8487
962.6	-71.8469
962.8	-71.8452
963	-71.8434
963.2	-71.8417
963.4	-71.8399
963.6	-71.8382
963.8	-71.8364
964	-71.8347
964.2	-71.8329
964.4	-71.8312
964.6	-71.8295
964.8	-71.8278
965	-71.826
965.2	-71.8243
965.4	-71.8226
965.6	-71.8208
965.8	-71.8191
966	-71.8174
966.2	-71.8157
966.4	-71.814
966.6	-71.8123
966.8	-71.8106
967	-71.8089
967.2	-71.8072
967.4	-71.8055
967.6	-71.8038
967.8	-71.8021
968	-71.8004
968.2	-71.7987
968.4	-71.797
968.6	-71.7953
968.8	-71.7936
969	-71.7919
969.2	-71.7903
969.4	-71.7886
969.6	-71.7869
969.8	-71.7852
970	-71.7836
970.2	-71.7819
970.4	-71.7802
970.6	-71.7786
970.8	-71.7769
971	-71.7753
971.2	-71.7736
971.4	-71.7719
971.6	-71.7703
971.8	-71.7686
972	-71.767
972.2	-71.7654
972.4	-71.7637
972.6	-71.7621
972.8	-71.7604
973	-71.7588
973.2	-71.7572
973.4	-71.7555
973.6	-71.7539
973.8	-71.7523
974	-71.7506
974.2	-71.749
974.4	-71.7474
974.6	-71.7458
974.8	-71.7442
975	-71.7426
975.2	-71.7409
975.4	-71.7393
975.6	-71.7377
975.8	-71.7361
976	-71.7345
976.2	-71.7329
976.4	-71.7313
976.6	-71.7297
976.8	-71.7281
977	-71.7265
977.2	-71.725
977.4	-71.7234
977.6	-71.7218
977.8	-71.7202
978	-71.7186
978.2	-71.717
978.4	-71.7155
978.6	-71.7139
978.8	-71.7123
979	-71.7108
979.2	-71.7092
979.4	-71.7076
979.6	-71.7061
979.8	-71.7045
980	-71.7029
980.2	-71.7014
980.4	-71.6998
980.6	-71.6983
980.8	-71.6967
981	-71.6952
981.2	-71.6936
981.4	-71.6921
981.6	-71.6906
981.8	-71.689
982	-71.6875
982.2	-71.6859
982.4	-71.6844
982.6	-71.6829
982.8	-71.6813
983	-71.6798
983.2	-71.6783
983.4	-71.6768
983.6	-71.6752
983.8	-71.6737
984	-71.6722
984.2	-71.6707
984.4	-71.6692
984.6	-71.6677
984.8	-71.6662
985	-71.6647
985.2	-71.6632
985.4	-71.6617
985.6	-71.6602
985.8	-71.6587
986	-71.6572
986.2	-71.6557
986.4	-71.6542
986.6	-71.6527
986.8	-71.6512
987	-71.6497
987.2	-71.6482
987.4	-71.6468
987.6	-71.6453
987.8	-71.6438
988	-71.6423
988.2	-71.6409
988.4	-71.6394
988.6	-71.6379
988.8	-71.6365
989	-71.635
989.2	-71.6335
989.4	-71.6321
989.6	-71.6306
989.8	-71.6291
990	-71.6277
990.2	-71.6262
990.4	-71.6248
990.6	-71.6233
990.8	-71.6219
991	-71.6204
991.2	-71.619
991.4	-71.6176
991.6	-71.6161
991.8	-71.6147
992	-71.6133
992.2	-71.6118
992.4	-71.6104
992.6	-71.609
992.8	-71.6075
993	-71.6061
993.2	-71.6047
993.4	-71.6033
993.6	-71.6018
993.8	-71.6004
994	-71.599
994.2	-71.5976
994.4	-71.5962
994.6	-71.5948
994.8	-71.5934
995	-71.592
995.2	-71.5906
995.4	-71.5892
995.6	-71.5878
995.8	-71.5864
996	-71.585
996.2	-71.5836
996.4	-71.5822
996.6	-71.5808
996.8	-71.5794
997	-71.578
997.2	-71.5766
997.4	-71.5753
997.6	-71.5739
997.8	-71.5725
998	-71.5711
998.2	-71.5697
998.4	-71.5684
998.6	-71.567
998.8	-71.5656
999	-71.5643
999.2	-71.5629
999.4	-71.5615
999.6	-71.5602
999.8	-71.5588
1000	-71.5575
