label:PY[0].soma.m_im
5001
0	0
0.2	3.70744e-05
0.4	7.41019e-05
0.6	0.000111083
0.8	0.000148016
1	0.000184903
1.2	0.000221743
1.4	0.000258537
1.6	0.000295283
1.8	0.000331983
2	0.000368636
2.2	0.000405243
2.4	0.000441802
2.6	0.000478316
2.8	0.000514782
3	0.000551203
3.2	0.000587576
3.4	0.000623904
3.6	0.000660185
3.8	0.000696419
4	0.000732607
4.2	0.000768749
4.4	0.000804844
4.6	0.000840894
4.8	0.000876897
5	0.000912854
5.2	0.000948765
5.4	0.000984629
5.6	0.00102045
5.8	0.00105622
6	0.00109195
6.2	0.00112763
6.4	0.00116326
6.6	0.00119885
6.8	0.0012344
7	0.00126989
7.2	0.00130534
7.4	0.00134075
7.6	0.00137611
7.8	0.00141143
8	0.00144669
8.2	0.00148192
8.4	0.0015171
8.6	0.00155223
8.8	0.00158732
9	0.00162236
9.2	0.00165736
9.4	0.00169231
9.6	0.00172721
9.8	0.00176207
10	0.00179689
10.2	0.00183166
10.4	0.00186639
10.6	0.00190107
10.8	0.0019357
11	0.00197029
11.2	0.00200484
11.4	0.00203934
11.6	0.0020738
11.8	0.00210821
12	0.00214258
12.2	0.0021769
12.4	0.00221118
12.6	0.00224541
12.8	0.0022796
13	0.00231374
13.2	0.00234784
13.4	0.0023819
13.6	0.00241591
13.8	0.00244988
14	0.0024838
14.2	0.00251768
14.4	0.00255151
14.6	0.0025853
14.8	0.00261905
15	0.00265275
15.2	0.00268641
15.4	0.00272003
15.6	0.0027536
15.8	0.00278712
16	0.00282061
16.2	0.00285405
16.4	0.00288744
16.6	0.00292079
16.8	0.0029541
17	0.00298737
17.2	0.00302059
17.4	0.00305377
17.6	0.0030869
17.8	0.00311999
18	0.00315304
18.2	0.00318605
18.4	0.00321901
18.6	0.00325193
18.8	0.00328481
19	0.00331764
19.2	0.00335043
19.4	0.00338318
19.6	0.00341588
19.8	0.00344854
20	0.00348116
20.2	0.00351374
20.4	0.00354627
20.6	0.00357876
20.8	0.00361121
21	0.00364361
21.2	0.00367598
21.4	0.0037083
21.6	0.00374058
21.8	0.00377281
22	0.003805
22.2	0.00383716
22.4	0.00386927
22.6	0.00390133
22.8	0.00393336
23	0.00396534
23.2	0.00399728
23.4	0.00402918
23.6	0.00406104
23.8	0.00409285
24	0.00412463
24.2	0.00415636
24.4	0.00418805
24.6	0.0042197
24.8	0.00425131
25	0.00428287
25.2	0.00431439
25.4	0.00434588
25.6	0.00437732
25.8	0.00440872
26	0.00444008
26.2	0.00447139
26.4	0.00450267
26.6	0.0045339
26.8	0.0045651
27	0.00459625
27.2	0.00462736
27.4	0.00465843
27.6	0.00468946
27.8	0.00472045
28	0.0047514
28.2	0.00478231
28.4	0.00481318
28.6	0.004844
28.8	0.00487479
29	0.00490553
29.2	0.00493624
29.4	0.0049669
29.6	0.00499753
29.8	0.00502811
30	0.00505865
30.2	0.00508916
30.4	0.00511962
30.6	0.00515004
30.8	0.00518042
31	0.00521077
31.2	0.00524107
31.4	0.00527133
31.6	0.00530155
31.8	0.00533174
32	0.00536188
32.2	0.00539198
32.4	0.00542205
32.6	0.00545207
32.8	0.00548205
33	0.005512
33.2	0.0055419
33.4	0.00557177
33.6	0.0056016
33.8	0.00563138
34	0.00566113
34.2	0.00569084
34.4	0.00572051
34.6	0.00575014
34.8	0.00577973
35	0.00580928
35.2	0.00583879
35.4	0.00586827
35.6	0.0058977
35.8	0.0059271
36	0.00595645
36.2	0.00598577
36.4	0.00601505
36.6	0.00604429
36.8	0.0060735
37	0.00610266
37.2	0.00613178
37.4	0.00616087
37.6	0.00618992
37.8	0.00621893
38	0.0062479
38.2	0.00627683
38.4	0.00630573
38.6	0.00633459
38.8	0.0063634
39	0.00639219
39.2	0.00642093
39.4	0.00644963
39.6	0.0064783
39.8	0.00650693
40	0.00653552
40.2	0.00656407
40.4	0.00659259
40.6	0.00662106
40.8	0.0066495
41	0.00667791
41.2	0.00670627
41.4	0.0067346
41.6	0.00676289
41.8	0.00679114
42	0.00681935
42.2	0.00684753
42.4	0.00687567
42.6	0.00690377
42.8	0.00693184
43	0.00695987
43.2	0.00698786
43.4	0.00701581
43.6	0.00704373
43.8	0.00707161
44	0.00709945
44.2	0.00712726
44.4	0.00715503
44.6	0.00718276
44.8	0.00721046
45	0.00723812
45.2	0.00726574
45.4	0.00729333
45.6	0.00732088
45.8	0.00734839
46	0.00737587
46.2	0.00740331
46.4	0.00743071
46.6	0.00745808
46.8	0.00748541
47	0.0075127
47.2	0.00753996
47.4	0.00756719
47.6	0.00759437
47.8	0.00762152
48	0.00764864
48.2	0.00767572
48.4	0.00770276
48.6	0.00772977
48.8	0.00775674
49	0.00778367
49.2	0.00781057
49.4	0.00783744
49.6	0.00786427
49.8	0.00789106
50	0.00791782
50.2	0.00794454
50.4	0.00797122
50.6	0.00799788
50.8	0.00802449
51	0.00805107
51.2	0.00807762
51.4	0.00810413
51.6	0.0081306
51.8	0.00815704
52	0.00818344
52.2	0.00820981
52.4	0.00823615
52.6	0.00826245
52.8	0.00828871
53	0.00831494
53.2	0.00834114
53.4	0.0083673
53.6	0.00839342
53.8	0.00841951
54	0.00844557
54.2	0.00847159
54.4	0.00849758
54.6	0.00852353
54.8	0.00854945
55	0.00857533
55.2	0.00860118
55.4	0.00862699
55.6	0.00865277
55.8	0.00867852
56	0.00870423
56.2	0.00872991
56.4	0.00875555
56.6	0.00878116
56.8	0.00880674
57	0.00883228
57.2	0.00885779
57.4	0.00888326
57.6	0.0089087
57.8	0.00893411
58	0.00895948
58.2	0.00898482
58.4	0.00901012
58.6	0.00903539
58.8	0.00906063
59	0.00908584
59.2	0.00911101
59.4	0.00913614
59.6	0.00916125
59.8	0.00918632
60	0.00921135
60.2	0.00923636
60.4	0.00926133
60.6	0.00928627
60.8	0.00931117
61	0.00933604
61.2	0.00936088
61.4	0.00938568
61.6	0.00941046
61.8	0.00943519
62	0.0094599
62.2	0.00948457
62.4	0.00950921
62.6	0.00953382
62.8	0.0095584
63	0.00958294
63.2	0.00960745
63.4	0.00963192
63.6	0.00965637
63.8	0.00968078
64	0.00970516
64.2	0.00972951
64.4	0.00975382
64.6	0.0097781
64.8	0.00980235
65	0.00982657
65.2	0.00985075
65.4	0.00987491
65.6	0.00989903
65.8	0.00992312
66	0.00994717
66.2	0.0099712
66.4	0.00999519
66.6	0.0100192
66.8	0.0100431
67	0.010067
67.2	0.0100908
67.4	0.0101147
67.6	0.0101385
67.8	0.0101622
68	0.010186
68.2	0.0102097
68.4	0.0102334
68.6	0.010257
68.8	0.0102806
69	0.0103042
69.2	0.0103278
69.4	0.0103513
69.6	0.0103748
69.8	0.0103982
70	0.0104216
70.2	0.010445
70.4	0.0104684
70.6	0.0104917
70.8	0.010515
71	0.0105383
71.2	0.0105615
71.4	0.0105847
71.6	0.0106079
71.8	0.010631
72	0.0106542
72.2	0.0106772
72.4	0.0107003
72.6	0.0107233
72.8	0.0107463
73	0.0107693
73.2	0.0107922
73.4	0.0108151
73.6	0.010838
73.8	0.0108608
74	0.0108836
74.2	0.0109064
74.4	0.0109291
74.6	0.0109519
74.8	0.0109745
75	0.0109972
75.2	0.0110198
75.4	0.0110424
75.6	0.011065
75.8	0.0110875
76	0.01111
76.2	0.0111325
76.4	0.0111549
76.6	0.0111774
76.8	0.0111997
77	0.0112221
77.2	0.0112444
77.4	0.0112667
77.6	0.011289
77.8	0.0113112
78	0.0113334
78.2	0.0113556
78.4	0.0113777
78.6	0.0113999
78.8	0.011422
79	0.011444
79.2	0.011466
79.4	0.011488
79.6	0.01151
79.8	0.011532
80	0.0115539
80.2	0.0115757
80.4	0.0115976
80.6	0.0116194
80.8	0.0116412
81	0.011663
81.2	0.0116847
81.4	0.0117064
81.6	0.0117281
81.8	0.0117498
82	0.0117714
82.2	0.011793
82.4	0.0118145
82.6	0.0118361
82.8	0.0118576
83	0.011879
83.2	0.0119005
83.4	0.0119219
83.6	0.0119433
83.8	0.0119647
84	0.011986
84.2	0.0120073
84.4	0.0120286
84.6	0.0120498
84.8	0.0120711
85	0.0120922
85.2	0.0121134
85.4	0.0121345
85.6	0.0121557
85.8	0.0121767
86	0.0121978
86.2	0.0122188
86.4	0.0122398
86.6	0.0122608
86.8	0.0122817
87	0.0123026
87.2	0.0123235
87.4	0.0123444
87.6	0.0123652
87.8	0.012386
88	0.0124067
88.2	0.0124275
88.4	0.0124482
88.6	0.0124689
88.8	0.0124896
89	0.0125102
89.2	0.0125308
89.4	0.0125514
89.6	0.0125719
89.8	0.0125924
90	0.0126129
90.2	0.0126334
90.4	0.0126538
90.6	0.0126743
90.8	0.0126946
91	0.012715
91.2	0.0127353
91.4	0.0127556
91.6	0.0127759
91.8	0.0127962
92	0.0128164
92.2	0.0128366
92.4	0.0128567
92.6	0.0128769
92.8	0.012897
93	0.0129171
93.2	0.0129371
93.4	0.0129572
93.6	0.0129772
93.8	0.0129972
94	0.0130171
94.2	0.013037
94.4	0.0130569
94.6	0.0130768
94.8	0.0130967
95	0.0131165
95.2	0.0131363
95.4	0.0131561
95.6	0.0131758
95.8	0.0131955
96	0.0132152
96.2	0.0132349
96.4	0.0132545
96.6	0.0132741
96.8	0.0132937
97	0.0133132
97.2	0.0133328
97.4	0.0133523
97.6	0.0133718
97.8	0.0133912
98	0.0134106
98.2	0.01343
98.4	0.0134494
98.6	0.0134688
98.8	0.0134881
99	0.0135074
99.2	0.0135266
99.4	0.0135459
99.6	0.0135651
99.8	0.0135843
100	0.0136035
100.2	0.0136226
100.4	0.0136417
100.6	0.0136608
100.8	0.0136799
101	0.0136989
101.2	0.0137179
101.4	0.0137369
101.6	0.0137559
101.8	0.0137748
102	0.0137937
102.2	0.0138126
102.4	0.0138315
102.6	0.0138503
102.8	0.0138691
103	0.0138879
103.2	0.0139067
103.4	0.0139254
103.6	0.0139441
103.8	0.0139628
104	0.0139815
104.2	0.0140001
104.4	0.0140187
104.6	0.0140373
104.8	0.0140559
105	0.0140744
105.2	0.0140929
105.4	0.0141114
105.6	0.0141298
105.8	0.0141483
106	0.0141667
106.2	0.0141851
106.4	0.0142034
106.6	0.0142218
106.8	0.0142401
107	0.0142584
107.2	0.0142766
107.4	0.0142949
107.6	0.0143131
107.8	0.0143313
108	0.0143495
108.2	0.0143676
108.4	0.0143857
108.6	0.0144038
108.8	0.0144219
109	0.0144399
109.2	0.0144579
109.4	0.0144759
109.6	0.0144939
109.8	0.0145119
110	0.0145298
110.2	0.0145477
110.4	0.0145656
110.6	0.0145834
110.8	0.0146012
111	0.014619
111.2	0.0146368
111.4	0.0146546
111.6	0.0146723
111.8	0.01469
112	0.0147077
112.2	0.0147254
112.4	0.014743
112.6	0.0147606
112.8	0.0147782
113	0.0147958
113.2	0.0148133
113.4	0.0148308
113.6	0.0148483
113.8	0.0148658
114	0.0148833
114.2	0.0149007
114.4	0.0149181
114.6	0.0149355
114.8	0.0149528
115	0.0149701
115.2	0.0149875
115.4	0.0150047
115.6	0.015022
115.8	0.0150392
116	0.0150565
116.2	0.0150736
116.4	0.0150908
116.6	0.015108
116.8	0.0151251
117	0.0151422
117.2	0.0151593
117.4	0.0151763
117.6	0.0151934
117.8	0.0152104
118	0.0152274
118.2	0.0152443
118.4	0.0152613
118.6	0.0152782
118.8	0.0152951
119	0.0153119
119.2	0.0153288
119.4	0.0153456
119.6	0.0153624
119.8	0.0153792
120	0.015396
120.2	0.0154127
120.4	0.0154294
120.6	0.0154461
120.8	0.0154628
121	0.0154794
121.2	0.015496
121.4	0.0155127
121.6	0.0155292
121.8	0.0155458
122	0.0155623
122.2	0.0155788
122.4	0.0155953
122.6	0.0156118
122.8	0.0156282
123	0.0156447
123.2	0.0156611
123.4	0.0156775
123.6	0.0156938
123.8	0.0157102
124	0.0157265
124.2	0.0157428
124.4	0.015759
124.6	0.0157753
124.8	0.0157915
125	0.0158077
125.2	0.0158239
125.4	0.0158401
125.6	0.0158562
125.8	0.0158723
126	0.0158884
126.2	0.0159045
126.4	0.0159205
126.6	0.0159366
126.8	0.0159526
127	0.0159686
127.2	0.0159845
127.4	0.0160005
127.6	0.0160164
127.8	0.0160323
128	0.0160482
128.2	0.0160641
128.4	0.0160799
128.6	0.0160957
128.8	0.0161115
129	0.0161273
129.2	0.016143
129.4	0.0161588
129.6	0.0161745
129.8	0.0161902
130	0.0162058
130.2	0.0162215
130.4	0.0162371
130.6	0.0162527
130.8	0.0162683
131	0.0162839
131.2	0.0162994
131.4	0.0163149
131.6	0.0163304
131.8	0.0163459
132	0.0163614
132.2	0.0163768
132.4	0.0163922
132.6	0.0164076
132.8	0.016423
133	0.0164384
133.2	0.0164537
133.4	0.016469
133.6	0.0164843
133.8	0.0164996
134	0.0165148
134.2	0.0165301
134.4	0.0165453
134.6	0.0165605
134.8	0.0165756
135	0.0165908
135.2	0.0166059
135.4	0.016621
135.6	0.0166361
135.8	0.0166512
136	0.0166662
136.2	0.0166813
136.4	0.0166963
136.6	0.0167113
136.8	0.0167262
137	0.0167412
137.2	0.0167561
137.4	0.016771
137.6	0.0167859
137.8	0.0168008
138	0.0168156
138.2	0.0168304
138.4	0.0168453
138.6	0.01686
138.8	0.0168748
139	0.0168896
139.2	0.0169043
139.4	0.016919
139.6	0.0169337
139.8	0.0169483
140	0.016963
140.2	0.0169776
140.4	0.0169922
140.6	0.0170068
140.8	0.0170214
141	0.0170359
141.2	0.0170505
141.4	0.017065
141.6	0.0170795
141.8	0.0170939
142	0.0171084
142.2	0.0171228
142.4	0.0171372
142.6	0.0171516
142.8	0.017166
143	0.0171804
143.2	0.0171947
143.4	0.017209
143.6	0.0172233
143.8	0.0172376
144	0.0172519
144.2	0.0172661
144.4	0.0172803
144.6	0.0172945
144.8	0.0173087
145	0.0173229
145.2	0.017337
145.4	0.0173511
145.6	0.0173652
145.8	0.0173793
146	0.0173934
146.2	0.0174074
146.4	0.0174215
146.6	0.0174355
146.8	0.0174495
147	0.0174635
147.2	0.0174774
147.4	0.0174913
147.6	0.0175053
147.8	0.0175192
148	0.017533
148.2	0.0175469
148.4	0.0175607
148.6	0.0175746
148.8	0.0175884
149	0.0176022
149.2	0.0176159
149.4	0.0176297
149.6	0.0176434
149.8	0.0176571
150	0.0176708
150.2	0.0176845
150.4	0.0176981
150.6	0.0177118
150.8	0.0177254
151	0.017739
151.2	0.0177526
151.4	0.0177662
151.6	0.0177797
151.8	0.0177932
152	0.0178067
152.2	0.0178202
152.4	0.0178337
152.6	0.0178472
152.8	0.0178606
153	0.017874
153.2	0.0178874
153.4	0.0179008
153.6	0.0179142
153.8	0.0179275
154	0.0179408
154.2	0.0179542
154.4	0.0179674
154.6	0.0179807
154.8	0.017994
155	0.0180072
155.2	0.0180204
155.4	0.0180336
155.6	0.0180468
155.8	0.01806
156	0.0180731
156.2	0.0180863
156.4	0.0180994
156.6	0.0181125
156.8	0.0181256
157	0.0181386
157.2	0.0181517
157.4	0.0181647
157.6	0.0181777
157.8	0.0181907
158	0.0182037
158.2	0.0182166
158.4	0.0182296
158.6	0.0182425
158.8	0.0182554
159	0.0182683
159.2	0.0182811
159.4	0.018294
159.6	0.0183068
159.8	0.0183196
160	0.0183324
160.2	0.0183452
160.4	0.018358
160.6	0.0183707
160.8	0.0183835
161	0.0183962
161.2	0.0184089
161.4	0.0184216
161.6	0.0184342
161.8	0.0184469
162	0.0184595
162.2	0.0184721
162.4	0.0184847
162.6	0.0184973
162.8	0.0185098
163	0.0185224
163.2	0.0185349
163.4	0.0185474
163.6	0.0185599
163.8	0.0185724
164	0.0185848
164.2	0.0185973
164.4	0.0186097
164.6	0.0186221
164.8	0.0186345
165	0.0186469
165.2	0.0186592
165.4	0.0186716
165.6	0.0186839
165.8	0.0186962
166	0.0187085
166.2	0.0187208
166.4	0.018733
166.6	0.0187453
166.8	0.0187575
167	0.0187697
167.2	0.0187819
167.4	0.0187941
167.6	0.0188062
167.8	0.0188184
168	0.0188305
168.2	0.0188426
168.4	0.0188547
168.6	0.0188668
168.8	0.0188789
169	0.0188909
169.2	0.0189029
169.4	0.0189149
169.6	0.0189269
169.8	0.0189389
170	0.0189509
170.2	0.0189628
170.4	0.0189748
170.6	0.0189867
170.8	0.0189986
171	0.0190104
171.2	0.0190223
171.4	0.0190342
171.6	0.019046
171.8	0.0190578
172	0.0190696
172.2	0.0190814
172.4	0.0190932
172.6	0.0191049
172.8	0.0191167
173	0.0191284
173.2	0.0191401
173.4	0.0191518
173.6	0.0191635
173.8	0.0191751
174	0.0191868
174.2	0.0191984
174.4	0.01921
174.6	0.0192216
174.8	0.0192332
175	0.0192448
175.2	0.0192563
175.4	0.0192678
175.6	0.0192794
175.8	0.0192909
176	0.0193024
176.2	0.0193138
176.4	0.0193253
176.6	0.0193367
176.8	0.0193481
177	0.0193596
177.2	0.019371
177.4	0.0193823
177.6	0.0193937
177.8	0.019405
178	0.0194164
178.2	0.0194277
178.4	0.019439
178.6	0.0194503
178.8	0.0194616
179	0.0194728
179.2	0.0194841
179.4	0.0194953
179.6	0.0195065
179.8	0.0195177
180	0.0195289
180.2	0.01954
180.4	0.0195512
180.6	0.0195623
180.8	0.0195734
181	0.0195845
181.2	0.0195956
181.4	0.0196067
181.6	0.0196178
181.8	0.0196288
182	0.0196398
182.2	0.0196509
182.4	0.0196619
182.6	0.0196729
182.8	0.0196838
183	0.0196948
183.2	0.0197057
183.4	0.0197166
183.6	0.0197276
183.8	0.0197385
184	0.0197493
184.2	0.0197602
184.4	0.0197711
184.6	0.0197819
184.8	0.0197927
185	0.0198035
185.2	0.0198143
185.4	0.0198251
185.6	0.0198359
185.8	0.0198466
186	0.0198574
186.2	0.0198681
186.4	0.0198788
186.6	0.0198895
186.8	0.0199002
187	0.0199108
187.2	0.0199215
187.4	0.0199321
187.6	0.0199427
187.8	0.0199533
188	0.0199639
188.2	0.0199745
188.4	0.0199851
188.6	0.0199956
188.8	0.0200061
189	0.0200167
189.2	0.0200272
189.4	0.0200377
189.6	0.0200481
189.8	0.0200586
190	0.020069
190.2	0.0200795
190.4	0.0200899
190.6	0.0201003
190.8	0.0201107
191	0.0201211
191.2	0.0201314
191.4	0.0201418
191.6	0.0201521
191.8	0.0201625
192	0.0201728
192.2	0.0201831
192.4	0.0201933
192.6	0.0202036
192.8	0.0202139
193	0.0202241
193.2	0.0202343
193.4	0.0202445
193.6	0.0202547
193.8	0.0202649
194	0.0202751
194.2	0.0202852
194.4	0.0202954
194.6	0.0203055
194.8	0.0203156
195	0.0203257
195.2	0.0203358
195.4	0.0203459
195.6	0.0203559
195.8	0.020366
196	0.020376
196.2	0.020386
196.4	0.020396
196.6	0.020406
196.8	0.020416
197	0.020426
197.2	0.0204359
197.4	0.0204459
197.6	0.0204558
197.8	0.0204657
198	0.0204756
198.2	0.0204855
198.4	0.0204954
198.6	0.0205052
198.8	0.0205151
199	0.0205249
199.2	0.0205347
199.4	0.0205445
199.6	0.0205543
199.8	0.0205641
200	0.0205738
200.2	0.0205836
200.4	0.0205933
200.6	0.0206031
200.8	0.0206128
201	0.0206225
201.2	0.0206322
201.4	0.0206418
201.6	0.0206515
201.8	0.0206611
202	0.0206708
202.2	0.0206804
202.4	0.02069
202.6	0.0206996
202.8	0.0207092
203	0.0207187
203.2	0.0207283
203.4	0.0207378
203.6	0.0207474
203.8	0.0207569
204	0.0207664
204.2	0.0207759
204.4	0.0207854
204.6	0.0207948
204.8	0.0208043
205	0.0208137
205.2	0.0208231
205.4	0.0208325
205.6	0.0208419
205.8	0.0208513
206	0.0208607
206.2	0.0208701
206.4	0.0208794
206.6	0.0208888
206.8	0.0208981
207	0.0209074
207.2	0.0209167
207.4	0.020926
207.6	0.0209353
207.8	0.0209445
208	0.0209538
208.2	0.020963
208.4	0.0209722
208.6	0.0209814
208.8	0.0209906
209	0.0209998
209.2	0.021009
209.4	0.0210182
209.6	0.0210273
209.8	0.0210364
210	0.0210456
210.2	0.0210547
210.4	0.0210638
210.6	0.0210729
210.8	0.0210819
211	0.021091
211.2	0.0211001
211.4	0.0211091
211.6	0.0211181
211.8	0.0211271
212	0.0211361
212.2	0.0211451
212.4	0.0211541
212.6	0.0211631
212.8	0.021172
213	0.021181
213.2	0.0211899
213.4	0.0211988
213.6	0.0212077
213.8	0.0212166
214	0.0212255
214.2	0.0212343
214.4	0.0212432
214.6	0.021252
214.8	0.0212609
215	0.0212697
215.2	0.0212785
215.4	0.0212873
215.6	0.0212961
215.8	0.0213049
216	0.0213136
216.2	0.0213224
216.4	0.0213311
216.6	0.0213398
216.8	0.0213485
217	0.0213572
217.2	0.0213659
217.4	0.0213746
217.6	0.0213833
217.8	0.0213919
218	0.0214006
218.2	0.0214092
218.4	0.0214178
218.6	0.0214264
218.8	0.021435
219	0.0214436
219.2	0.0214522
219.4	0.0214607
219.6	0.0214693
219.8	0.0214778
220	0.0214863
220.2	0.0214949
220.4	0.0215034
220.6	0.0215118
220.8	0.0215203
221	0.0215288
221.2	0.0215373
221.4	0.0215457
221.6	0.0215541
221.8	0.0215626
222	0.021571
222.2	0.0215794
222.4	0.0215878
222.6	0.0215961
222.8	0.0216045
223	0.0216128
223.2	0.0216212
223.4	0.0216295
223.6	0.0216378
223.8	0.0216461
224	0.0216544
224.2	0.0216627
224.4	0.021671
224.6	0.0216793
224.8	0.0216875
225	0.0216958
225.2	0.021704
225.4	0.0217122
225.6	0.0217204
225.8	0.0217286
226	0.0217368
226.2	0.021745
226.4	0.0217531
226.6	0.0217613
226.8	0.0217694
227	0.0217776
227.2	0.0217857
227.4	0.0217938
227.6	0.0218019
227.8	0.02181
228	0.021818
228.2	0.0218261
228.4	0.0218342
228.6	0.0218422
228.8	0.0218502
229	0.0218583
229.2	0.0218663
229.4	0.0218743
229.6	0.0218822
229.8	0.0218902
230	0.0218982
230.2	0.0219061
230.4	0.0219141
230.6	0.021922
230.8	0.0219299
231	0.0219379
231.2	0.0219458
231.4	0.0219537
231.6	0.0219615
231.8	0.0219694
232	0.0219773
232.2	0.0219851
232.4	0.0219929
232.6	0.0220008
232.8	0.0220086
233	0.0220164
233.2	0.0220242
233.4	0.022032
233.6	0.0220397
233.8	0.0220475
234	0.0220553
234.2	0.022063
234.4	0.0220707
234.6	0.0220785
234.8	0.0220862
235	0.0220939
235.2	0.0221016
235.4	0.0221092
235.6	0.0221169
235.8	0.0221246
236	0.0221322
236.2	0.0221398
236.4	0.0221475
236.6	0.0221551
236.8	0.0221627
237	0.0221703
237.2	0.0221779
237.4	0.0221854
237.6	0.022193
237.8	0.0222006
238	0.0222081
238.2	0.0222156
238.4	0.0222232
238.6	0.0222307
238.8	0.0222382
239	0.0222457
239.2	0.0222532
239.4	0.0222606
239.6	0.0222681
239.8	0.0222756
240	0.022283
240.2	0.0222904
240.4	0.0222978
240.6	0.0223053
240.8	0.0223127
241	0.0223201
241.2	0.0223274
241.4	0.0223348
241.6	0.0223422
241.8	0.0223495
242	0.0223569
242.2	0.0223642
242.4	0.0223715
242.6	0.0223788
242.8	0.0223861
243	0.0223934
243.2	0.0224007
243.4	0.022408
243.6	0.0224152
243.8	0.0224225
244	0.0224297
244.2	0.022437
244.4	0.0224442
244.6	0.0224514
244.8	0.0224586
245	0.0224658
245.2	0.022473
245.4	0.0224802
245.6	0.0224873
245.8	0.0224945
246	0.0225016
246.2	0.0225088
246.4	0.0225159
246.6	0.022523
246.8	0.0225301
247	0.0225372
247.2	0.0225443
247.4	0.0225514
247.6	0.0225584
247.8	0.0225655
248	0.0225725
248.2	0.0225796
248.4	0.0225866
248.6	0.0225936
248.8	0.0226006
249	0.0226076
249.2	0.0226146
249.4	0.0226216
249.6	0.0226286
249.8	0.0226356
250	0.0226425
250.2	0.0226495
250.4	0.0226564
250.6	0.0226633
250.8	0.0226702
251	0.0226771
251.2	0.022684
251.4	0.0226909
251.6	0.0226978
251.8	0.0227047
252	0.0227115
252.2	0.0227184
252.4	0.0227252
252.6	0.022732
252.8	0.0227389
253	0.0227457
253.2	0.0227525
253.4	0.0227593
253.6	0.0227661
253.8	0.0227728
254	0.0227796
254.2	0.0227864
254.4	0.0227931
254.6	0.0227999
254.8	0.0228066
255	0.0228133
255.2	0.02282
255.4	0.0228267
255.6	0.0228334
255.8	0.0228401
256	0.0228468
256.2	0.0228534
256.4	0.0228601
256.6	0.0228667
256.8	0.0228734
257	0.02288
257.2	0.0228866
257.4	0.0228932
257.6	0.0228998
257.8	0.0229064
258	0.022913
258.2	0.0229196
258.4	0.0229262
258.6	0.0229327
258.8	0.0229393
259	0.0229458
259.2	0.0229523
259.4	0.0229589
259.6	0.0229654
259.8	0.0229719
260	0.0229784
260.2	0.0229849
260.4	0.0229913
260.6	0.0229978
260.8	0.0230043
261	0.0230107
261.2	0.0230172
261.4	0.0230236
261.6	0.02303
261.8	0.0230365
262	0.0230429
262.2	0.0230493
262.4	0.0230556
262.6	0.023062
262.8	0.0230684
263	0.0230748
263.2	0.0230811
263.4	0.0230875
263.6	0.0230938
263.8	0.0231001
264	0.0231065
264.2	0.0231128
264.4	0.0231191
264.6	0.0231254
264.8	0.0231317
265	0.0231379
265.2	0.0231442
265.4	0.0231505
265.6	0.0231567
265.8	0.023163
266	0.0231692
266.2	0.0231754
266.4	0.0231817
266.6	0.0231879
266.8	0.0231941
267	0.0232003
267.2	0.0232064
267.4	0.0232126
267.6	0.0232188
267.8	0.0232249
268	0.0232311
268.2	0.0232372
268.4	0.0232434
268.6	0.0232495
268.8	0.0232556
269	0.0232617
269.2	0.0232678
269.4	0.0232739
269.6	0.02328
269.8	0.0232861
270	0.0232922
270.2	0.0232982
270.4	0.0233043
270.6	0.0233103
270.8	0.0233164
271	0.0233224
271.2	0.0233284
271.4	0.0233344
271.6	0.0233404
271.8	0.0233464
272	0.0233524
272.2	0.0233584
272.4	0.0233643
272.6	0.0233703
272.8	0.0233763
273	0.0233822
273.2	0.0233881
273.4	0.0233941
273.6	0.0234
273.8	0.0234059
274	0.0234118
274.2	0.0234177
274.4	0.0234236
274.6	0.0234295
274.8	0.0234354
275	0.0234412
275.2	0.0234471
275.4	0.0234529
275.6	0.0234588
275.8	0.0234646
276	0.0234704
276.2	0.0234762
276.4	0.0234821
276.6	0.0234879
276.8	0.0234936
277	0.0234994
277.2	0.0235052
277.4	0.023511
277.6	0.0235167
277.8	0.0235225
278	0.0235282
278.2	0.023534
278.4	0.0235397
278.6	0.0235454
278.8	0.0235512
279	0.0235569
279.2	0.0235626
279.4	0.0235683
279.6	0.0235739
279.8	0.0235796
280	0.0235853
280.2	0.0235909
280.4	0.0235966
280.6	0.0236022
280.8	0.0236079
281	0.0236135
281.2	0.0236191
281.4	0.0236248
281.6	0.0236304
281.8	0.023636
282	0.0236416
282.2	0.0236471
282.4	0.0236527
282.6	0.0236583
282.8	0.0236638
283	0.0236694
283.2	0.0236749
283.4	0.0236805
283.6	0.023686
283.8	0.0236915
284	0.0236971
284.2	0.0237026
284.4	0.0237081
284.6	0.0237136
284.8	0.023719
285	0.0237245
285.2	0.02373
285.4	0.0237355
285.6	0.0237409
285.8	0.0237464
286	0.0237518
286.2	0.0237572
286.4	0.0237627
286.6	0.0237681
286.8	0.0237735
287	0.0237789
287.2	0.0237843
287.4	0.0237897
287.6	0.0237951
287.8	0.0238005
288	0.0238058
288.2	0.0238112
288.4	0.0238165
288.6	0.0238219
288.8	0.0238272
289	0.0238326
289.2	0.0238379
289.4	0.0238432
289.6	0.0238485
289.8	0.0238538
290	0.0238591
290.2	0.0238644
290.4	0.0238697
290.6	0.023875
290.8	0.0238802
291	0.0238855
291.2	0.0238907
291.4	0.023896
291.6	0.0239012
291.8	0.0239064
292	0.0239117
292.2	0.0239169
292.4	0.0239221
292.6	0.0239273
292.8	0.0239325
293	0.0239377
293.2	0.0239429
293.4	0.023948
293.6	0.0239532
293.8	0.0239584
294	0.0239635
294.2	0.0239687
294.4	0.0239738
294.6	0.0239789
294.8	0.0239841
295	0.0239892
295.2	0.0239943
295.4	0.0239994
295.6	0.0240045
295.8	0.0240096
296	0.0240147
296.2	0.0240197
296.4	0.0240248
296.6	0.0240299
296.8	0.0240349
297	0.02404
297.2	0.024045
297.4	0.0240501
297.6	0.0240551
297.8	0.0240601
298	0.0240651
298.2	0.0240701
298.4	0.0240751
298.6	0.0240801
298.8	0.0240851
299	0.0240901
299.2	0.0240951
299.4	0.0241
299.6	0.024105
299.8	0.0241099
300	0.0241149
300.2	0.0241217
300.4	0.024131
300.6	0.0241427
300.8	0.0241569
301	0.0241735
301.2	0.0241925
301.4	0.024214
301.6	0.024238
301.8	0.0242644
302	0.0242932
302.2	0.0243246
302.4	0.0243585
302.6	0.0243948
302.8	0.0244338
303	0.0244753
303.2	0.0245194
303.4	0.0245661
303.6	0.0246155
303.8	0.0246676
304	0.0247224
304.2	0.02478
304.4	0.0248404
304.6	0.0249035
304.8	0.0249696
305	0.0250385
305.2	0.0251104
305.4	0.0251852
305.6	0.0252631
305.8	0.025344
306	0.0254281
306.2	0.0255152
306.4	0.0256056
306.6	0.0256993
306.8	0.0257963
307	0.0258966
307.2	0.0260005
307.4	0.0261079
307.6	0.026219
307.8	0.0263339
308	0.0264528
308.2	0.0265758
308.4	0.0267032
308.6	0.0268354
308.8	0.0269726
309	0.0271155
309.2	0.0272646
309.4	0.0274211
309.6	0.0275863
309.8	0.0277625
310	0.0279538
310.2	0.0281679
310.4	0.0284254
310.6	0.028818
310.8	0.0315182
311	0.0580699
311.2	0.0859901
311.4	0.0984227
311.6	0.102071
311.8	0.103047
312	0.103277
312.2	0.103303
312.4	0.103272
312.6	0.103218
312.8	0.103154
313	0.103088
313.2	0.103023
313.4	0.10296
313.6	0.102901
313.8	0.102845
314	0.102793
314.2	0.102745
314.4	0.102701
314.6	0.102661
314.8	0.102624
315	0.102591
315.2	0.102561
315.4	0.102535
315.6	0.102513
315.8	0.102493
316	0.102478
316.2	0.102465
316.4	0.102456
316.6	0.10245
316.8	0.102448
317	0.102449
317.2	0.102452
317.4	0.10246
317.6	0.10247
317.8	0.102483
318	0.1025
318.2	0.10252
318.4	0.102543
318.6	0.102569
318.8	0.102598
319	0.10263
319.2	0.102666
319.4	0.102704
319.6	0.102746
319.8	0.102791
320	0.10284
320.2	0.102891
320.4	0.102946
320.6	0.103005
320.8	0.103067
321	0.103133
321.2	0.103203
321.4	0.103276
321.6	0.103355
321.8	0.103437
322	0.103525
322.2	0.103618
322.4	0.103718
322.6	0.103826
322.8	0.103943
323	0.104071
323.2	0.104218
323.4	0.104392
323.6	0.104631
323.8	0.1052
324	0.115812
324.2	0.144692
324.4	0.163483
324.6	0.170007
324.8	0.171775
325	0.17221
325.2	0.172256
325.4	0.172189
325.6	0.172077
325.8	0.171944
326	0.171804
326.2	0.171663
326.4	0.171524
326.6	0.171389
326.8	0.171259
327	0.171133
327.2	0.171013
327.4	0.170898
327.6	0.170787
327.8	0.170681
328	0.17058
328.2	0.170483
328.4	0.170391
328.6	0.170302
328.8	0.170218
329	0.170138
329.2	0.170062
329.4	0.16999
329.6	0.169921
329.8	0.169856
330	0.169795
330.2	0.169737
330.4	0.169683
330.6	0.169632
330.8	0.169584
331	0.16954
331.2	0.169499
331.4	0.169461
331.6	0.169427
331.8	0.169395
332	0.169367
332.2	0.169342
332.4	0.169319
332.6	0.1693
332.8	0.169284
333	0.169271
333.2	0.169261
333.4	0.169254
333.6	0.16925
333.8	0.169249
334	0.169251
334.2	0.169256
334.4	0.169264
334.6	0.169275
334.8	0.16929
335	0.169308
335.2	0.169329
335.4	0.169354
335.6	0.169383
335.8	0.169416
336	0.169454
336.2	0.169496
336.4	0.169544
336.6	0.169598
336.8	0.169659
337	0.169728
337.2	0.16981
337.4	0.169908
337.6	0.170033
337.8	0.170219
338	0.170709
338.2	0.180278
338.4	0.206964
338.6	0.224462
338.8	0.230559
339	0.2322
339.2	0.23258
339.4	0.232582
339.6	0.232464
339.8	0.232293
340	0.232096
340.2	0.231889
340.4	0.231681
340.6	0.231475
340.8	0.231275
341	0.231079
341.2	0.23089
341.4	0.230707
341.6	0.23053
341.8	0.230358
342	0.230192
342.2	0.230031
342.4	0.229875
342.6	0.229725
342.8	0.229579
343	0.229438
343.2	0.229301
343.4	0.229169
343.6	0.229041
343.8	0.228918
344	0.228798
344.2	0.228682
344.4	0.22857
344.6	0.228462
344.8	0.228358
345	0.228257
345.2	0.228159
345.4	0.228065
345.6	0.227975
345.8	0.227887
346	0.227803
346.2	0.227722
346.4	0.227644
346.6	0.227569
346.8	0.227497
347	0.227428
347.2	0.227362
347.4	0.227299
347.6	0.227239
347.8	0.227181
348	0.227127
348.2	0.227075
348.4	0.227026
348.6	0.226979
348.8	0.226936
349	0.226895
349.2	0.226857
349.4	0.226822
349.6	0.22679
349.8	0.226761
350	0.226734
350.2	0.226711
350.4	0.22669
350.6	0.226673
350.8	0.22666
351	0.22665
351.2	0.226644
351.4	0.226642
351.6	0.226645
351.8	0.226652
352	0.226666
352.2	0.226686
352.4	0.226715
352.6	0.226755
352.8	0.226811
353	0.226893
353.2	0.227029
353.4	0.227425
353.6	0.235374
353.8	0.260015
354	0.276802
354.2	0.282756
354.4	0.284355
354.6	0.284706
354.8	0.284677
355	0.284518
355.2	0.284298
355.4	0.284046
355.6	0.283781
355.8	0.283515
356	0.283252
356.2	0.282994
356.4	0.282742
356.6	0.282496
356.8	0.282258
357	0.282026
357.2	0.281801
357.4	0.281582
357.6	0.281368
357.8	0.281161
358	0.280959
358.2	0.280763
358.4	0.280571
358.6	0.280385
358.8	0.280203
359	0.280027
359.2	0.279854
359.4	0.279686
359.6	0.279523
359.8	0.279363
360	0.279207
360.2	0.279056
360.4	0.278907
360.6	0.278763
360.8	0.278622
361	0.278485
361.2	0.278351
361.4	0.278221
361.6	0.278093
361.8	0.277969
362	0.277848
362.2	0.27773
362.4	0.277615
362.6	0.277503
362.8	0.277393
363	0.277287
363.2	0.277183
363.4	0.277082
363.6	0.276983
363.8	0.276888
364	0.276795
364.2	0.276704
364.4	0.276616
364.6	0.276531
364.8	0.276448
365	0.276367
365.2	0.27629
365.4	0.276214
365.6	0.276141
365.8	0.276071
366	0.276004
366.2	0.275939
366.4	0.275876
366.6	0.275817
366.8	0.27576
367	0.275706
367.2	0.275655
367.4	0.275607
367.6	0.275562
367.8	0.275521
368	0.275484
368.2	0.275451
368.4	0.275423
368.6	0.2754
368.8	0.275383
369	0.275374
369.2	0.275374
369.4	0.275387
369.6	0.27542
369.8	0.27549
370	0.275668
370.2	0.277434
370.4	0.296495
370.6	0.31714
370.8	0.326382
371	0.329072
371.2	0.329725
371.4	0.329774
371.6	0.329623
371.8	0.329382
372	0.329093
372.2	0.328782
372.4	0.328464
372.6	0.328148
372.8	0.327836
373	0.327531
373.2	0.327233
373.4	0.326943
373.6	0.326659
373.8	0.326383
374	0.326114
374.2	0.325852
374.4	0.325596
374.6	0.325346
374.8	0.325102
375	0.324864
375.2	0.324631
375.4	0.324403
375.6	0.324181
375.8	0.323963
376	0.32375
376.2	0.323542
376.4	0.323338
376.6	0.323139
376.8	0.322943
377	0.322752
377.2	0.322564
377.4	0.32238
377.6	0.3222
377.8	0.322024
378	0.321851
378.2	0.321681
378.4	0.321514
378.6	0.321351
378.8	0.321191
379	0.321034
379.2	0.32088
379.4	0.320729
379.6	0.32058
379.8	0.320435
380	0.320292
380.2	0.320152
380.4	0.320014
380.6	0.319879
380.8	0.319747
381	0.319617
381.2	0.319489
381.4	0.319364
381.6	0.319241
381.8	0.319121
382	0.319003
382.2	0.318887
382.4	0.318774
382.6	0.318663
382.8	0.318554
383	0.318447
383.2	0.318343
383.4	0.318241
383.6	0.318141
383.8	0.318044
384	0.317949
384.2	0.317856
384.4	0.317766
384.6	0.317678
384.8	0.317593
385	0.317511
385.2	0.317431
385.4	0.317354
385.6	0.317281
385.8	0.317211
386	0.317144
386.2	0.317081
386.4	0.317023
386.6	0.316969
386.8	0.316921
387	0.31688
387.2	0.316848
387.4	0.316826
387.6	0.316822
387.8	0.316846
388	0.316939
388.2	0.317521
388.4	0.329694
388.6	0.351428
388.8	0.363434
389	0.36729
389.2	0.368273
389.4	0.368414
389.6	0.368278
389.8	0.368025
390	0.367707
390.2	0.367357
390.4	0.366996
390.6	0.366633
390.8	0.366275
391	0.365923
391.2	0.365579
391.4	0.365243
391.6	0.364915
391.8	0.364594
392	0.364281
392.2	0.363975
392.4	0.363677
392.6	0.363384
392.8	0.363099
393	0.362819
393.2	0.362545
393.4	0.362277
393.6	0.362015
393.8	0.361757
394	0.361505
394.2	0.361258
394.4	0.361015
394.6	0.360777
394.8	0.360543
395	0.360314
395.2	0.360088
395.4	0.359867
395.6	0.359649
395.8	0.359435
396	0.359225
396.2	0.359018
396.4	0.358815
396.6	0.358615
396.8	0.358418
397	0.358225
397.2	0.358034
397.4	0.357847
397.6	0.357662
397.8	0.35748
398	0.357301
398.2	0.357125
398.4	0.356951
398.6	0.35678
398.8	0.356611
399	0.356445
399.2	0.356281
399.4	0.35612
399.6	0.355961
399.8	0.355804
400	0.35565
400.2	0.355497
400.4	0.355347
400.6	0.355199
400.8	0.355054
401	0.35491
401.2	0.354769
401.4	0.354629
401.6	0.354492
401.8	0.354356
402	0.354223
402.2	0.354092
402.4	0.353963
402.6	0.353836
402.8	0.353711
403	0.353588
403.2	0.353467
403.4	0.353349
403.6	0.353232
403.8	0.353118
404	0.353006
404.2	0.352897
404.4	0.35279
404.6	0.352685
404.8	0.352584
405	0.352485
405.2	0.352389
405.4	0.352296
405.6	0.352207
405.8	0.352122
406	0.352042
406.2	0.351966
406.4	0.351897
406.6	0.351835
406.8	0.351782
407	0.351742
407.2	0.351723
407.4	0.351742
407.6	0.351892
407.8	0.354675
408	0.373835
408.2	0.391031
408.4	0.398117
408.6	0.400111
408.8	0.400548
409	0.400501
409.2	0.400277
409.4	0.399958
409.6	0.399588
409.8	0.399195
410	0.398796
410.2	0.398398
410.4	0.398006
410.6	0.397621
410.8	0.397245
411	0.396877
411.2	0.396517
411.4	0.396165
411.6	0.395822
411.8	0.395485
412	0.395156
412.2	0.394833
412.4	0.394517
412.6	0.394208
412.8	0.393904
413	0.393607
413.2	0.393315
413.4	0.393028
413.6	0.392746
413.8	0.39247
414	0.392198
414.2	0.391931
414.4	0.391668
414.6	0.39141
414.8	0.391156
415	0.390906
415.2	0.39066
415.4	0.390418
415.6	0.390179
415.8	0.389944
416	0.389712
416.2	0.389484
416.4	0.389259
416.6	0.389037
416.8	0.388818
417	0.388602
417.2	0.388389
417.4	0.388179
417.6	0.387972
417.8	0.387767
418	0.387565
418.2	0.387366
418.4	0.387169
418.6	0.386974
418.8	0.386782
419	0.386592
419.2	0.386405
419.4	0.386219
419.6	0.386036
419.8	0.385855
420	0.385677
420.2	0.3855
420.4	0.385325
420.6	0.385153
420.8	0.384982
421	0.384813
421.2	0.384647
421.4	0.384482
421.6	0.384319
421.8	0.384158
422	0.383999
422.2	0.383842
422.4	0.383687
422.6	0.383533
422.8	0.383381
423	0.383232
423.2	0.383084
423.4	0.382938
423.6	0.382794
423.8	0.382652
424	0.382512
424.2	0.382373
424.4	0.382237
424.6	0.382103
424.8	0.381971
425	0.381841
425.2	0.381714
425.4	0.381589
425.6	0.381466
425.8	0.381346
426	0.381229
426.2	0.381115
426.4	0.381003
426.6	0.380896
426.8	0.380793
427	0.380694
427.2	0.3806
427.4	0.380512
427.6	0.380433
427.8	0.380363
428	0.380308
428.2	0.380277
428.4	0.380297
428.6	0.380565
428.8	0.387596
429	0.407372
429.2	0.4203
429.4	0.424788
429.6	0.425953
429.8	0.426134
430	0.42599
430.2	0.425707
430.4	0.425342
430.6	0.424936
430.8	0.424513
431	0.424086
431.2	0.423662
431.4	0.423245
431.6	0.422836
431.8	0.422436
432	0.422044
432.2	0.421661
432.4	0.421286
432.6	0.420918
432.8	0.420559
433	0.420206
433.2	0.419861
433.4	0.419522
433.6	0.419189
433.8	0.418863
434	0.418542
434.2	0.418227
434.4	0.417918
434.6	0.417614
434.8	0.417315
435	0.41702
435.2	0.416731
435.4	0.416446
435.6	0.416165
435.8	0.415889
436	0.415616
436.2	0.415348
436.4	0.415083
436.6	0.414822
436.8	0.414564
437	0.41431
437.2	0.41406
437.4	0.413812
437.6	0.413568
437.8	0.413327
438	0.413089
438.2	0.412854
438.4	0.412621
438.6	0.412392
438.8	0.412165
439	0.41194
439.2	0.411718
439.4	0.411499
439.6	0.411282
439.8	0.411067
440	0.410855
440.2	0.410645
440.4	0.410437
440.6	0.410231
440.8	0.410028
441	0.409826
441.2	0.409627
441.4	0.40943
441.6	0.409234
441.8	0.409041
442	0.408849
442.2	0.408659
442.4	0.408471
442.6	0.408285
442.8	0.408101
443	0.407918
443.2	0.407738
443.4	0.407559
443.6	0.407381
443.8	0.407206
444	0.407032
444.2	0.40686
444.4	0.40669
444.6	0.406521
444.8	0.406354
445	0.406189
445.2	0.406025
445.4	0.405863
445.6	0.405703
445.8	0.405545
446	0.405389
446.2	0.405234
446.4	0.405081
446.6	0.40493
446.8	0.404781
447	0.404634
447.2	0.404489
447.4	0.404347
447.6	0.404206
447.8	0.404068
448	0.403932
448.2	0.403799
448.4	0.403669
448.6	0.403542
448.8	0.403419
449	0.403299
449.2	0.403183
449.4	0.403073
449.6	0.402968
449.8	0.402871
450	0.402783
450.2	0.402708
450.4	0.402654
450.6	0.402642
450.8	0.402783
451	0.406588
451.2	0.424977
451.4	0.439583
451.6	0.445211
451.8	0.446738
452	0.447025
452.2	0.446911
452.4	0.446634
452.6	0.446262
452.8	0.445839
453	0.445393
453.2	0.444941
453.4	0.444491
453.6	0.444048
453.8	0.443613
454	0.443186
454.2	0.442769
454.4	0.44236
454.6	0.441959
454.8	0.441567
455	0.441183
455.2	0.440806
455.4	0.440437
455.6	0.440074
455.8	0.439718
456	0.439368
456.2	0.439025
456.4	0.438687
456.6	0.438355
456.8	0.438029
457	0.437707
457.2	0.437391
457.4	0.437079
457.6	0.436773
457.8	0.43647
458	0.436172
458.2	0.435878
458.4	0.435589
458.6	0.435303
458.8	0.435021
459	0.434742
459.2	0.434468
459.4	0.434196
459.6	0.433928
459.8	0.433663
460	0.433402
460.2	0.433143
460.4	0.432887
460.6	0.432634
460.8	0.432384
461	0.432137
461.2	0.431893
461.4	0.43165
461.6	0.431411
461.8	0.431174
462	0.430939
462.2	0.430707
462.4	0.430477
462.6	0.430249
462.8	0.430023
463	0.429799
463.2	0.429578
463.4	0.429358
463.6	0.429141
463.8	0.428925
464	0.428712
464.2	0.4285
464.4	0.42829
464.6	0.428082
464.8	0.427875
465	0.427671
465.2	0.427468
465.4	0.427267
465.6	0.427068
465.8	0.42687
466	0.426674
466.2	0.42648
466.4	0.426287
466.6	0.426096
466.8	0.425906
467	0.425718
467.2	0.425532
467.4	0.425347
467.6	0.425163
467.8	0.424982
468	0.424802
468.2	0.424623
468.4	0.424446
468.6	0.424271
468.8	0.424097
469	0.423925
469.2	0.423755
469.4	0.423586
469.6	0.423419
469.8	0.423253
470	0.42309
470.2	0.422928
470.4	0.422768
470.6	0.42261
470.8	0.422455
471	0.422301
471.2	0.422149
471.4	0.422
471.6	0.421853
471.8	0.421709
472	0.421568
472.2	0.42143
472.4	0.421295
472.6	0.421164
472.8	0.421038
473	0.420917
473.2	0.420802
473.4	0.420695
473.6	0.420598
473.8	0.420516
474	0.420459
474.2	0.420459
474.4	0.420792
474.6	0.429526
474.8	0.448124
475	0.459078
475.2	0.462702
475.4	0.463611
475.6	0.463701
475.8	0.463508
476	0.463178
476.2	0.462768
476.4	0.462315
476.6	0.461846
476.8	0.461374
477	0.460906
477.2	0.460446
477.4	0.459994
477.6	0.459551
477.8	0.459117
478	0.458692
478.2	0.458276
478.4	0.457868
478.6	0.457468
478.8	0.457075
479	0.45669
479.2	0.456312
479.4	0.45594
479.6	0.455575
479.8	0.455216
480	0.454863
480.2	0.454515
480.4	0.454174
480.6	0.453837
480.8	0.453505
481	0.453179
481.2	0.452857
481.4	0.452539
481.6	0.452226
481.8	0.451917
482	0.451612
482.2	0.451311
482.4	0.451014
482.6	0.450721
482.8	0.450431
483	0.450144
483.2	0.449861
483.4	0.449582
483.6	0.449305
483.8	0.449031
484	0.448761
484.2	0.448493
484.4	0.448228
484.6	0.447966
484.8	0.447706
485	0.447449
485.2	0.447195
485.4	0.446943
485.6	0.446693
485.8	0.446446
486	0.4462
486.2	0.445958
486.4	0.445717
486.6	0.445478
486.8	0.445242
487	0.445007
487.2	0.444774
487.4	0.444544
487.6	0.444315
487.8	0.444088
488	0.443863
488.2	0.44364
488.4	0.443418
488.6	0.443198
488.8	0.44298
489	0.442764
489.2	0.442549
489.4	0.442336
489.6	0.442124
489.8	0.441914
490	0.441706
490.2	0.441499
490.4	0.441294
490.6	0.44109
490.8	0.440888
491	0.440687
491.2	0.440488
491.4	0.44029
491.6	0.440094
491.8	0.439899
492	0.439705
492.2	0.439513
492.4	0.439323
492.6	0.439134
492.8	0.438946
493	0.43876
493.2	0.438576
493.4	0.438393
493.6	0.438212
493.8	0.438032
494	0.437853
494.2	0.437677
494.4	0.437502
494.6	0.437328
494.8	0.437157
495	0.436987
495.2	0.436819
495.4	0.436653
495.6	0.436489
495.8	0.436327
496	0.436167
496.2	0.43601
496.4	0.435855
496.6	0.435702
496.8	0.435553
497	0.435407
497.2	0.435264
497.4	0.435126
497.6	0.434992
497.8	0.434864
498	0.434742
498.2	0.43463
498.4	0.434529
498.6	0.434447
498.8	0.4344
499	0.43446
499.2	0.436301
499.4	0.452228
499.6	0.467671
499.8	0.474251
500	0.476112
500.2	0.476494
500.4	0.476403
500.6	0.476126
500.8	0.475739
501	0.475291
501.2	0.474814
501.4	0.474328
501.6	0.473843
501.8	0.473364
502	0.472893
502.2	0.472431
502.4	0.471978
502.6	0.471535
502.8	0.4711
503	0.470674
503.2	0.470256
503.4	0.469846
503.6	0.469444
503.8	0.469049
504	0.46866
504.2	0.468279
504.4	0.467904
504.6	0.467534
504.8	0.467171
505	0.466814
505.2	0.466461
505.4	0.466115
505.6	0.465773
505.8	0.465436
506	0.465103
506.2	0.464775
506.4	0.464452
506.6	0.464132
506.8	0.463817
507	0.463506
507.2	0.463198
507.4	0.462894
507.6	0.462594
507.8	0.462297
508	0.462003
508.2	0.461713
508.4	0.461426
508.6	0.461141
508.8	0.46086
509	0.460582
509.2	0.460306
509.4	0.460033
509.6	0.459763
509.8	0.459495
510	0.459229
510.2	0.458967
510.4	0.458706
510.6	0.458448
510.8	0.458192
511	0.457938
511.2	0.457686
511.4	0.457437
511.6	0.457189
511.8	0.456943
512	0.4567
512.2	0.456458
512.4	0.456218
512.6	0.45598
512.8	0.455744
513	0.45551
513.2	0.455277
513.4	0.455046
513.6	0.454816
513.8	0.454589
514	0.454362
514.2	0.454138
514.4	0.453915
514.6	0.453694
514.8	0.453474
515	0.453255
515.2	0.453038
515.4	0.452823
515.6	0.452609
515.8	0.452396
516	0.452185
516.2	0.451976
516.4	0.451767
516.6	0.451561
516.8	0.451355
517	0.451151
517.2	0.450948
517.4	0.450747
517.6	0.450547
517.8	0.450349
518	0.450152
518.2	0.449956
518.4	0.449762
518.6	0.449569
518.8	0.449377
519	0.449187
519.2	0.448999
519.4	0.448812
519.6	0.448626
519.8	0.448442
520	0.44826
520.2	0.448079
520.4	0.4479
520.6	0.447722
520.8	0.447547
521	0.447373
521.2	0.447201
521.4	0.447031
521.6	0.446863
521.8	0.446698
522	0.446534
522.2	0.446374
522.4	0.446216
522.6	0.446061
522.8	0.44591
523	0.445762
523.2	0.445619
523.4	0.44548
523.6	0.445348
523.8	0.445224
524	0.445109
524.2	0.44501
524.4	0.444936
524.6	0.444919
524.8	0.445249
525	0.454012
525.2	0.471766
525.4	0.482024
525.6	0.485382
525.8	0.486211
526	0.48627
526.2	0.486055
526.4	0.485703
526.6	0.485267
526.8	0.484789
527	0.484294
527.2	0.483795
527.4	0.483302
527.6	0.482815
527.8	0.482337
528	0.481869
528.2	0.48141
528.4	0.48096
528.6	0.480519
528.8	0.480087
529	0.479662
529.2	0.479246
529.4	0.478837
529.6	0.478435
529.8	0.47804
530	0.477651
530.2	0.477269
530.4	0.476893
530.6	0.476522
530.8	0.476158
531	0.475798
531.2	0.475444
531.4	0.475095
531.6	0.474751
531.8	0.474411
532	0.474075
532.2	0.473744
532.4	0.473418
532.6	0.473095
532.8	0.472776
533	0.472461
533.2	0.472149
533.4	0.471841
533.6	0.471536
533.8	0.471235
534	0.470937
534.2	0.470642
534.4	0.470349
534.6	0.47006
534.8	0.469774
535	0.46949
535.2	0.469209
535.4	0.468931
535.6	0.468655
535.8	0.468382
536	0.468111
536.2	0.467842
536.4	0.467576
536.6	0.467312
536.8	0.46705
537	0.46679
537.2	0.466532
537.4	0.466277
537.6	0.466023
537.8	0.465771
538	0.465521
538.2	0.465273
538.4	0.465026
538.6	0.464782
538.8	0.464539
539	0.464298
539.2	0.464058
539.4	0.463821
539.6	0.463584
539.8	0.46335
540	0.463117
540.2	0.462885
540.4	0.462655
540.6	0.462427
540.8	0.4622
541	0.461974
541.2	0.46175
541.4	0.461527
541.6	0.461306
541.8	0.461086
542	0.460867
542.2	0.46065
542.4	0.460434
542.6	0.46022
542.8	0.460007
543	0.459795
543.2	0.459584
543.4	0.459375
543.6	0.459167
543.8	0.458961
544	0.458756
544.2	0.458552
544.4	0.45835
544.6	0.458148
544.8	0.457949
545	0.45775
545.2	0.457553
545.4	0.457358
545.6	0.457163
545.8	0.45697
546	0.456779
546.2	0.456589
546.4	0.456401
546.6	0.456214
546.8	0.456029
547	0.455845
547.2	0.455663
547.4	0.455483
547.6	0.455305
547.8	0.455128
548	0.454954
548.2	0.454782
548.4	0.454612
548.6	0.454444
548.8	0.454279
549	0.454117
549.2	0.453958
549.4	0.453802
549.6	0.45365
549.8	0.453503
550	0.453361
550.2	0.453226
550.4	0.4531
550.6	0.452984
550.8	0.452887
551	0.452821
551.2	0.452847
551.4	0.454068
551.6	0.468208
551.8	0.483696
552	0.490633
552.2	0.492629
552.4	0.493048
552.6	0.492966
552.8	0.492686
553	0.492292
553.2	0.491831
553.4	0.491338
553.6	0.490835
553.8	0.490332
554	0.489834
554.2	0.489345
554.4	0.488865
554.6	0.488394
554.8	0.487933
555	0.48748
555.2	0.487036
555.4	0.486601
555.6	0.486173
555.8	0.485753
556	0.485341
556.2	0.484936
556.4	0.484537
556.6	0.484145
556.8	0.483759
557	0.483379
557.2	0.483004
557.4	0.482636
557.6	0.482272
557.8	0.481914
558	0.481561
558.2	0.481212
558.4	0.480868
558.6	0.480528
558.8	0.480192
559	0.479861
559.2	0.479534
559.4	0.47921
559.6	0.47889
559.8	0.478574
560	0.478261
560.2	0.477952
560.4	0.477645
560.6	0.477342
560.8	0.477042
561	0.476745
561.2	0.476451
561.4	0.47616
561.6	0.475871
561.8	0.475585
562	0.475302
562.2	0.475021
562.4	0.474742
562.6	0.474466
562.8	0.474192
563	0.47392
563.2	0.473651
563.4	0.473384
563.6	0.473119
563.8	0.472855
564	0.472594
564.2	0.472335
564.4	0.472078
564.6	0.471822
564.8	0.471569
565	0.471317
565.2	0.471067
565.4	0.470818
565.6	0.470571
565.8	0.470326
566	0.470083
566.2	0.469841
566.4	0.469601
566.6	0.469362
566.8	0.469125
567	0.468889
567.2	0.468655
567.4	0.468422
567.6	0.46819
567.8	0.46796
568	0.467732
568.2	0.467505
568.4	0.467279
568.6	0.467054
568.8	0.466831
569	0.466609
569.2	0.466389
569.4	0.46617
569.6	0.465952
569.8	0.465735
570	0.46552
570.2	0.465306
570.4	0.465093
570.6	0.464881
570.8	0.464671
571	0.464462
571.2	0.464255
571.4	0.464048
571.6	0.463843
571.8	0.46364
572	0.463437
572.2	0.463236
572.4	0.463037
572.6	0.462838
572.8	0.462641
573	0.462446
573.2	0.462252
573.4	0.462059
573.6	0.461868
573.8	0.461678
574	0.46149
574.2	0.461304
574.4	0.461119
574.6	0.460936
574.8	0.460755
575	0.460576
575.2	0.460399
575.4	0.460224
575.6	0.460051
575.8	0.459881
576	0.459713
576.2	0.459549
576.4	0.459387
576.6	0.459229
576.8	0.459076
577	0.458927
577.2	0.458784
577.4	0.458648
577.6	0.458522
577.8	0.45841
578	0.458319
578.2	0.458275
578.4	0.458435
578.6	0.463874
578.8	0.480965
579	0.492575
579.2	0.496671
579.4	0.497721
579.6	0.497848
579.8	0.497658
580	0.497317
580.2	0.496884
580.4	0.496401
580.6	0.495897
580.8	0.495388
581	0.494882
581.2	0.494383
581.4	0.493893
581.6	0.493412
581.8	0.492941
582	0.492478
582.2	0.492025
582.4	0.49158
582.6	0.491144
582.8	0.490715
583	0.490294
583.2	0.48988
583.4	0.489473
583.6	0.489072
583.8	0.488678
584	0.488291
584.2	0.487909
584.4	0.487532
584.6	0.487161
584.8	0.486795
585	0.486435
585.2	0.486079
585.4	0.485728
585.6	0.485381
585.8	0.485039
586	0.484701
586.2	0.484367
586.4	0.484036
586.6	0.48371
586.8	0.483387
587	0.483068
587.2	0.482752
587.4	0.48244
587.6	0.48213
587.8	0.481824
588	0.481521
588.2	0.481221
588.4	0.480923
588.6	0.480629
588.8	0.480337
589	0.480048
589.2	0.479761
589.4	0.479477
589.6	0.479195
589.8	0.478915
590	0.478638
590.2	0.478363
590.4	0.47809
590.6	0.477819
590.8	0.47755
591	0.477284
591.2	0.477019
591.4	0.476756
591.6	0.476495
591.8	0.476236
592	0.475979
592.2	0.475723
592.4	0.475469
592.6	0.475217
592.8	0.474967
593	0.474718
593.2	0.474471
593.4	0.474225
593.6	0.473981
593.8	0.473738
594	0.473497
594.2	0.473257
594.4	0.473019
594.6	0.472782
594.8	0.472547
595	0.472313
595.2	0.47208
595.4	0.471849
595.6	0.471619
595.8	0.471391
596	0.471164
596.2	0.470938
596.4	0.470713
596.6	0.47049
596.8	0.470267
597	0.470047
597.2	0.469827
597.4	0.469609
597.6	0.469392
597.8	0.469176
598	0.468962
598.2	0.468748
598.4	0.468536
598.6	0.468326
598.8	0.468116
599	0.467908
599.2	0.467701
599.4	0.467495
599.6	0.467291
599.8	0.467088
600	0.466886
600.2	0.466686
600.4	0.466487
600.6	0.466289
600.8	0.466093
601	0.465898
601.2	0.465705
601.4	0.465513
601.6	0.465323
601.8	0.465135
602	0.464948
602.2	0.464763
602.4	0.464579
602.6	0.464398
602.8	0.464219
603	0.464042
603.2	0.463867
603.4	0.463695
603.6	0.463525
603.8	0.463358
604	0.463195
604.2	0.463036
604.4	0.46288
604.6	0.46273
604.8	0.462586
605	0.462449
605.2	0.462322
605.4	0.46221
605.6	0.462123
605.8	0.462093
606	0.462404
606.2	0.470909
606.4	0.488094
606.6	0.498007
606.8	0.501248
607	0.502041
607.2	0.502084
607.4	0.501857
607.6	0.501491
607.8	0.501039
608	0.500543
608.2	0.500029
608.4	0.499513
608.6	0.499
608.8	0.498496
609	0.498
609.2	0.497514
609.4	0.497037
609.6	0.49657
609.8	0.496111
610	0.495661
610.2	0.49522
610.4	0.494786
610.6	0.49436
610.8	0.493942
611	0.49353
611.2	0.493125
611.4	0.492726
611.6	0.492334
611.8	0.491947
612	0.491566
612.2	0.491191
612.4	0.490821
612.6	0.490455
612.8	0.490095
613	0.48974
613.2	0.489389
613.4	0.489042
613.6	0.4887
613.8	0.488361
614	0.488027
614.2	0.487696
614.4	0.487369
614.6	0.487046
614.8	0.486726
615	0.486409
615.2	0.486096
615.4	0.485785
615.6	0.485478
615.8	0.485174
616	0.484872
616.2	0.484574
616.4	0.484278
616.6	0.483984
616.8	0.483693
617	0.483405
617.2	0.483119
617.4	0.482835
617.6	0.482554
617.8	0.482275
618	0.481998
618.2	0.481723
618.4	0.48145
618.6	0.48118
618.8	0.480911
619	0.480644
619.2	0.480379
619.4	0.480116
619.6	0.479855
619.8	0.479595
620	0.479337
620.2	0.479081
620.4	0.478827
620.6	0.478574
620.8	0.478323
621	0.478073
621.2	0.477825
621.4	0.477578
621.6	0.477333
621.8	0.477089
622	0.476847
622.2	0.476606
622.4	0.476367
622.6	0.476129
622.8	0.475892
623	0.475657
623.2	0.475423
623.4	0.47519
623.6	0.474959
623.8	0.474729
624	0.4745
624.2	0.474273
624.4	0.474046
624.6	0.473821
624.8	0.473598
625	0.473375
625.2	0.473154
625.4	0.472934
625.6	0.472715
625.8	0.472497
626	0.472281
626.2	0.472066
626.4	0.471852
626.6	0.47164
626.8	0.471428
627	0.471218
627.2	0.471009
627.4	0.470801
627.6	0.470595
627.8	0.47039
628	0.470186
628.2	0.469984
628.4	0.469783
628.6	0.469583
628.8	0.469385
629	0.469188
629.2	0.468992
629.4	0.468798
629.6	0.468606
629.8	0.468415
630	0.468226
630.2	0.468039
630.4	0.467853
630.6	0.46767
630.8	0.467488
631	0.467309
631.2	0.467131
631.4	0.466957
631.6	0.466785
631.8	0.466615
632	0.46645
632.2	0.466287
632.4	0.466129
632.6	0.465976
632.8	0.465829
633	0.465689
633.2	0.465559
633.4	0.465443
633.6	0.465351
633.8	0.46531
634	0.465531
634.2	0.472499
634.4	0.489602
634.6	0.5002
634.8	0.503783
635	0.504678
635.2	0.504754
635.4	0.50454
635.6	0.504182
635.8	0.503734
636	0.503238
636.2	0.502724
636.4	0.502205
636.6	0.501691
636.8	0.501183
637	0.500685
637.2	0.500196
637.4	0.499716
637.6	0.499246
637.8	0.498785
638	0.498332
638.2	0.497888
638.4	0.497452
638.6	0.497023
638.8	0.496601
639	0.496187
639.2	0.495779
639.4	0.495378
639.6	0.494983
639.8	0.494593
640	0.49421
640.2	0.493832
640.4	0.493459
640.6	0.493091
640.8	0.492728
641	0.49237
641.2	0.492016
641.4	0.491667
641.6	0.491322
641.8	0.490981
642	0.490644
642.2	0.490311
642.4	0.489981
642.6	0.489655
642.8	0.489333
643	0.489014
643.2	0.488698
643.4	0.488385
643.6	0.488075
643.8	0.487768
644	0.487464
644.2	0.487163
644.4	0.486864
644.6	0.486568
644.8	0.486275
645	0.485984
645.2	0.485695
645.4	0.485409
645.6	0.485125
645.8	0.484844
646	0.484564
646.2	0.484287
646.4	0.484012
646.6	0.483738
646.8	0.483467
647	0.483198
647.2	0.48293
647.4	0.482665
647.6	0.482401
647.8	0.482139
648	0.481878
648.2	0.481619
648.4	0.481362
648.6	0.481107
648.8	0.480853
649	0.480601
649.2	0.48035
649.4	0.480101
649.6	0.479853
649.8	0.479607
650	0.479362
650.2	0.479119
650.4	0.478877
650.6	0.478636
650.8	0.478397
651	0.478159
651.2	0.477922
651.4	0.477687
651.6	0.477453
651.8	0.477221
652	0.476989
652.2	0.476759
652.4	0.47653
652.6	0.476302
652.8	0.476076
653	0.475851
653.2	0.475627
653.4	0.475404
653.6	0.475182
653.8	0.474962
654	0.474743
654.2	0.474525
654.4	0.474308
654.6	0.474093
654.8	0.473879
655	0.473666
655.2	0.473454
655.4	0.473243
655.6	0.473034
655.8	0.472826
656	0.472619
656.2	0.472413
656.4	0.472209
656.6	0.472006
656.8	0.471805
657	0.471605
657.2	0.471406
657.4	0.471209
657.6	0.471013
657.8	0.470818
658	0.470626
658.2	0.470435
658.4	0.470245
658.6	0.470058
658.8	0.469872
659	0.469688
659.2	0.469507
659.4	0.469327
659.6	0.46915
659.8	0.468975
660	0.468804
660.2	0.468635
660.4	0.46847
660.6	0.468309
660.8	0.468152
661	0.468001
661.2	0.467857
661.4	0.467722
661.6	0.467598
661.8	0.467494
662	0.467426
662.2	0.467478
662.4	0.469849
662.6	0.485629
662.8	0.499527
663	0.505187
663.2	0.50675
663.4	0.507036
663.6	0.506902
663.8	0.506589
664	0.506166
664.2	0.505681
664.4	0.505167
664.6	0.504645
664.8	0.504124
665	0.50361
665.2	0.503104
665.4	0.502608
665.6	0.502121
665.8	0.501644
666	0.501176
666.2	0.500716
666.4	0.500266
666.6	0.499823
666.8	0.499388
667	0.498961
667.2	0.498541
667.4	0.498127
667.6	0.497721
667.8	0.49732
668	0.496926
668.2	0.496537
668.4	0.496154
668.6	0.495776
668.8	0.495404
669	0.495036
669.2	0.494674
669.4	0.494316
669.6	0.493962
669.8	0.493613
670	0.493268
670.2	0.492927
670.4	0.492589
670.6	0.492256
670.8	0.491926
671	0.491599
671.2	0.491276
671.4	0.490957
671.6	0.49064
671.8	0.490327
672	0.490016
672.2	0.489709
672.4	0.489404
672.6	0.489102
672.8	0.488803
673	0.488506
673.2	0.488212
673.4	0.48792
673.6	0.487631
673.8	0.487344
674	0.487059
674.2	0.486776
674.4	0.486496
674.6	0.486217
674.8	0.485941
675	0.485667
675.2	0.485394
675.4	0.485124
675.6	0.484855
675.8	0.484588
676	0.484323
676.2	0.48406
676.4	0.483798
676.6	0.483538
676.8	0.48328
677	0.483023
677.2	0.482768
677.4	0.482515
677.6	0.482263
677.8	0.482012
678	0.481763
678.2	0.481515
678.4	0.481269
678.6	0.481024
678.8	0.480781
679	0.480539
679.2	0.480298
679.4	0.480059
679.6	0.479821
679.8	0.479584
680	0.479349
680.2	0.479114
680.4	0.478881
680.6	0.47865
680.8	0.478419
681	0.47819
681.2	0.477962
681.4	0.477735
681.6	0.47751
681.8	0.477285
682	0.477062
682.2	0.47684
682.4	0.476619
682.6	0.4764
682.8	0.476181
683	0.475964
683.2	0.475748
683.4	0.475533
683.6	0.47532
683.8	0.475108
684	0.474896
684.2	0.474687
684.4	0.474478
684.6	0.474271
684.8	0.474065
685	0.47386
685.2	0.473656
685.4	0.473454
685.6	0.473254
685.8	0.473054
686	0.472856
686.2	0.47266
686.4	0.472465
686.6	0.472272
686.8	0.472081
687	0.471891
687.2	0.471703
687.4	0.471516
687.6	0.471332
687.8	0.47115
688	0.470971
688.2	0.470793
688.4	0.470618
688.6	0.470447
688.8	0.470278
689	0.470113
689.2	0.469953
689.4	0.469797
689.6	0.469647
689.8	0.469504
690	0.469371
690.2	0.469253
690.4	0.469157
690.6	0.469112
690.8	0.469323
691	0.476106
691.2	0.493072
691.4	0.503658
691.6	0.507247
691.8	0.508144
692	0.508219
692.2	0.508004
692.4	0.507644
692.6	0.507193
692.8	0.506694
693	0.506176
693.2	0.505653
693.4	0.505135
693.6	0.504623
693.8	0.504121
694	0.503628
694.2	0.503145
694.4	0.502671
694.6	0.502206
694.8	0.501749
695	0.501301
695.2	0.500861
695.4	0.500429
695.6	0.500004
695.8	0.499586
696	0.499174
696.2	0.498769
696.4	0.49837
696.6	0.497978
696.8	0.497591
697	0.497209
697.2	0.496833
697.4	0.496461
697.6	0.496095
697.8	0.495733
698	0.495376
698.2	0.495024
698.4	0.494675
698.6	0.494331
698.8	0.49399
699	0.493654
699.2	0.493321
699.4	0.492991
699.6	0.492665
699.8	0.492343
700	0.492024
700.2	0.491699
700.4	0.491367
700.6	0.491027
700.8	0.490679
701	0.490323
701.2	0.48996
701.4	0.489589
701.6	0.489211
701.8	0.488825
702	0.488432
702.2	0.488031
702.4	0.487624
702.6	0.487209
702.8	0.486787
703	0.486358
703.2	0.485922
703.4	0.48548
703.6	0.48503
703.8	0.484574
704	0.484112
704.2	0.483643
704.4	0.483167
704.6	0.482686
704.8	0.482198
705	0.481704
705.2	0.481204
705.4	0.480698
705.6	0.480187
705.8	0.47967
706	0.479147
706.2	0.478619
706.4	0.478086
706.6	0.477547
706.8	0.477003
707	0.476455
707.2	0.475901
707.4	0.475343
707.6	0.47478
707.8	0.474212
708	0.473641
708.2	0.473064
708.4	0.472484
708.6	0.471899
708.8	0.471311
709	0.470718
709.2	0.470122
709.4	0.469522
709.6	0.468918
709.8	0.468311
710	0.467701
710.2	0.467087
710.4	0.466471
710.6	0.465851
710.8	0.465228
711	0.464602
711.2	0.463974
711.4	0.463342
711.6	0.462708
711.8	0.462072
712	0.461433
712.2	0.460792
712.4	0.460149
712.6	0.459503
712.8	0.458856
713	0.458206
713.2	0.457555
713.4	0.456902
713.6	0.456246
713.8	0.45559
714	0.454931
714.2	0.454272
714.4	0.45361
714.6	0.452947
714.8	0.452283
715	0.451618
715.2	0.450952
715.4	0.450284
715.6	0.449615
715.8	0.448946
716	0.448275
716.2	0.447604
716.4	0.446931
716.6	0.446258
716.8	0.445585
717	0.44491
717.2	0.444235
717.4	0.44356
717.6	0.442884
717.8	0.442207
718	0.44153
718.2	0.440853
718.4	0.440176
718.6	0.439498
718.8	0.43882
719	0.438142
719.2	0.437463
719.4	0.436785
719.6	0.436106
719.8	0.435428
720	0.43475
720.2	0.434071
720.4	0.433393
720.6	0.432715
720.8	0.432037
721	0.431359
721.2	0.430681
721.4	0.430004
721.6	0.429327
721.8	0.42865
722	0.427974
722.2	0.427298
722.4	0.426622
722.6	0.425947
722.8	0.425273
723	0.424598
723.2	0.423925
723.4	0.423251
723.6	0.422579
723.8	0.421907
724	0.421235
724.2	0.420564
724.4	0.419894
724.6	0.419224
724.8	0.418555
725	0.417887
725.2	0.41722
725.4	0.416553
725.6	0.415887
725.8	0.415221
726	0.414557
726.2	0.413893
726.4	0.41323
726.6	0.412568
726.8	0.411906
727	0.411246
727.2	0.410586
727.4	0.409928
727.6	0.40927
727.8	0.408613
728	0.407956
728.2	0.407301
728.4	0.406647
728.6	0.405994
728.8	0.405341
729	0.40469
729.2	0.404039
729.4	0.40339
729.6	0.402741
729.8	0.402094
730	0.401447
730.2	0.400801
730.4	0.400157
730.6	0.399513
730.8	0.398871
731	0.398229
731.2	0.397589
731.4	0.396949
731.6	0.396311
731.8	0.395674
732	0.395037
732.2	0.394402
732.4	0.393768
732.6	0.393135
732.8	0.392503
733	0.391872
733.2	0.391242
733.4	0.390613
733.6	0.389985
733.8	0.389359
734	0.388733
734.2	0.388109
734.4	0.387486
734.6	0.386863
734.8	0.386242
735	0.385622
735.2	0.385004
735.4	0.384386
735.6	0.383769
735.8	0.383154
736	0.382539
736.2	0.381926
736.4	0.381314
736.6	0.380703
736.8	0.380093
737	0.379484
737.2	0.378876
737.4	0.37827
737.6	0.377664
737.8	0.37706
738	0.376457
738.2	0.375855
738.4	0.375254
738.6	0.374654
738.8	0.374056
739	0.373458
739.2	0.372862
739.4	0.372267
739.6	0.371673
739.8	0.37108
740	0.370488
740.2	0.369897
740.4	0.369308
740.6	0.368719
740.8	0.368132
741	0.367546
741.2	0.366961
741.4	0.366377
741.6	0.365794
741.8	0.365212
742	0.364632
742.2	0.364052
742.4	0.363474
742.6	0.362897
742.8	0.362321
743	0.361746
743.2	0.361172
743.4	0.360599
743.6	0.360028
743.8	0.359457
744	0.358888
744.2	0.35832
744.4	0.357753
744.6	0.357187
744.8	0.356622
745	0.356058
745.2	0.355495
745.4	0.354934
745.6	0.354373
745.8	0.353814
746	0.353256
746.2	0.352698
746.4	0.352142
746.6	0.351587
746.8	0.351033
747	0.350481
747.2	0.349929
747.4	0.349378
747.6	0.348829
747.8	0.34828
748	0.347733
748.2	0.347187
748.4	0.346641
748.6	0.346097
748.8	0.345554
749	0.345012
749.2	0.344471
749.4	0.343931
749.6	0.343393
749.8	0.342855
750	0.342318
750.2	0.341783
750.4	0.341248
750.6	0.340715
750.8	0.340182
751	0.339651
751.2	0.339121
751.4	0.338591
751.6	0.338063
751.8	0.337536
752	0.33701
752.2	0.336485
752.4	0.335961
752.6	0.335438
752.8	0.334916
753	0.334395
753.2	0.333875
753.4	0.333356
753.6	0.332838
753.8	0.332321
754	0.331805
754.2	0.33129
754.4	0.330777
754.6	0.330264
754.8	0.329752
755	0.329241
755.2	0.328732
755.4	0.328223
755.6	0.327715
755.8	0.327208
756	0.326703
756.2	0.326198
756.4	0.325694
756.6	0.325191
756.8	0.32469
757	0.324189
757.2	0.323689
757.4	0.32319
757.6	0.322693
757.8	0.322196
758	0.3217
758.2	0.321205
758.4	0.320711
758.6	0.320218
758.8	0.319726
759	0.319235
759.2	0.318745
759.4	0.318256
759.6	0.317768
759.8	0.317281
760	0.316795
760.2	0.316309
760.4	0.315825
760.6	0.315342
760.8	0.314859
761	0.314378
761.2	0.313897
761.4	0.313418
761.6	0.312939
761.8	0.312462
762	0.311985
762.2	0.311509
762.4	0.311034
762.6	0.31056
762.8	0.310087
763	0.309615
763.2	0.309144
763.4	0.308674
763.6	0.308204
763.8	0.307736
764	0.307268
764.2	0.306802
764.4	0.306336
764.6	0.305871
764.8	0.305407
765	0.304944
765.2	0.304482
765.4	0.304021
765.6	0.303561
765.8	0.303101
766	0.302643
766.2	0.302185
766.4	0.301728
766.6	0.301273
766.8	0.300818
767	0.300364
767.2	0.29991
767.4	0.299458
767.6	0.299007
767.8	0.298556
768	0.298106
768.2	0.297658
768.4	0.29721
768.6	0.296763
768.8	0.296316
769	0.295871
769.2	0.295426
769.4	0.294983
769.6	0.29454
769.8	0.294098
770	0.293657
770.2	0.293217
770.4	0.292777
770.6	0.292339
770.8	0.291901
771	0.291464
771.2	0.291028
771.4	0.290593
771.6	0.290159
771.8	0.289725
772	0.289293
772.2	0.288861
772.4	0.28843
772.6	0.288
772.8	0.28757
773	0.287142
773.2	0.286714
773.4	0.286287
773.6	0.285861
773.8	0.285436
774	0.285011
774.2	0.284588
774.4	0.284165
774.6	0.283743
774.8	0.283322
775	0.282901
775.2	0.282482
775.4	0.282063
775.6	0.281645
775.8	0.281228
776	0.280811
776.2	0.280396
776.4	0.279981
776.6	0.279567
776.8	0.279153
777	0.278741
777.2	0.278329
777.4	0.277918
777.6	0.277508
777.8	0.277099
778	0.27669
778.2	0.276282
778.4	0.275875
778.6	0.275469
778.8	0.275064
779	0.274659
779.2	0.274255
779.4	0.273852
779.6	0.273449
779.8	0.273048
780	0.272647
780.2	0.272247
780.4	0.271847
780.6	0.271449
780.8	0.271051
781	0.270654
781.2	0.270257
781.4	0.269862
781.6	0.269467
781.8	0.269073
782	0.268679
782.2	0.268286
782.4	0.267895
782.6	0.267503
782.8	0.267113
783	0.266723
783.2	0.266334
783.4	0.265946
783.6	0.265558
783.8	0.265172
784	0.264785
784.2	0.2644
784.4	0.264015
784.6	0.263631
784.8	0.263248
785	0.262866
785.2	0.262484
785.4	0.262103
785.6	0.261723
785.8	0.261343
786	0.260964
786.2	0.260586
786.4	0.260208
786.6	0.259831
786.8	0.259455
787	0.25908
787.2	0.258705
787.4	0.258331
787.6	0.257958
787.8	0.257585
788	0.257213
788.2	0.256842
788.4	0.256472
788.6	0.256102
788.8	0.255733
789	0.255364
789.2	0.254996
789.4	0.254629
789.6	0.254263
789.8	0.253897
790	0.253532
790.2	0.253167
790.4	0.252804
790.6	0.252441
790.8	0.252078
791	0.251716
791.2	0.251355
791.4	0.250995
791.6	0.250635
791.8	0.250276
792	0.249918
792.2	0.24956
792.4	0.249203
792.6	0.248847
792.8	0.248491
793	0.248136
793.2	0.247781
793.4	0.247427
793.6	0.247074
793.8	0.246722
794	0.24637
794.2	0.246019
794.4	0.245668
794.6	0.245318
794.8	0.244969
795	0.24462
795.2	0.244272
795.4	0.243925
795.6	0.243578
795.8	0.243232
796	0.242886
796.2	0.242542
796.4	0.242197
796.6	0.241854
796.8	0.241511
797	0.241169
797.2	0.240827
797.4	0.240486
797.6	0.240145
797.8	0.239806
798	0.239466
798.2	0.239128
798.4	0.23879
798.6	0.238452
798.8	0.238116
799	0.23778
799.2	0.237444
799.4	0.237109
799.6	0.236775
799.8	0.236441
800	0.236108
800.2	0.235776
800.4	0.235444
800.6	0.235112
800.8	0.234782
801	0.234452
801.2	0.234122
801.4	0.233793
801.6	0.233465
801.8	0.233137
802	0.23281
802.2	0.232484
802.4	0.232158
802.6	0.231833
802.8	0.231508
803	0.231184
803.2	0.23086
803.4	0.230537
803.6	0.230215
803.8	0.229893
804	0.229572
804.2	0.229251
804.4	0.228931
804.6	0.228611
804.8	0.228292
805	0.227974
805.2	0.227656
805.4	0.227339
805.6	0.227022
805.8	0.226706
806	0.226391
806.2	0.226076
806.4	0.225762
806.6	0.225448
806.8	0.225135
807	0.224822
807.2	0.22451
807.4	0.224198
807.6	0.223887
807.8	0.223577
808	0.223267
808.2	0.222957
808.4	0.222649
808.6	0.22234
808.8	0.222033
809	0.221726
809.2	0.221419
809.4	0.221113
809.6	0.220808
809.8	0.220503
810	0.220198
810.2	0.219894
810.4	0.219591
810.6	0.219288
810.8	0.218986
811	0.218684
811.2	0.218383
811.4	0.218082
811.6	0.217782
811.8	0.217483
812	0.217184
812.2	0.216885
812.4	0.216587
812.6	0.21629
812.8	0.215993
813	0.215697
813.2	0.215401
813.4	0.215105
813.6	0.214811
813.8	0.214516
814	0.214223
814.2	0.213929
814.4	0.213637
814.6	0.213344
814.8	0.213053
815	0.212762
815.2	0.212471
815.4	0.212181
815.6	0.211891
815.8	0.211602
816	0.211313
816.2	0.211025
816.4	0.210738
816.6	0.210451
816.8	0.210164
817	0.209878
817.2	0.209592
817.4	0.209307
817.6	0.209023
817.8	0.208739
818	0.208455
818.2	0.208172
818.4	0.207889
818.6	0.207607
818.8	0.207326
819	0.207045
819.2	0.206764
819.4	0.206484
819.6	0.206204
819.8	0.205925
820	0.205647
820.2	0.205369
820.4	0.205091
820.6	0.204814
820.8	0.204537
821	0.204261
821.2	0.203985
821.4	0.20371
821.6	0.203435
821.8	0.203161
822	0.202887
822.2	0.202614
822.4	0.202341
822.6	0.202069
822.8	0.201797
823	0.201525
823.2	0.201254
823.4	0.200984
823.6	0.200714
823.8	0.200444
824	0.200175
824.2	0.199907
824.4	0.199639
824.6	0.199371
824.8	0.199104
825	0.198837
825.2	0.198571
825.4	0.198305
825.6	0.19804
825.8	0.197775
826	0.197511
826.2	0.197247
826.4	0.196983
826.6	0.19672
826.8	0.196457
827	0.196195
827.2	0.195934
827.4	0.195672
827.6	0.195412
827.8	0.195151
828	0.194892
828.2	0.194632
828.4	0.194373
828.6	0.194115
828.8	0.193857
829	0.193599
829.2	0.193342
829.4	0.193085
829.6	0.192829
829.8	0.192573
830	0.192318
830.2	0.192063
830.4	0.191808
830.6	0.191554
830.8	0.1913
831	0.191047
831.2	0.190794
831.4	0.190542
831.6	0.19029
831.8	0.190039
832	0.189788
832.2	0.189537
832.4	0.189287
832.6	0.189037
832.8	0.188788
833	0.188539
833.2	0.18829
833.4	0.188042
833.6	0.187795
833.8	0.187548
834	0.187301
834.2	0.187055
834.4	0.186809
834.6	0.186563
834.8	0.186318
835	0.186073
835.2	0.185829
835.4	0.185585
835.6	0.185342
835.8	0.185099
836	0.184856
836.2	0.184614
836.4	0.184373
836.6	0.184131
836.8	0.18389
837	0.18365
837.2	0.18341
837.4	0.18317
837.6	0.182931
837.8	0.182692
838	0.182453
838.2	0.182215
838.4	0.181978
838.6	0.181741
838.8	0.181504
839	0.181267
839.2	0.181031
839.4	0.180796
839.6	0.18056
839.8	0.180326
840	0.180091
840.2	0.179857
840.4	0.179623
840.6	0.17939
840.8	0.179157
841	0.178925
841.2	0.178693
841.4	0.178461
841.6	0.17823
841.8	0.177999
842	0.177769
842.2	0.177539
842.4	0.177309
842.6	0.17708
842.8	0.176851
843	0.176622
843.2	0.176394
843.4	0.176166
843.6	0.175939
843.8	0.175712
844	0.175485
844.2	0.175259
844.4	0.175033
844.6	0.174808
844.8	0.174583
845	0.174358
845.2	0.174134
845.4	0.17391
845.6	0.173686
845.8	0.173463
846	0.17324
846.2	0.173018
846.4	0.172796
846.6	0.172574
846.8	0.172353
847	0.172132
847.2	0.171911
847.4	0.171691
847.6	0.171471
847.8	0.171252
848	0.171032
848.2	0.170814
848.4	0.170595
848.6	0.170377
848.8	0.17016
849	0.169943
849.2	0.169726
849.4	0.169509
849.6	0.169293
849.8	0.169077
850	0.168862
850.2	0.168647
850.4	0.168432
850.6	0.168218
850.8	0.168004
851	0.16779
851.2	0.167577
851.4	0.167364
851.6	0.167151
851.8	0.166939
852	0.166727
852.2	0.166515
852.4	0.166304
852.6	0.166094
852.8	0.165883
853	0.165673
853.2	0.165463
853.4	0.165254
853.6	0.165045
853.8	0.164836
854	0.164628
854.2	0.16442
854.4	0.164212
854.6	0.164005
854.8	0.163798
855	0.163591
855.2	0.163385
855.4	0.163179
855.6	0.162973
855.8	0.162768
856	0.162563
856.2	0.162359
856.4	0.162154
856.6	0.161951
856.8	0.161747
857	0.161544
857.2	0.161341
857.4	0.161138
857.6	0.160936
857.8	0.160734
858	0.160533
858.2	0.160332
858.4	0.160131
858.6	0.15993
858.8	0.15973
859	0.15953
859.2	0.159331
859.4	0.159131
859.6	0.158932
859.8	0.158734
860	0.158536
860.2	0.158338
860.4	0.15814
860.6	0.157943
860.8	0.157746
861	0.15755
861.2	0.157353
861.4	0.157157
861.6	0.156962
861.8	0.156766
862	0.156571
862.2	0.156377
862.4	0.156182
862.6	0.155988
862.8	0.155795
863	0.155601
863.2	0.155408
863.4	0.155216
863.6	0.155023
863.8	0.154831
864	0.154639
864.2	0.154448
864.4	0.154257
864.6	0.154066
864.8	0.153875
865	0.153685
865.2	0.153495
865.4	0.153306
865.6	0.153116
865.8	0.152927
866	0.152739
866.2	0.15255
866.4	0.152362
866.6	0.152175
866.8	0.151987
867	0.1518
867.2	0.151613
867.4	0.151427
867.6	0.151241
867.8	0.151055
868	0.150869
868.2	0.150684
868.4	0.150499
868.6	0.150314
868.8	0.15013
869	0.149946
869.2	0.149762
869.4	0.149579
869.6	0.149395
869.8	0.149213
870	0.14903
870.2	0.148848
870.4	0.148666
870.6	0.148484
870.8	0.148303
871	0.148122
871.2	0.147941
871.4	0.14776
871.6	0.14758
871.8	0.1474
872	0.147221
872.2	0.147041
872.4	0.146862
872.6	0.146684
872.8	0.146505
873	0.146327
873.2	0.146149
873.4	0.145972
873.6	0.145794
873.8	0.145617
874	0.145441
874.2	0.145264
874.4	0.145088
874.6	0.144912
874.8	0.144737
875	0.144561
875.2	0.144386
875.4	0.144212
875.6	0.144037
875.8	0.143863
876	0.143689
876.2	0.143516
876.4	0.143342
876.6	0.143169
876.8	0.142997
877	0.142824
877.2	0.142652
877.4	0.14248
877.6	0.142309
877.8	0.142137
878	0.141966
878.2	0.141795
878.4	0.141625
878.6	0.141455
878.8	0.141285
879	0.141115
879.2	0.140946
879.4	0.140776
879.6	0.140608
879.8	0.140439
880	0.140271
880.2	0.140103
880.4	0.139935
880.6	0.139767
880.8	0.1396
881	0.139433
881.2	0.139266
881.4	0.1391
881.6	0.138934
881.8	0.138768
882	0.138602
882.2	0.138437
882.4	0.138272
882.6	0.138107
882.8	0.137943
883	0.137778
883.2	0.137614
883.4	0.137451
883.6	0.137287
883.8	0.137124
884	0.136961
884.2	0.136798
884.4	0.136636
884.6	0.136473
884.8	0.136312
885	0.13615
885.2	0.135988
885.4	0.135827
885.6	0.135666
885.8	0.135506
886	0.135345
886.2	0.135185
886.4	0.135025
886.6	0.134866
886.8	0.134707
887	0.134547
887.2	0.134389
887.4	0.13423
887.6	0.134072
887.8	0.133914
888	0.133756
888.2	0.133598
888.4	0.133441
888.6	0.133284
888.8	0.133127
889	0.13297
889.2	0.132814
889.4	0.132658
889.6	0.132502
889.8	0.132347
890	0.132191
890.2	0.132036
890.4	0.131882
890.6	0.131727
890.8	0.131573
891	0.131419
891.2	0.131265
891.4	0.131111
891.6	0.130958
891.8	0.130805
892	0.130652
892.2	0.130499
892.4	0.130347
892.6	0.130195
892.8	0.130043
893	0.129891
893.2	0.12974
893.4	0.129589
893.6	0.129438
893.8	0.129287
894	0.129137
894.2	0.128986
894.4	0.128837
894.6	0.128687
894.8	0.128537
895	0.128388
895.2	0.128239
895.4	0.12809
895.6	0.127942
895.8	0.127794
896	0.127645
896.2	0.127498
896.4	0.12735
896.6	0.127203
896.8	0.127056
897	0.126909
897.2	0.126762
897.4	0.126616
897.6	0.126469
897.8	0.126323
898	0.126178
898.2	0.126032
898.4	0.125887
898.6	0.125742
898.8	0.125597
899	0.125453
899.2	0.125308
899.4	0.125164
899.6	0.12502
899.8	0.124876
900	0.124733
900.2	0.12459
900.4	0.124447
900.6	0.124304
900.8	0.124162
901	0.124019
901.2	0.123877
901.4	0.123735
901.6	0.123594
901.8	0.123452
902	0.123311
902.2	0.12317
902.4	0.123029
902.6	0.122889
902.8	0.122749
903	0.122608
903.2	0.122469
903.4	0.122329
903.6	0.12219
903.8	0.12205
904	0.121911
904.2	0.121773
904.4	0.121634
904.6	0.121496
904.8	0.121358
905	0.12122
905.2	0.121082
905.4	0.120945
905.6	0.120807
905.8	0.12067
906	0.120534
906.2	0.120397
906.4	0.120261
906.6	0.120125
906.8	0.119989
907	0.119853
907.2	0.119717
907.4	0.119582
907.6	0.119447
907.8	0.119312
908	0.119177
908.2	0.119043
908.4	0.118909
908.6	0.118775
908.8	0.118641
909	0.118507
909.2	0.118374
909.4	0.118241
909.6	0.118108
909.8	0.117975
910	0.117842
910.2	0.11771
910.4	0.117578
910.6	0.117446
910.8	0.117314
911	0.117183
911.2	0.117051
911.4	0.11692
911.6	0.116789
911.8	0.116658
912	0.116528
912.2	0.116398
912.4	0.116268
912.6	0.116138
912.8	0.116008
913	0.115878
913.2	0.115749
913.4	0.11562
913.6	0.115491
913.8	0.115362
914	0.115234
914.2	0.115106
914.4	0.114978
914.6	0.11485
914.8	0.114722
915	0.114595
915.2	0.114467
915.4	0.11434
915.6	0.114213
915.8	0.114087
916	0.11396
916.2	0.113834
916.4	0.113708
916.6	0.113582
916.8	0.113456
917	0.113331
917.2	0.113205
917.4	0.11308
917.6	0.112955
917.8	0.11283
918	0.112706
918.2	0.112582
918.4	0.112457
918.6	0.112334
918.8	0.11221
919	0.112086
919.2	0.111963
919.4	0.11184
919.6	0.111717
919.8	0.111594
920	0.111471
920.2	0.111349
920.4	0.111227
920.6	0.111104
920.8	0.110983
921	0.110861
921.2	0.110739
921.4	0.110618
921.6	0.110497
921.8	0.110376
922	0.110255
922.2	0.110135
922.4	0.110015
922.6	0.109894
922.8	0.109774
923	0.109655
923.2	0.109535
923.4	0.109416
923.6	0.109296
923.8	0.109177
924	0.109058
924.2	0.10894
924.4	0.108821
924.6	0.108703
924.8	0.108585
925	0.108467
925.2	0.108349
925.4	0.108231
925.6	0.108114
925.8	0.107997
926	0.10788
926.2	0.107763
926.4	0.107646
926.6	0.10753
926.8	0.107413
927	0.107297
927.2	0.107181
927.4	0.107066
927.6	0.10695
927.8	0.106834
928	0.106719
928.2	0.106604
928.4	0.106489
928.6	0.106375
928.8	0.10626
929	0.106146
929.2	0.106031
929.4	0.105917
929.6	0.105804
929.8	0.10569
930	0.105576
930.2	0.105463
930.4	0.10535
930.6	0.105237
930.8	0.105124
931	0.105012
931.2	0.104899
931.4	0.104787
931.6	0.104675
931.8	0.104563
932	0.104451
932.2	0.10434
932.4	0.104228
932.6	0.104117
932.8	0.104006
933	0.103895
933.2	0.103784
933.4	0.103674
933.6	0.103563
933.8	0.103453
934	0.103343
934.2	0.103233
934.4	0.103124
934.6	0.103014
934.8	0.102905
935	0.102795
935.2	0.102686
935.4	0.102578
935.6	0.102469
935.8	0.10236
936	0.102252
936.2	0.102144
936.4	0.102036
936.6	0.101928
936.8	0.10182
937	0.101713
937.2	0.101605
937.4	0.101498
937.6	0.101391
937.8	0.101284
938	0.101177
938.2	0.101071
938.4	0.100964
938.6	0.100858
938.8	0.100752
939	0.100646
939.2	0.10054
939.4	0.100435
939.6	0.100329
939.8	0.100224
940	0.100119
940.2	0.100014
940.4	0.0999094
940.6	0.0998048
940.8	0.0997003
941	0.099596
941.2	0.0994919
941.4	0.0993879
941.6	0.0992841
941.8	0.0991805
942	0.0990769
942.2	0.0989736
942.4	0.0988704
942.6	0.0987674
942.8	0.0986645
943	0.0985618
943.2	0.0984592
943.4	0.0983568
943.6	0.0982546
943.8	0.0981525
944	0.0980506
944.2	0.0979488
944.4	0.0978472
944.6	0.0977457
944.8	0.0976444
945	0.0975432
945.2	0.0974422
945.4	0.0973414
945.6	0.0972407
945.8	0.0971401
946	0.0970397
946.2	0.0969395
946.4	0.0968394
946.6	0.0967395
946.8	0.0966397
947	0.0965401
947.2	0.0964406
947.4	0.0963412
947.6	0.0962421
947.8	0.096143
948	0.0960442
948.2	0.0959454
948.4	0.0958469
948.6	0.0957484
948.8	0.0956502
949	0.095552
949.2	0.0954541
949.4	0.0953562
949.6	0.0952585
949.8	0.095161
950	0.0950636
950.2	0.0949664
950.4	0.0948693
950.6	0.0947724
950.8	0.0946756
951	0.0945789
951.2	0.0944824
951.4	0.0943861
951.6	0.0942898
951.8	0.0941938
952	0.0940979
952.2	0.0940021
952.4	0.0939065
952.6	0.093811
952.8	0.0937156
953	0.0936205
953.2	0.0935254
953.4	0.0934305
953.6	0.0933357
953.8	0.0932411
954	0.0931466
954.2	0.0930523
954.4	0.0929581
954.6	0.0928641
954.8	0.0927702
955	0.0926764
955.2	0.0925828
955.4	0.0924893
955.6	0.092396
955.8	0.0923028
956	0.0922097
956.2	0.0921168
956.4	0.092024
956.6	0.0919314
956.8	0.0918389
957	0.0917466
957.2	0.0916543
957.4	0.0915623
957.6	0.0914703
957.8	0.0913785
958	0.0912869
958.2	0.0911953
958.4	0.091104
958.6	0.0910127
958.8	0.0909216
959	0.0908306
959.2	0.0907398
959.4	0.0906491
959.6	0.0905586
959.8	0.0904681
960	0.0903778
960.2	0.0902877
960.4	0.0901977
960.6	0.0901078
960.8	0.0900181
961	0.0899284
961.2	0.089839
961.4	0.0897496
961.6	0.0896604
961.8	0.0895714
962	0.0894824
962.2	0.0893936
962.4	0.089305
962.6	0.0892164
962.8	0.089128
963	0.0890398
963.2	0.0889516
963.4	0.0888636
963.6	0.0887757
963.8	0.088688
964	0.0886004
964.2	0.0885129
964.4	0.0884256
964.6	0.0883384
964.8	0.0882513
965	0.0881643
965.2	0.0880775
965.4	0.0879908
965.6	0.0879043
965.8	0.0878178
966	0.0877315
966.2	0.0876454
966.4	0.0875593
966.6	0.0874734
966.8	0.0873876
967	0.087302
967.2	0.0872165
967.4	0.0871311
967.6	0.0870458
967.8	0.0869607
968	0.0868756
968.2	0.0867908
968.4	0.086706
968.6	0.0866214
968.8	0.0865369
969	0.0864525
969.2	0.0863682
969.4	0.0862841
969.6	0.0862001
969.8	0.0861163
970	0.0860325
970.2	0.0859489
970.4	0.0858654
970.6	0.085782
970.8	0.0856988
971	0.0856156
971.2	0.0855327
971.4	0.0854498
971.6	0.085367
971.8	0.0852844
972	0.0852019
972.2	0.0851195
972.4	0.0850373
972.6	0.0849551
972.8	0.0848731
973	0.0847913
973.2	0.0847095
973.4	0.0846278
973.6	0.0845463
973.8	0.0844649
974	0.0843837
974.2	0.0843025
974.4	0.0842215
974.6	0.0841406
974.8	0.0840598
975	0.0839791
975.2	0.0838985
975.4	0.0838181
975.6	0.0837378
975.8	0.0836576
976	0.0835775
976.2	0.0834976
976.4	0.0834178
976.6	0.083338
976.8	0.0832585
977	0.083179
977.2	0.0830996
977.4	0.0830204
977.6	0.0829413
977.8	0.0828623
978	0.0827834
978.2	0.0827046
978.4	0.082626
978.6	0.0825474
978.8	0.082469
979	0.0823907
979.2	0.0823125
979.4	0.0822345
979.6	0.0821565
979.8	0.0820787
980	0.082001
980.2	0.0819234
980.4	0.0818459
980.6	0.0817685
980.8	0.0816913
981	0.0816141
981.2	0.0815371
981.4	0.0814602
981.6	0.0813834
981.8	0.0813067
982	0.0812302
982.2	0.0811537
982.4	0.0810774
982.6	0.0810011
982.8	0.080925
983	0.080849
983.2	0.0807731
983.4	0.0806974
983.6	0.0806217
983.8	0.0805462
984	0.0804707
984.2	0.0803954
984.4	0.0803202
984.6	0.0802451
984.8	0.0801701
985	0.0800952
985.2	0.0800205
985.4	0.0799458
985.6	0.0798713
985.8	0.0797968
986	0.0797225
986.2	0.0796483
986.4	0.0795742
986.6	0.0795002
986.8	0.0794263
987	0.0793525
987.2	0.0792789
987.4	0.0792053
987.6	0.0791319
987.8	0.0790585
988	0.0789853
988.2	0.0789122
988.4	0.0788392
988.6	0.0787663
988.8	0.0786935
989	0.0786208
989.2	0.0785482
989.4	0.0784757
989.6	0.0784034
989.8	0.0783311
990	0.078259
990.2	0.0781869
990.4	0.078115
990.6	0.0780432
990.8	0.0779714
991	0.0778998
991.2	0.0778283
991.4	0.0777569
991.6	0.0776856
991.8	0.0776144
992	0.0775433
992.2	0.0774723
992.4	0.0774014
992.6	0.0773307
992.8	0.07726
993	0.0771894
993.2	0.077119
993.4	0.0770486
993.6	0.0769784
993.8	0.0769082
994	0.0768382
994.2	0.0767682
994.4	0.0766984
994.6	0.0766287
994.8	0.076559
995	0.0764895
995.2	0.0764201
995.4	0.0763508
995.6	0.0762815
995.8	0.0762124
996	0.0761434
996.2	0.0760745
996.4	0.0760057
996.6	0.075937
996.8	0.0758683
997	0.0757998
997.2	0.0757314
997.4	0.0756631
997.6	0.0755949
997.8	0.0755268
998	0.0754588
998.2	0.0753909
998.4	0.0753231
998.6	0.0752554
998.8	0.0751878
999	0.0751203
999.2	0.0750529
999.4	0.0749856
999.6	0.0749184
999.8	0.0748513
1000	0.0747842
