label:PY[0].soma.v(0.5)
5001
0	-70
0.2	-70
0.4	-70
0.6	-70.0001
0.8	-70.0001
1	-70.0002
1.2	-70.0002
1.4	-70.0003
1.6	-70.0004
1.8	-70.0006
2	-70.0007
2.2	-70.0008
2.4	-70.001
2.6	-70.0012
2.8	-70.0013
3	-70.0015
3.2	-70.0017
3.4	-70.0019
3.6	-70.0022
3.8	-70.0024
4	-70.0026
4.2	-70.0029
4.4	-70.0032
4.6	-70.0034
4.8	-70.0037
5	-70.004
5.2	-70.0043
5.4	-70.0046
5.6	-70.0049
5.8	-70.0053
6	-70.0056
6.2	-70.006
6.4	-70.0063
6.6	-70.0067
6.8	-70.007
7	-70.0074
7.2	-70.0078
7.4	-70.0082
7.6	-70.0086
7.8	-70.009
8	-70.0094
8.2	-70.0098
8.4	-70.0102
8.6	-70.0107
8.8	-70.0111
9	-70.0115
9.2	-70.012
9.4	-70.0124
9.6	-70.0129
9.8	-70.0134
10	-70.0138
10.2	-70.0143
10.4	-70.0148
10.6	-70.0153
10.8	-70.0158
11	-70.0163
11.2	-70.0167
11.4	-70.0173
11.6	-70.0178
11.8	-70.0183
12	-70.0188
12.2	-70.0193
12.4	-70.0198
12.6	-70.0204
12.8	-70.0209
13	-70.0214
13.2	-70.022
13.4	-70.0225
13.6	-70.023
13.8	-70.0236
14	-70.0241
14.2	-70.0247
14.4	-70.0253
14.6	-70.0258
14.8	-70.0264
15	-70.0269
15.2	-70.0275
15.4	-70.0281
15.6	-70.0287
15.8	-70.0292
16	-70.0298
16.2	-70.0304
16.4	-70.031
16.6	-70.0316
16.8	-70.0322
17	-70.0327
17.2	-70.0333
17.4	-70.0339
17.6	-70.0345
17.8	-70.0351
18	-70.0357
18.2	-70.0363
18.4	-70.0369
18.6	-70.0375
18.8	-70.0381
19	-70.0388
19.2	-70.0394
19.4	-70.04
19.6	-70.0406
19.8	-70.0412
20	-70.0418
20.2	-70.0424
20.4	-70.0431
20.6	-70.0437
20.8	-70.0443
21	-70.0449
21.2	-70.0455
21.4	-70.0462
21.6	-70.0468
21.8	-70.0474
22	-70.048
22.2	-70.0487
22.4	-70.0493
22.6	-70.0499
22.8	-70.0506
23	-70.0512
23.2	-70.0518
23.4	-70.0525
23.6	-70.0531
23.8	-70.0537
24	-70.0544
24.2	-70.055
24.4	-70.0556
24.6	-70.0563
24.8	-70.0569
25	-70.0576
25.2	-70.0582
25.4	-70.0588
25.6	-70.0595
25.8	-70.0601
26	-70.0607
26.2	-70.0614
26.4	-70.062
26.6	-70.0627
26.8	-70.0633
27	-70.0639
27.2	-70.0646
27.4	-70.0652
27.6	-70.0659
27.8	-70.0665
28	-70.0672
28.2	-70.0678
28.4	-70.0684
28.6	-70.0691
28.8	-70.0697
29	-70.0704
29.2	-70.071
29.4	-70.0716
29.6	-70.0723
29.8	-70.0729
30	-70.0736
30.2	-70.0742
30.4	-70.0749
30.6	-70.0755
30.8	-70.0761
31	-70.0768
31.2	-70.0774
31.4	-70.0781
31.6	-70.0787
31.8	-70.0793
32	-70.08
32.2	-70.0806
32.4	-70.0813
32.6	-70.0819
32.8	-70.0825
33	-70.0832
33.2	-70.0838
33.4	-70.0844
33.6	-70.0851
33.8	-70.0857
34	-70.0864
34.2	-70.087
34.4	-70.0876
34.6	-70.0883
34.8	-70.0889
35	-70.0895
35.2	-70.0902
35.4	-70.0908
35.6	-70.0914
35.8	-70.0921
36	-70.0927
36.2	-70.0933
36.4	-70.094
36.6	-70.0946
36.8	-70.0952
37	-70.0959
37.2	-70.0965
37.4	-70.0971
37.6	-70.0978
37.8	-70.0984
38	-70.099
38.2	-70.0997
38.4	-70.1003
38.6	-70.1009
38.8	-70.1015
39	-70.1022
39.2	-70.1028
39.4	-70.1034
39.6	-70.104
39.8	-70.1047
40	-70.1053
40.2	-70.1059
40.4	-70.1065
40.6	-70.1072
40.8	-70.1078
41	-70.1084
41.2	-70.109
41.4	-70.1096
41.6	-70.1103
41.8	-70.1109
42	-70.1115
42.2	-70.1121
42.4	-70.1127
42.6	-70.1133
42.8	-70.114
43	-70.1146
43.2	-70.1152
43.4	-70.1158
43.6	-70.1164
43.8	-70.117
44	-70.1176
44.2	-70.1182
44.4	-70.1189
44.6	-70.1195
44.8	-70.1201
45	-70.1207
45.2	-70.1213
45.4	-70.1219
45.6	-70.1225
45.8	-70.1231
46	-70.1237
46.2	-70.1243
46.4	-70.1249
46.6	-70.1255
46.8	-70.1261
47	-70.1267
47.2	-70.1273
47.4	-70.1279
47.6	-70.1285
47.8	-70.1291
48	-70.1297
48.2	-70.1303
48.4	-70.1309
48.6	-70.1315
48.8	-70.1321
49	-70.1327
49.2	-70.1333
49.4	-70.1339
49.6	-70.1345
49.8	-70.1351
50	-70.1357
50.2	-70.1363
50.4	-70.1369
50.6	-70.1374
50.8	-70.138
51	-70.1386
51.2	-70.1392
51.4	-70.1398
51.6	-70.1404
51.8	-70.141
52	-70.1415
52.2	-70.1421
52.4	-70.1427
52.6	-70.1433
52.8	-70.1439
53	-70.1445
53.2	-70.145
53.4	-70.1456
53.6	-70.1462
53.8	-70.1468
54	-70.1474
54.2	-70.1479
54.4	-70.1485
54.6	-70.1491
54.8	-70.1497
55	-70.1502
55.2	-70.1508
55.4	-70.1514
55.6	-70.1519
55.8	-70.1525
56	-70.1531
56.2	-70.1537
56.4	-70.1542
56.6	-70.1548
56.8	-70.1554
57	-70.1559
57.2	-70.1565
57.4	-70.1571
57.6	-70.1576
57.8	-70.1582
58	-70.1587
58.2	-70.1593
58.4	-70.1599
58.6	-70.1604
58.8	-70.161
59	-70.1616
59.2	-70.1621
59.4	-70.1627
59.6	-70.1632
59.8	-70.1638
60	-70.1643
60.2	-70.1649
60.4	-70.1654
60.6	-70.166
60.8	-70.1665
61	-70.1671
61.2	-70.1677
61.4	-70.1682
61.6	-70.1688
61.8	-70.1693
62	-70.1699
62.2	-70.1704
62.4	-70.1709
62.6	-70.1715
62.8	-70.172
63	-70.1726
63.2	-70.1731
63.4	-70.1737
63.6	-70.1742
63.8	-70.1748
64	-70.1753
64.2	-70.1758
64.4	-70.1764
64.6	-70.1769
64.8	-70.1775
65	-70.178
65.2	-70.1785
65.4	-70.1791
65.6	-70.1796
65.8	-70.1801
66	-70.1807
66.2	-70.1812
66.4	-70.1817
66.6	-70.1823
66.8	-70.1828
67	-70.1833
67.2	-70.1839
67.4	-70.1844
67.6	-70.1849
67.8	-70.1854
68	-70.186
68.2	-70.1865
68.4	-70.187
68.6	-70.1876
68.8	-70.1881
69	-70.1886
69.2	-70.1891
69.4	-70.1896
69.6	-70.1902
69.8	-70.1907
70	-70.1912
70.2	-70.1917
70.4	-70.1922
70.6	-70.1928
70.8	-70.1933
71	-70.1938
71.2	-70.1943
71.4	-70.1948
71.6	-70.1953
71.8	-70.1959
72	-70.1964
72.2	-70.1969
72.4	-70.1974
72.6	-70.1979
72.8	-70.1984
73	-70.1989
73.2	-70.1994
73.4	-70.1999
73.6	-70.2005
73.8	-70.201
74	-70.2015
74.2	-70.202
74.4	-70.2025
74.6	-70.203
74.8	-70.2035
75	-70.204
75.2	-70.2045
75.4	-70.205
75.6	-70.2055
75.8	-70.206
76	-70.2065
76.2	-70.207
76.4	-70.2075
76.6	-70.208
76.8	-70.2085
77	-70.209
77.2	-70.2095
77.4	-70.21
77.6	-70.2105
77.8	-70.211
78	-70.2114
78.2	-70.2119
78.4	-70.2124
78.6	-70.2129
78.8	-70.2134
79	-70.2139
79.2	-70.2144
79.4	-70.2149
79.6	-70.2154
79.8	-70.2159
80	-70.2163
80.2	-70.2168
80.4	-70.2173
80.6	-70.2178
80.8	-70.2183
81	-70.2188
81.2	-70.2192
81.4	-70.2197
81.6	-70.2202
81.8	-70.2207
82	-70.2212
82.2	-70.2216
82.4	-70.2221
82.6	-70.2226
82.8	-70.2231
83	-70.2236
83.2	-70.224
83.4	-70.2245
83.6	-70.225
83.8	-70.2255
84	-70.2259
84.2	-70.2264
84.4	-70.2269
84.6	-70.2273
84.8	-70.2278
85	-70.2283
85.2	-70.2288
85.4	-70.2292
85.6	-70.2297
85.8	-70.2302
86	-70.2306
86.2	-70.2311
86.4	-70.2316
86.6	-70.232
86.8	-70.2325
87	-70.2329
87.2	-70.2334
87.4	-70.2339
87.6	-70.2343
87.8	-70.2348
88	-70.2353
88.2	-70.2357
88.4	-70.2362
88.6	-70.2366
88.8	-70.2371
89	-70.2375
89.2	-70.238
89.4	-70.2385
89.6	-70.2389
89.8	-70.2394
90	-70.2398
90.2	-70.2403
90.4	-70.2407
90.6	-70.2412
90.8	-70.2416
91	-70.2421
91.2	-70.2425
91.4	-70.243
91.6	-70.2434
91.8	-70.2439
92	-70.2443
92.2	-70.2448
92.4	-70.2452
92.6	-70.2457
92.8	-70.2461
93	-70.2466
93.2	-70.247
93.4	-70.2475
93.6	-70.2479
93.8	-70.2483
94	-70.2488
94.2	-70.2492
94.4	-70.2497
94.6	-70.2501
94.8	-70.2505
95	-70.251
95.2	-70.2514
95.4	-70.2519
95.6	-70.2523
95.8	-70.2527
96	-70.2532
96.2	-70.2536
96.4	-70.254
96.6	-70.2545
96.8	-70.2549
97	-70.2553
97.2	-70.2558
97.4	-70.2562
97.6	-70.2566
97.8	-70.2571
98	-70.2575
98.2	-70.2579
98.4	-70.2584
98.6	-70.2588
98.8	-70.2592
99	-70.2596
99.2	-70.2601
99.4	-70.2605
99.6	-70.2609
99.8	-70.2613
100	-70.2618
100.2	-70.2622
100.4	-70.2626
100.6	-70.263
100.8	-70.2635
101	-70.2639
101.2	-70.2643
101.4	-70.2647
101.6	-70.2651
101.8	-70.2656
102	-70.266
102.2	-70.2664
102.4	-70.2668
102.6	-70.2672
102.8	-70.2676
103	-70.2681
103.2	-70.2685
103.4	-70.2689
103.6	-70.2693
103.8	-70.2697
104	-70.2701
104.2	-70.2705
104.4	-70.271
104.6	-70.2714
104.8	-70.2718
105	-70.2722
105.2	-70.2726
105.4	-70.273
105.6	-70.2734
105.8	-70.2738
106	-70.2742
106.2	-70.2746
106.4	-70.275
106.6	-70.2754
106.8	-70.2759
107	-70.2763
107.2	-70.2767
107.4	-70.2771
107.6	-70.2775
107.8	-70.2779
108	-70.2783
108.2	-70.2787
108.4	-70.2791
108.6	-70.2795
108.8	-70.2799
109	-70.2803
109.2	-70.2807
109.4	-70.2811
109.6	-70.2815
109.8	-70.2819
110	-70.2823
110.2	-70.2827
110.4	-70.2831
110.6	-70.2834
110.8	-70.2838
111	-70.2842
111.2	-70.2846
111.4	-70.285
111.6	-70.2854
111.8	-70.2858
112	-70.2862
112.2	-70.2866
112.4	-70.287
112.6	-70.2874
112.8	-70.2878
113	-70.2881
113.2	-70.2885
113.4	-70.2889
113.6	-70.2893
113.8	-70.2897
114	-70.2901
114.2	-70.2905
114.4	-70.2908
114.6	-70.2912
114.8	-70.2916
115	-70.292
115.2	-70.2924
115.4	-70.2928
115.6	-70.2931
115.8	-70.2935
116	-70.2939
116.2	-70.2943
116.4	-70.2947
116.6	-70.295
116.8	-70.2954
117	-70.2958
117.2	-70.2962
117.4	-70.2965
117.6	-70.2969
117.8	-70.2973
118	-70.2977
118.2	-70.298
118.4	-70.2984
118.6	-70.2988
118.8	-70.2992
119	-70.2995
119.2	-70.2999
119.4	-70.3003
119.6	-70.3007
119.8	-70.301
120	-70.3014
120.2	-70.3018
120.4	-70.3021
120.6	-70.3025
120.8	-70.3029
121	-70.3032
121.2	-70.3036
121.4	-70.304
121.6	-70.3043
121.8	-70.3047
122	-70.3051
122.2	-70.3054
122.4	-70.3058
122.6	-70.3062
122.8	-70.3065
123	-70.3069
123.2	-70.3072
123.4	-70.3076
123.6	-70.308
123.8	-70.3083
124	-70.3087
124.2	-70.309
124.4	-70.3094
124.6	-70.3098
124.8	-70.3101
125	-70.3105
125.2	-70.3108
125.4	-70.3112
125.6	-70.3115
125.8	-70.3119
126	-70.3123
126.2	-70.3126
126.4	-70.313
126.6	-70.3133
126.8	-70.3137
127	-70.314
127.2	-70.3144
127.4	-70.3147
127.6	-70.3151
127.8	-70.3154
128	-70.3158
128.2	-70.3161
128.4	-70.3165
128.6	-70.3168
128.8	-70.3172
129	-70.3175
129.2	-70.3179
129.4	-70.3182
129.6	-70.3186
129.8	-70.3189
130	-70.3193
130.2	-70.3196
130.4	-70.32
130.6	-70.3203
130.8	-70.3206
131	-70.321
131.2	-70.3213
131.4	-70.3217
131.6	-70.322
131.8	-70.3223
132	-70.3227
132.2	-70.323
132.4	-70.3234
132.6	-70.3237
132.8	-70.3241
133	-70.3244
133.2	-70.3247
133.4	-70.3251
133.6	-70.3254
133.8	-70.3257
134	-70.3261
134.2	-70.3264
134.4	-70.3267
134.6	-70.3271
134.8	-70.3274
135	-70.3277
135.2	-70.3281
135.4	-70.3284
135.6	-70.3287
135.8	-70.3291
136	-70.3294
136.2	-70.3297
136.4	-70.3301
136.6	-70.3304
136.8	-70.3307
137	-70.3311
137.2	-70.3314
137.4	-70.3317
137.6	-70.332
137.8	-70.3324
138	-70.3327
138.2	-70.333
138.4	-70.3334
138.6	-70.3337
138.8	-70.334
139	-70.3343
139.2	-70.3347
139.4	-70.335
139.6	-70.3353
139.8	-70.3356
140	-70.3359
140.2	-70.3363
140.4	-70.3366
140.6	-70.3369
140.8	-70.3372
141	-70.3376
141.2	-70.3379
141.4	-70.3382
141.6	-70.3385
141.8	-70.3388
142	-70.3391
142.2	-70.3395
142.4	-70.3398
142.6	-70.3401
142.8	-70.3404
143	-70.3407
143.2	-70.341
143.4	-70.3414
143.6	-70.3417
143.8	-70.342
144	-70.3423
144.2	-70.3426
144.4	-70.3429
144.6	-70.3432
144.8	-70.3436
145	-70.3439
145.2	-70.3442
145.4	-70.3445
145.6	-70.3448
145.8	-70.3451
146	-70.3454
146.2	-70.3457
146.4	-70.346
146.6	-70.3464
146.8	-70.3467
147	-70.347
147.2	-70.3473
147.4	-70.3476
147.6	-70.3479
147.8	-70.3482
148	-70.3485
148.2	-70.3488
148.4	-70.3491
148.6	-70.3494
148.8	-70.3497
149	-70.35
149.2	-70.3503
149.4	-70.3506
149.6	-70.3509
149.8	-70.3512
150	-70.3515
150.2	-70.3518
150.4	-70.3521
150.6	-70.3524
150.8	-70.3527
151	-70.353
151.2	-70.3533
151.4	-70.3536
151.6	-70.3539
151.8	-70.3542
152	-70.3545
152.2	-70.3548
152.4	-70.3551
152.6	-70.3554
152.8	-70.3557
153	-70.356
153.2	-70.3563
153.4	-70.3566
153.6	-70.3569
153.8	-70.3572
154	-70.3575
154.2	-70.3578
154.4	-70.3581
154.6	-70.3583
154.8	-70.3586
155	-70.3589
155.2	-70.3592
155.4	-70.3595
155.6	-70.3598
155.8	-70.3601
156	-70.3604
156.2	-70.3607
156.4	-70.361
156.6	-70.3612
156.8	-70.3615
157	-70.3618
157.2	-70.3621
157.4	-70.3624
157.6	-70.3627
157.8	-70.363
158	-70.3633
158.2	-70.3635
158.4	-70.3638
158.6	-70.3641
158.8	-70.3644
159	-70.3647
159.2	-70.365
159.4	-70.3652
159.6	-70.3655
159.8	-70.3658
160	-70.3661
160.2	-70.3664
160.4	-70.3666
160.6	-70.3669
160.8	-70.3672
161	-70.3675
161.2	-70.3678
161.4	-70.368
161.6	-70.3683
161.8	-70.3686
162	-70.3689
162.2	-70.3691
162.4	-70.3694
162.6	-70.3697
162.8	-70.37
163	-70.3703
163.2	-70.3705
163.4	-70.3708
163.6	-70.3711
163.8	-70.3714
164	-70.3716
164.2	-70.3719
164.4	-70.3722
164.6	-70.3724
164.8	-70.3727
165	-70.373
165.2	-70.3733
165.4	-70.3735
165.6	-70.3738
165.8	-70.3741
166	-70.3743
166.2	-70.3746
166.4	-70.3749
166.6	-70.3752
166.8	-70.3754
167	-70.3757
167.2	-70.376
167.4	-70.3762
167.6	-70.3765
167.8	-70.3768
168	-70.377
168.2	-70.3773
168.4	-70.3776
168.6	-70.3778
168.8	-70.3781
169	-70.3783
169.2	-70.3786
169.4	-70.3789
169.6	-70.3791
169.8	-70.3794
170	-70.3797
170.2	-70.3799
170.4	-70.3802
170.6	-70.3805
170.8	-70.3807
171	-70.381
171.2	-70.3812
171.4	-70.3815
171.6	-70.3818
171.8	-70.382
172	-70.3823
172.2	-70.3825
172.4	-70.3828
172.6	-70.383
172.8	-70.3833
173	-70.3836
173.2	-70.3838
173.4	-70.3841
173.6	-70.3843
173.8	-70.3846
174	-70.3848
174.2	-70.3851
174.4	-70.3854
174.6	-70.3856
174.8	-70.3859
175	-70.3861
175.2	-70.3864
175.4	-70.3866
175.6	-70.3869
175.8	-70.3871
176	-70.3874
176.2	-70.3876
176.4	-70.3879
176.6	-70.3881
176.8	-70.3884
177	-70.3886
177.2	-70.3889
177.4	-70.3891
177.6	-70.3894
177.8	-70.3896
178	-70.3899
178.2	-70.3901
178.4	-70.3904
178.6	-70.3906
178.8	-70.3909
179	-70.3911
179.2	-70.3914
179.4	-70.3916
179.6	-70.3919
179.8	-70.3921
180	-70.3924
180.2	-70.3926
180.4	-70.3928
180.6	-70.3931
180.8	-70.3933
181	-70.3936
181.2	-70.3938
181.4	-70.3941
181.6	-70.3943
181.8	-70.3945
182	-70.3948
182.2	-70.395
182.4	-70.3953
182.6	-70.3955
182.8	-70.3958
183	-70.396
183.2	-70.3962
183.4	-70.3965
183.6	-70.3967
183.8	-70.397
184	-70.3972
184.2	-70.3974
184.4	-70.3977
184.6	-70.3979
184.8	-70.3981
185	-70.3984
185.2	-70.3986
185.4	-70.3989
185.6	-70.3991
185.8	-70.3993
186	-70.3996
186.2	-70.3998
186.4	-70.4
186.6	-70.4003
186.8	-70.4005
187	-70.4007
187.2	-70.401
187.4	-70.4012
187.6	-70.4014
187.8	-70.4017
188	-70.4019
188.2	-70.4021
188.4	-70.4024
188.6	-70.4026
188.8	-70.4028
189	-70.4031
189.2	-70.4033
189.4	-70.4035
189.6	-70.4037
189.8	-70.404
190	-70.4042
190.2	-70.4044
190.4	-70.4047
190.6	-70.4049
190.8	-70.4051
191	-70.4053
191.2	-70.4056
191.4	-70.4058
191.6	-70.406
191.8	-70.4062
192	-70.4065
192.2	-70.4067
192.4	-70.4069
192.6	-70.4072
192.8	-70.4074
193	-70.4076
193.2	-70.4078
193.4	-70.4081
193.6	-70.4083
193.8	-70.4085
194	-70.4087
194.2	-70.4089
194.4	-70.4092
194.6	-70.4094
194.8	-70.4096
195	-70.4098
195.2	-70.4101
195.4	-70.4103
195.6	-70.4105
195.8	-70.4107
196	-70.4109
196.2	-70.4112
196.4	-70.4114
196.6	-70.4116
196.8	-70.4118
197	-70.412
197.2	-70.4122
197.4	-70.4125
197.6	-70.4127
197.8	-70.4129
198	-70.4131
198.2	-70.4133
198.4	-70.4136
198.6	-70.4138
198.8	-70.414
199	-70.4142
199.2	-70.4144
199.4	-70.4146
199.6	-70.4148
199.8	-70.4151
200	-70.4153
200.2	-70.4155
200.4	-70.4157
200.6	-70.4159
200.8	-70.4161
201	-70.4163
201.2	-70.4165
201.4	-70.4168
201.6	-70.417
201.8	-70.4172
202	-70.4174
202.2	-70.4176
202.4	-70.4178
202.6	-70.418
202.8	-70.4182
203	-70.4184
203.2	-70.4187
203.4	-70.4189
203.6	-70.4191
203.8	-70.4193
204	-70.4195
204.2	-70.4197
204.4	-70.4199
204.6	-70.4201
204.8	-70.4203
205	-70.4205
205.2	-70.4207
205.4	-70.4209
205.6	-70.4211
205.8	-70.4213
206	-70.4216
206.2	-70.4218
206.4	-70.422
206.6	-70.4222
206.8	-70.4224
207	-70.4226
207.2	-70.4228
207.4	-70.423
207.6	-70.4232
207.8	-70.4234
208	-70.4236
208.2	-70.4238
208.4	-70.424
208.6	-70.4242
208.8	-70.4244
209	-70.4246
209.2	-70.4248
209.4	-70.425
209.6	-70.4252
209.8	-70.4254
210	-70.4256
210.2	-70.4258
210.4	-70.426
210.6	-70.4262
210.8	-70.4264
211	-70.4266
211.2	-70.4268
211.4	-70.427
211.6	-70.4272
211.8	-70.4274
212	-70.4276
212.2	-70.4278
212.4	-70.428
212.6	-70.4282
212.8	-70.4284
213	-70.4286
213.2	-70.4288
213.4	-70.429
213.6	-70.4292
213.8	-70.4293
214	-70.4295
214.2	-70.4297
214.4	-70.4299
214.6	-70.4301
214.8	-70.4303
215	-70.4305
215.2	-70.4307
215.4	-70.4309
215.6	-70.4311
215.8	-70.4313
216	-70.4315
216.2	-70.4317
216.4	-70.4319
216.6	-70.432
216.8	-70.4322
217	-70.4324
217.2	-70.4326
217.4	-70.4328
217.6	-70.433
217.8	-70.4332
218	-70.4334
218.2	-70.4336
218.4	-70.4337
218.6	-70.4339
218.8	-70.4341
219	-70.4343
219.2	-70.4345
219.4	-70.4347
219.6	-70.4349
219.8	-70.4351
220	-70.4352
220.2	-70.4354
220.4	-70.4356
220.6	-70.4358
220.8	-70.436
221	-70.4362
221.2	-70.4364
221.4	-70.4365
221.6	-70.4367
221.8	-70.4369
222	-70.4371
222.2	-70.4373
222.4	-70.4375
222.6	-70.4377
222.8	-70.4378
223	-70.438
223.2	-70.4382
223.4	-70.4384
223.6	-70.4386
223.8	-70.4387
224	-70.4389
224.2	-70.4391
224.4	-70.4393
224.6	-70.4395
224.8	-70.4397
225	-70.4398
225.2	-70.44
225.4	-70.4402
225.6	-70.4404
225.8	-70.4406
226	-70.4407
226.2	-70.4409
226.4	-70.4411
226.6	-70.4413
226.8	-70.4414
227	-70.4416
227.2	-70.4418
227.4	-70.442
227.6	-70.4422
227.8	-70.4423
228	-70.4425
228.2	-70.4427
228.4	-70.4429
228.6	-70.443
228.8	-70.4432
229	-70.4434
229.2	-70.4436
229.4	-70.4437
229.6	-70.4439
229.8	-70.4441
230	-70.4443
230.2	-70.4444
230.4	-70.4446
230.6	-70.4448
230.8	-70.445
231	-70.4451
231.2	-70.4453
231.4	-70.4455
231.6	-70.4456
231.8	-70.4458
232	-70.446
232.2	-70.4462
232.4	-70.4463
232.6	-70.4465
232.8	-70.4467
233	-70.4468
233.2	-70.447
233.4	-70.4472
233.6	-70.4473
233.8	-70.4475
234	-70.4477
234.2	-70.4479
234.4	-70.448
234.6	-70.4482
234.8	-70.4484
235	-70.4485
235.2	-70.4487
235.4	-70.4489
235.6	-70.449
235.8	-70.4492
236	-70.4494
236.2	-70.4495
236.4	-70.4497
236.6	-70.4499
236.8	-70.45
237	-70.4502
237.2	-70.4504
237.4	-70.4505
237.6	-70.4507
237.8	-70.4509
238	-70.451
238.2	-70.4512
238.4	-70.4514
238.6	-70.4515
238.8	-70.4517
239	-70.4519
239.2	-70.452
239.4	-70.4522
239.6	-70.4523
239.8	-70.4525
240	-70.4527
240.2	-70.4528
240.4	-70.453
240.6	-70.4532
240.8	-70.4533
241	-70.4535
241.2	-70.4536
241.4	-70.4538
241.6	-70.454
241.8	-70.4541
242	-70.4543
242.2	-70.4544
242.4	-70.4546
242.6	-70.4548
242.8	-70.4549
243	-70.4551
243.2	-70.4552
243.4	-70.4554
243.6	-70.4556
243.8	-70.4557
244	-70.4559
244.2	-70.456
244.4	-70.4562
244.6	-70.4564
244.8	-70.4565
245	-70.4567
245.2	-70.4568
245.4	-70.457
245.6	-70.4571
245.8	-70.4573
246	-70.4574
246.2	-70.4576
246.4	-70.4578
246.6	-70.4579
246.8	-70.4581
247	-70.4582
247.2	-70.4584
247.4	-70.4585
247.6	-70.4587
247.8	-70.4588
248	-70.459
248.2	-70.4592
248.4	-70.4593
248.6	-70.4595
248.8	-70.4596
249	-70.4598
249.2	-70.4599
249.4	-70.4601
249.6	-70.4602
249.8	-70.4604
250	-70.4605
250.2	-70.4607
250.4	-70.4608
250.6	-70.461
250.8	-70.4611
251	-70.4613
251.2	-70.4614
251.4	-70.4616
251.6	-70.4617
251.8	-70.4619
252	-70.462
252.2	-70.4622
252.4	-70.4623
252.6	-70.4625
252.8	-70.4626
253	-70.4628
253.2	-70.4629
253.4	-70.4631
253.6	-70.4632
253.8	-70.4634
254	-70.4635
254.2	-70.4637
254.4	-70.4638
254.6	-70.464
254.8	-70.4641
255	-70.4643
255.2	-70.4644
255.4	-70.4645
255.6	-70.4647
255.8	-70.4648
256	-70.465
256.2	-70.4651
256.4	-70.4653
256.6	-70.4654
256.8	-70.4656
257	-70.4657
257.2	-70.4659
257.4	-70.466
257.6	-70.4661
257.8	-70.4663
258	-70.4664
258.2	-70.4666
258.4	-70.4667
258.6	-70.4669
258.8	-70.467
259	-70.4671
259.2	-70.4673
259.4	-70.4674
259.6	-70.4676
259.8	-70.4677
260	-70.4679
260.2	-70.468
260.4	-70.4681
260.6	-70.4683
260.8	-70.4684
261	-70.4686
261.2	-70.4687
261.4	-70.4688
261.6	-70.469
261.8	-70.4691
262	-70.4693
262.2	-70.4694
262.4	-70.4695
262.6	-70.4697
262.8	-70.4698
263	-70.47
263.2	-70.4701
263.4	-70.4702
263.6	-70.4704
263.8	-70.4705
264	-70.4707
264.2	-70.4708
264.4	-70.4709
264.6	-70.4711
264.8	-70.4712
265	-70.4713
265.2	-70.4715
265.4	-70.4716
265.6	-70.4717
265.8	-70.4719
266	-70.472
266.2	-70.4722
266.4	-70.4723
266.6	-70.4724
266.8	-70.4726
267	-70.4727
267.2	-70.4728
267.4	-70.473
267.6	-70.4731
267.8	-70.4732
268	-70.4734
268.2	-70.4735
268.4	-70.4736
268.6	-70.4738
268.8	-70.4739
269	-70.474
269.2	-70.4742
269.4	-70.4743
269.6	-70.4744
269.8	-70.4746
270	-70.4747
270.2	-70.4748
270.4	-70.475
270.6	-70.4751
270.8	-70.4752
271	-70.4754
271.2	-70.4755
271.4	-70.4756
271.6	-70.4758
271.8	-70.4759
272	-70.476
272.2	-70.4762
272.4	-70.4763
272.6	-70.4764
272.8	-70.4765
273	-70.4767
273.2	-70.4768
273.4	-70.4769
273.6	-70.4771
273.8	-70.4772
274	-70.4773
274.2	-70.4774
274.4	-70.4776
274.6	-70.4777
274.8	-70.4778
275	-70.478
275.2	-70.4781
275.4	-70.4782
275.6	-70.4783
275.8	-70.4785
276	-70.4786
276.2	-70.4787
276.4	-70.4789
276.6	-70.479
276.8	-70.4791
277	-70.4792
277.2	-70.4794
277.4	-70.4795
277.6	-70.4796
277.8	-70.4797
278	-70.4799
278.2	-70.48
278.4	-70.4801
278.6	-70.4802
278.8	-70.4804
279	-70.4805
279.2	-70.4806
279.4	-70.4807
279.6	-70.4809
279.8	-70.481
280	-70.4811
280.2	-70.4812
280.4	-70.4813
280.6	-70.4815
280.8	-70.4816
281	-70.4817
281.2	-70.4818
281.4	-70.482
281.6	-70.4821
281.8	-70.4822
282	-70.4823
282.2	-70.4825
282.4	-70.4826
282.6	-70.4827
282.8	-70.4828
283	-70.4829
283.2	-70.4831
283.4	-70.4832
283.6	-70.4833
283.8	-70.4834
284	-70.4835
284.2	-70.4837
284.4	-70.4838
284.6	-70.4839
284.8	-70.484
285	-70.4841
285.2	-70.4843
285.4	-70.4844
285.6	-70.4845
285.8	-70.4846
286	-70.4847
286.2	-70.4849
286.4	-70.485
286.6	-70.4851
286.8	-70.4852
287	-70.4853
287.2	-70.4854
287.4	-70.4856
287.6	-70.4857
287.8	-70.4858
288	-70.4859
288.2	-70.486
288.4	-70.4861
288.6	-70.4863
288.8	-70.4864
289	-70.4865
289.2	-70.4866
289.4	-70.4867
289.6	-70.4868
289.8	-70.487
290	-70.4871
290.2	-70.4872
290.4	-70.4873
290.6	-70.4874
290.8	-70.4875
291	-70.4876
291.2	-70.4878
291.4	-70.4879
291.6	-70.488
291.8	-70.4881
292	-70.4882
292.2	-70.4883
292.4	-70.4884
292.6	-70.4886
292.8	-70.4887
293	-70.4888
293.2	-70.4889
293.4	-70.489
293.6	-70.4891
293.8	-70.4892
294	-70.4893
294.2	-70.4895
294.4	-70.4896
294.6	-70.4897
294.8	-70.4898
295	-70.4899
295.2	-70.49
295.4	-70.4901
295.6	-70.4902
295.8	-70.4904
296	-70.4905
296.2	-70.4906
296.4	-70.4907
296.6	-70.4908
296.8	-70.4909
297	-70.491
297.2	-70.4911
297.4	-70.4912
297.6	-70.4913
297.8	-70.4915
298	-70.4916
298.2	-70.4917
298.4	-70.4918
298.6	-70.4919
298.8	-70.492
299	-70.4921
299.2	-70.4922
299.4	-70.4923
299.6	-70.4924
299.8	-70.4925
300	-70.4927
300.2	-69.6083
300.4	-68.7416
300.6	-67.8923
300.8	-67.06
301	-66.2444
301.2	-65.4451
301.4	-64.6619
301.6	-63.8944
301.8	-63.1422
302	-62.4051
302.2	-61.6828
302.4	-60.975
302.6	-60.2814
302.8	-59.6016
303	-58.9354
303.2	-58.2825
303.4	-57.6425
303.6	-57.0152
303.8	-56.4002
304	-55.7971
304.2	-55.2054
304.4	-54.6248
304.6	-54.0547
304.8	-53.4944
305	-52.943
305.2	-52.3997
305.4	-51.8632
305.6	-51.3321
305.8	-50.8044
306	-50.2778
306.2	-49.7492
306.4	-49.2146
306.6	-48.6687
306.8	-48.1043
307	-47.5112
307.2	-46.8744
307.4	-46.1707
307.6	-45.3614
307.8	-44.3757
308	-43.0649
308.2	-41.0436
308.4	-36.8702
308.6	-19.4223
308.8	38.6897
309	43.1706
309.2	28.4945
309.4	4.6208
309.6	-18.9756
309.8	-37.1884
310	-51.9538
310.2	-60.1837
310.4	-63.9116
310.6	-65.3876
310.8	-65.7552
311	-65.5758
311.2	-65.1268
311.4	-64.5469
311.6	-63.906
311.8	-63.2401
312	-62.5676
312.2	-61.898
312.4	-61.2363
312.6	-60.5851
312.8	-59.9457
313	-59.3185
313.2	-58.7038
313.4	-58.1016
313.6	-57.5116
313.8	-56.9338
314	-56.3678
314.2	-55.8133
314.4	-55.2699
314.6	-54.7373
314.8	-54.2149
315	-53.7023
315.2	-53.1987
315.4	-52.7035
315.6	-52.2158
315.8	-51.7346
316	-51.2585
316.2	-50.786
316.4	-50.3153
316.6	-49.844
316.8	-49.369
317	-48.8867
317.2	-48.392
317.4	-47.8781
317.6	-47.3358
317.8	-46.7516
318	-46.1047
318.2	-45.3616
318.4	-44.4625
318.6	-43.2867
318.8	-41.5419
319	-38.2627
319.2	-27.6352
319.4	27.8442
319.6	43.818
319.8	32.7805
320	10.0647
320.2	-14.4402
320.4	-33.5935
320.6	-49.2271
320.8	-58.7506
321	-63.2019
321.2	-65.0574
321.4	-65.631
321.6	-65.5709
321.8	-65.1976
322	-64.6713
322.2	-64.0727
322.4	-63.4432
322.6	-62.804
322.8	-62.1662
323	-61.5353
323.2	-60.9144
323.4	-60.3048
323.6	-59.7074
323.8	-59.1222
324	-58.5494
324.2	-57.9888
324.4	-57.4401
324.6	-56.9032
324.8	-56.3778
325	-55.8635
325.2	-55.3599
325.4	-54.8668
325.6	-54.3836
325.8	-53.9099
326	-53.4452
326.2	-52.9888
326.4	-52.5401
326.6	-52.0982
326.8	-51.6622
327	-51.231
327.2	-50.8032
327.4	-50.3772
327.6	-49.9512
327.8	-49.5228
328	-49.089
328.2	-48.646
328.4	-48.1889
328.6	-47.7113
328.8	-47.204
329	-46.6539
329.2	-46.0411
329.4	-45.3333
329.6	-44.4734
329.8	-43.3473
330	-41.6832
330.2	-38.6089
330.4	-29.1736
330.6	23.9704
330.8	44.0159
331	34.1746
331.2	12.0648
331.4	-12.6109
331.6	-32.2125
331.8	-48.2248
332	-58.3211
332.2	-63.0879
332.4	-65.1049
332.6	-65.7666
332.8	-65.7603
333	-65.4246
333.2	-64.9282
333.4	-64.3561
333.6	-63.7514
333.8	-63.1363
334	-62.5221
334.2	-61.9148
334.4	-61.3173
334.6	-60.7311
334.8	-60.157
335	-59.5951
335.2	-59.0455
335.4	-58.508
335.6	-57.9825
335.8	-57.4686
336	-56.9662
336.2	-56.4748
336.4	-55.9943
336.6	-55.5242
336.8	-55.0642
337	-54.614
337.2	-54.173
337.4	-53.7408
337.6	-53.317
337.8	-52.901
338	-52.492
338.2	-52.0894
338.4	-51.6925
338.6	-51.3001
338.8	-50.9113
339	-50.5247
339.2	-50.1388
339.4	-49.7518
339.6	-49.3615
339.8	-48.9651
340	-48.5593
340.2	-48.1395
340.4	-47.7
340.6	-47.2328
340.8	-46.7264
341	-46.1639
341.2	-45.5184
341.4	-44.7438
341.6	-43.7525
341.8	-42.3502
342	-39.9867
342.2	-34.2351
342.4	-1.94596
342.6	42.6694
342.8	39.4104
343	20.583
343.2	-4.31547
343.4	-26.0013
343.6	-43.092
343.8	-55.5954
344	-61.8785
344.2	-64.6566
344.4	-65.7024
344.6	-65.8955
344.8	-65.6686
345	-65.2359
345.2	-64.705
345.4	-64.13
345.6	-63.5388
345.8	-62.9455
346	-62.3575
346.2	-61.7785
346.4	-61.2105
346.6	-60.6541
346.8	-60.1099
347	-59.5779
347.2	-59.0579
347.4	-58.5498
347.6	-58.0534
347.8	-57.5683
348	-57.0944
348.2	-56.6313
348.4	-56.1786
348.6	-55.7362
348.8	-55.3036
349	-54.8805
349.2	-54.4665
349.4	-54.0612
349.6	-53.6642
349.8	-53.2751
350	-52.8932
350.2	-52.518
350.4	-52.1489
350.6	-51.7852
350.8	-51.4262
351	-51.0708
351.2	-50.7181
351.4	-50.3669
351.6	-50.0158
351.8	-49.6632
352	-49.3071
352.2	-48.9451
352.4	-48.5743
352.6	-48.1909
352.8	-47.79
353	-47.365
353.2	-46.9068
353.4	-46.4023
353.6	-45.831
353.8	-45.16
354	-44.3305
354.2	-43.2242
354.4	-41.5555
354.6	-38.3913
354.8	-28.2175
355	26.7138
355.2	43.8503
355.4	33.134
355.6	10.6311
355.8	-13.9044
356	-33.2141
356.2	-49.0436
356.4	-58.7822
356.6	-63.3579
356.8	-65.2952
357	-65.935
357.2	-65.9366
357.4	-65.6246
357.6	-65.1604
357.8	-64.625
358	-64.0595
358.2	-63.4849
358.4	-62.9119
358.6	-62.346
358.8	-61.79
359	-61.2453
359.2	-60.7125
359.4	-60.1918
359.6	-59.683
359.8	-59.1862
360	-58.701
360.2	-58.2273
360.4	-57.7647
360.6	-57.313
360.8	-56.8719
361	-56.441
361.2	-56.0202
361.4	-55.609
361.6	-55.2071
361.8	-54.8143
362	-54.4301
362.2	-54.0541
362.4	-53.686
362.6	-53.3253
362.8	-52.9717
363	-52.6245
363.2	-52.2832
363.4	-51.9473
363.6	-51.6161
363.8	-51.2888
364	-50.9647
364.2	-50.6428
364.4	-50.3221
364.6	-50.0015
364.8	-49.6794
365	-49.3542
365.2	-49.0241
365.4	-48.6865
365.6	-48.3384
365.8	-47.976
366	-47.5944
366.2	-47.1866
366.4	-46.7433
366.6	-46.2505
366.8	-45.6871
367	-45.0178
367.2	-44.1792
367.4	-43.0415
367.6	-41.2827
367.8	-37.796
368	-25.351
368.2	32.4234
368.4	43.5105
368.6	30.9218
368.8	7.67867
369	-16.4757
369.2	-35.2219
369.4	-50.5852
369.6	-59.5833
369.8	-63.7581
370	-65.5024
370.2	-66.0535
370.4	-66.0185
370.6	-65.6962
370.8	-65.2351
371	-64.7097
371.2	-64.1578
371.4	-63.5987
371.6	-63.0421
371.8	-62.4931
372	-61.9542
372.2	-61.4267
372.4	-60.9109
372.6	-60.4072
372.8	-59.9153
373	-59.4352
373.2	-58.9667
373.4	-58.5094
373.6	-58.0631
373.8	-57.6276
374	-57.2025
374.2	-56.7876
374.4	-56.3826
374.6	-55.9871
374.8	-55.6008
375	-55.2236
375.2	-54.8549
375.4	-54.4945
375.6	-54.1421
375.8	-53.7972
376	-53.4595
376.2	-53.1286
376.4	-52.8041
376.6	-52.4854
376.8	-52.1722
377	-51.8637
377.2	-51.5596
377.4	-51.259
377.6	-50.9614
377.8	-50.6659
378	-50.3717
378.2	-50.0776
378.4	-49.7827
378.6	-49.4855
378.8	-49.1845
379	-48.8778
379.2	-48.5631
379.4	-48.2375
379.6	-47.8975
379.8	-47.5383
380	-47.1535
380.2	-46.7344
380.4	-46.2681
380.6	-45.7351
380.8	-45.1036
381	-44.3174
381.2	-43.2642
381.4	-41.6778
381.6	-38.7106
381.8	-29.6313
382	22.8472
382.2	44.039
382.4	34.46
382.6	12.5695
382.8	-12.1022
383	-31.8533
383.2	-48.061
383.4	-58.3786
383.6	-63.273
383.8	-65.3738
384	-66.1043
384.2	-66.1629
384.4	-65.8925
384.6	-65.4627
384.8	-64.9585
385	-64.4227
385.2	-63.877
385.4	-63.3326
385.6	-62.7951
385.8	-62.2674
386	-61.7507
386.2	-61.2457
386.4	-60.7527
386.6	-60.2715
386.8	-59.8019
387	-59.3439
387.2	-58.8971
387.4	-58.4612
387.6	-58.0361
387.8	-57.6213
388	-57.2167
388.2	-56.8219
388.4	-56.4367
388.6	-56.0607
388.8	-55.6937
389	-55.3354
389.2	-54.9854
389.4	-54.6435
389.6	-54.3093
389.8	-53.9825
390	-53.6627
390.2	-53.3497
390.4	-53.0429
390.6	-52.742
390.8	-52.4466
391	-52.1563
391.2	-51.8705
391.4	-51.5888
391.6	-51.3105
391.8	-51.0351
392	-50.762
392.2	-50.4902
392.4	-50.2192
392.6	-49.9479
392.8	-49.6752
393	-49.4
393.2	-49.1208
393.4	-48.836
393.6	-48.5434
393.8	-48.2406
394	-47.9243
394.2	-47.5904
394.4	-47.2334
394.6	-46.8459
394.8	-46.4171
395	-45.9311
395.2	-45.3629
395.4	-44.6698
395.6	-43.7719
395.8	-42.4956
396	-40.3693
396.2	-35.4653
396.4	-10.7384
396.6	41.1705
396.8	40.8371
397	23.5417
397.2	-1.08348
397.4	-23.5414
397.6	-41.0727
397.8	-54.5258
398	-61.5117
398.2	-64.6562
398.4	-65.9039
398.6	-66.2223
398.8	-66.0851
399	-65.7258
399.2	-65.2607
399.4	-64.748
399.6	-64.2175
399.8	-63.684
400	-63.1553
400.2	-62.6352
400.4	-62.1256
400.6	-61.6275
400.8	-61.1411
401	-60.6664
401.2	-60.2034
401.4	-59.7519
401.6	-59.3116
401.8	-58.8823
402	-58.4637
402.2	-58.0555
402.4	-57.6574
402.6	-57.2692
402.8	-56.8906
403	-56.5213
403.2	-56.161
403.4	-55.8094
403.6	-55.4663
403.8	-55.1313
404	-54.8042
404.2	-54.4846
404.4	-54.1723
404.6	-53.8669
404.8	-53.5682
405	-53.2757
405.2	-52.9891
405.4	-52.708
405.6	-52.4322
405.8	-52.161
406	-51.8942
406.2	-51.6313
406.4	-51.3718
406.6	-51.1151
406.8	-50.8607
407	-50.6079
407.2	-50.3562
407.4	-50.1047
407.6	-49.8525
407.8	-49.5988
408	-49.3424
408.2	-49.082
408.4	-48.8161
408.6	-48.5428
408.8	-48.2599
409	-47.9646
409.2	-47.6533
409.4	-47.3213
409.6	-46.9622
409.8	-46.5671
410	-46.1231
410.2	-45.6104
410.4	-44.9964
410.6	-44.2238
410.8	-43.1769
411	-41.579
411.2	-38.5369
411.4	-28.911
411.6	25.0295
411.8	43.8909
412	33.6293
412.2	11.3983
412.4	-13.1807
412.6	-32.6839
412.8	-48.7256
413	-58.7296
413.2	-63.4552
413.4	-65.4823
413.6	-66.1869
413.8	-66.2436
414	-65.9835
414.2	-65.5704
414.4	-65.086
414.6	-64.5718
414.8	-64.0485
415	-63.5268
415.2	-63.0121
415.4	-62.5072
415.6	-62.0132
415.8	-61.5308
416	-61.0601
416.2	-60.6011
416.4	-60.1535
416.6	-59.7171
416.8	-59.2918
417	-58.8772
417.2	-58.473
417.4	-58.0791
417.6	-57.695
417.8	-57.3206
418	-56.9555
418.2	-56.5995
418.4	-56.2523
418.6	-55.9137
418.8	-55.5833
419	-55.2608
419.2	-54.9461
419.4	-54.6387
419.6	-54.3385
419.8	-54.0451
420	-53.7582
420.2	-53.4775
420.4	-53.2028
420.6	-52.9335
420.8	-52.6695
421	-52.4104
421.2	-52.1558
421.4	-51.9052
421.6	-51.6584
421.8	-51.4148
422	-51.174
422.2	-50.9355
422.4	-50.6988
422.6	-50.4633
422.8	-50.2284
423	-49.9932
423.2	-49.7572
423.4	-49.5193
423.6	-49.2785
423.8	-49.0337
424	-48.7835
424.2	-48.5261
424.4	-48.2595
424.6	-47.9812
424.8	-47.688
425	-47.3756
425.2	-47.0385
425.4	-46.669
425.6	-46.2559
425.8	-45.7828
426	-45.2233
426.2	-44.5322
426.4	-43.6237
426.6	-42.3083
426.8	-40.0546
427	-34.5612
427.2	-4.12705
427.4	42.3291
427.6	39.5624
427.8	21.0152
428	-3.80911
428.2	-25.6262
428.4	-42.8598
428.6	-55.5872
428.8	-62.0201
429	-64.8958
429.2	-66.0204
429.4	-66.2875
429.6	-66.1347
429.8	-65.7777
430	-65.3238
430.2	-64.8271
430.4	-64.3147
430.6	-63.8006
430.8	-63.2917
431	-62.7916
431.2	-62.3021
431.4	-61.8239
431.6	-61.3572
431.8	-60.9021
432	-60.4585
432.2	-60.0261
432.4	-59.6048
432.6	-59.1942
432.8	-58.794
433	-58.4041
433.2	-58.024
433.4	-57.6537
433.6	-57.2926
433.8	-56.9407
434	-56.5977
434.2	-56.2631
434.4	-55.9369
434.6	-55.6187
434.8	-55.3083
435	-55.0054
435.2	-54.7096
435.4	-54.4208
435.6	-54.1387
435.8	-53.8629
436	-53.5932
436.2	-53.3294
436.4	-53.071
436.6	-52.8177
436.8	-52.5693
437	-52.3255
437.2	-52.0858
437.4	-51.8499
437.6	-51.6175
437.8	-51.3881
438	-51.1613
438.2	-50.9367
438.4	-50.7138
438.6	-50.4921
438.8	-50.271
439	-50.0498
439.2	-49.828
439.4	-49.6048
439.6	-49.3792
439.8	-49.1503
440	-48.917
440.2	-48.6777
440.4	-48.431
440.6	-48.1748
440.8	-47.9066
441	-47.6231
441.2	-47.3204
441.4	-46.9929
441.6	-46.633
441.8	-46.2298
442	-45.7671
442.2	-45.2191
442.4	-44.5417
442.6	-43.6516
442.8	-42.3662
443	-40.18
443.2	-34.9586
443.4	-7.05527
443.6	41.838
443.8	40.0402
444	21.9737
444.2	-2.78562
444.4	-24.8508
444.6	-42.2037
444.8	-55.2172
445	-61.8609
445.2	-64.8438
445.4	-66.0238
445.6	-66.3212
445.8	-66.1866
446	-65.8419
446.2	-65.3976
446.4	-64.9089
446.6	-64.4038
446.8	-63.8966
447	-63.3945
447.2	-62.901
447.4	-62.4179
447.6	-61.9461
447.8	-61.4858
448	-61.037
448.2	-60.5996
448.4	-60.1734
448.6	-59.7581
448.8	-59.3535
449	-58.9594
449.2	-58.5753
449.4	-58.2011
449.6	-57.8365
449.8	-57.4812
450	-57.135
450.2	-56.7975
450.4	-56.4686
450.6	-56.1479
450.8	-55.8352
451	-55.5302
451.2	-55.2327
451.4	-54.9424
451.6	-54.6591
451.8	-54.3824
452	-54.1121
452.2	-53.848
452.4	-53.5898
452.6	-53.3371
452.8	-53.0897
453	-52.8473
453.2	-52.6096
453.4	-52.3764
453.6	-52.1471
453.8	-51.9217
454	-51.6996
454.2	-51.4806
454.4	-51.2643
454.6	-51.0503
454.8	-50.8381
455	-50.6273
455.2	-50.4175
455.4	-50.2081
455.6	-49.9985
455.8	-49.7881
456	-49.5762
456.2	-49.362
456.4	-49.1446
456.6	-48.9229
456.8	-48.6957
457	-48.4614
457.2	-48.2184
457.4	-47.9643
457.6	-47.6964
457.8	-47.411
458	-47.1034
458.2	-46.7673
458.4	-46.3934
458.6	-45.9686
458.8	-45.4724
459	-44.8714
459.2	-44.1055
459.4	-43.053
459.6	-41.4182
459.8	-38.2207
460	-27.5082
460.2	28.4962
460.4	43.6386
460.6	32.2488
460.8	9.50133
461	-14.8855
461.2	-34.0062
461.4	-49.7496
461.6	-59.2546
461.8	-63.7143
462	-65.6201
462.2	-66.2755
462.4	-66.3188
462.6	-66.0632
462.8	-65.6637
463	-65.1977
463.2	-64.704
463.4	-64.2026
463.6	-63.7032
463.8	-63.211
464	-62.7286
464.2	-62.257
464.4	-61.7968
464.6	-61.348
464.8	-60.9107
465	-60.4846
465.2	-60.0694
465.4	-59.6651
465.6	-59.2712
465.8	-58.8875
466	-58.5137
466.2	-58.1496
466.4	-57.7949
466.6	-57.4493
466.8	-57.1126
467	-56.7844
467.2	-56.4646
467.4	-56.1529
467.6	-55.849
467.8	-55.5526
468	-55.2635
468.2	-54.9815
468.4	-54.7063
468.6	-54.4377
468.8	-54.1753
469	-53.919
469.2	-53.6684
469.4	-53.4233
469.6	-53.1834
469.8	-52.9485
470	-52.7182
470.2	-52.4923
470.4	-52.2706
470.6	-52.0526
470.8	-51.838
471	-51.6267
471.2	-51.4181
471.4	-51.2121
471.6	-51.0081
471.8	-50.8058
472	-50.6048
472.2	-50.4047
472.4	-50.205
472.6	-50.005
472.8	-49.8044
473	-49.6024
473.2	-49.3983
473.4	-49.1912
473.6	-48.9803
473.8	-48.7645
474	-48.5424
474.2	-48.3125
474.4	-48.0728
474.6	-47.821
474.8	-47.5541
475	-47.2682
475.2	-46.9581
475.4	-46.6165
475.6	-46.2335
475.8	-45.7939
476	-45.2739
476.2	-44.6338
476.4	-43.7995
476.6	-42.6137
476.8	-40.6622
477	-36.3554
477.2	-16.9173
477.4	39.4884
477.6	42.0641
477.8	26.3003
478	2.12501
478.2	-21.0032
478.4	-38.9862
478.6	-53.3431
478.8	-61.0811
479	-64.6055
479.2	-66.0485
479.4	-66.4759
479.6	-66.4076
479.8	-66.0984
480	-65.6746
480.2	-65.1991
480.4	-64.7036
480.6	-64.2041
480.8	-63.7089
481	-63.2218
481.2	-62.745
481.4	-62.2793
481.6	-61.8251
481.8	-61.3823
482	-60.9509
482.2	-60.5307
482.4	-60.1214
482.6	-59.7228
482.8	-59.3346
483	-58.9565
483.2	-58.5883
483.4	-58.2296
483.6	-57.8802
483.8	-57.5399
484	-57.2083
484.2	-56.8853
484.4	-56.5705
484.6	-56.2637
484.8	-55.9647
485	-55.6732
485.2	-55.3889
485.4	-55.1116
485.6	-54.8411
485.8	-54.5771
486	-54.3194
486.2	-54.0677
486.4	-53.8217
486.6	-53.5812
486.8	-53.346
487	-53.1158
487.2	-52.8903
487.4	-52.6692
487.6	-52.4524
487.8	-52.2394
488	-52.0301
488.2	-51.8241
488.4	-51.6211
488.6	-51.4208
488.8	-51.2229
489	-51.0271
489.2	-50.8329
489.4	-50.6401
489.6	-50.4482
489.8	-50.2567
490	-50.0652
490.2	-49.8732
490.4	-49.6801
490.6	-49.4852
490.8	-49.2879
491	-49.0874
491.2	-48.8826
491.4	-48.6726
491.6	-48.4559
491.8	-48.231
492	-47.996
492.2	-47.7484
492.4	-47.4852
492.6	-47.2025
492.8	-46.8948
493	-46.5548
493.2	-46.1721
493.4	-45.7311
493.6	-45.207
493.8	-44.5579
494	-43.7056
494.2	-42.4809
494.4	-40.4277
494.6	-35.7156
494.8	-12.545
495	40.7667
495.2	41.1014
495.4	24.1768
495.6	-0.330124
495.8	-22.9514
496	-40.6206
496.2	-54.3333
496.4	-61.5126
496.6	-64.7627
496.8	-66.0765
497	-66.4445
497.2	-66.3504
497.4	-66.0319
497.6	-65.6068
497.8	-65.134
498	-64.6432
498.2	-64.1494
498.4	-63.6602
498.6	-63.1794
498.8	-62.7088
499	-62.2494
499.2	-61.8013
499.4	-61.3647
499.6	-60.9393
499.8	-60.525
500	-60.1215
500.2	-59.7286
500.4	-59.346
500.6	-58.9734
500.8	-58.6106
501	-58.2572
501.2	-57.913
501.4	-57.5778
501.6	-57.2513
501.8	-56.9332
502	-56.6232
502.2	-56.3212
502.4	-56.0269
502.6	-55.74
502.8	-55.4603
503	-55.1875
503.2	-54.9214
503.4	-54.6618
503.6	-54.4084
503.8	-54.1609
504	-53.9192
504.2	-53.6829
504.4	-53.4519
504.6	-53.2259
504.8	-53.0046
505	-52.7877
505.2	-52.5751
505.4	-52.3665
505.6	-52.1615
505.8	-51.96
506	-51.7616
506.2	-51.566
506.4	-51.373
506.6	-51.1823
506.8	-50.9934
507	-50.8061
507.2	-50.6201
507.4	-50.4348
507.6	-50.25
507.8	-50.0652
508	-49.8799
508.2	-49.6935
508.4	-49.5056
508.6	-49.3153
508.8	-49.122
509	-48.9248
509.2	-48.7227
509.4	-48.5145
509.6	-48.2988
509.8	-48.0738
510	-47.8375
510.2	-47.5871
510.4	-47.3193
510.6	-47.0293
510.8	-46.7111
511	-46.3561
511.2	-45.9516
511.4	-45.4784
511.6	-44.9052
511.8	-44.1763
512	-43.1813
512.2	-41.6589
512.4	-38.7851
512.6	-30.0407
512.8	21.5397
513	44.0077
513.2	34.6909
513.4	12.9872
513.6	-11.6807
513.8	-31.5535
514	-47.9124
514.2	-58.4109
514.4	-63.4107
514.6	-65.5805
514.8	-66.3673
515	-66.4787
515.2	-66.2609
515.4	-65.8846
515.6	-65.4346
515.8	-64.9534
516	-64.4627
516.2	-63.9732
516.4	-63.4904
516.6	-63.0172
516.8	-62.5546
517	-62.1033
517.2	-61.6633
517.4	-61.2348
517.6	-60.8174
517.8	-60.4109
518	-60.0151
518.2	-59.6297
518.4	-59.2545
518.6	-58.8891
518.8	-58.5333
519	-58.1868
519.2	-57.8494
519.4	-57.5208
519.6	-57.2007
519.8	-56.8889
520	-56.5851
520.2	-56.2891
520.4	-56.0007
520.6	-55.7196
520.8	-55.4455
521	-55.1782
521.2	-54.9176
521.4	-54.6632
521.6	-54.415
521.8	-54.1726
522	-53.9359
522.2	-53.7045
522.4	-53.4783
522.6	-53.257
522.8	-53.0404
523	-52.8282
523.2	-52.6202
523.4	-52.4161
523.6	-52.2157
523.8	-52.0186
524	-51.8247
524.2	-51.6337
524.4	-51.4453
524.6	-51.2592
524.8	-51.075
525	-50.8926
525.2	-50.7115
525.4	-50.5313
525.6	-50.3519
525.8	-50.1726
526	-49.9931
526.2	-49.813
526.4	-49.6317
526.6	-49.4486
526.8	-49.263
527	-49.0743
527.2	-48.8816
527.4	-48.6839
527.6	-48.48
527.8	-48.2685
528	-48.0478
528.2	-47.8157
528.4	-47.5695
528.6	-47.306
528.8	-47.0206
529	-46.7073
529.2	-46.3575
529.4	-45.959
529.6	-45.493
529.8	-44.9291
530	-44.2135
530.2	-43.2403
530.4	-41.7617
530.6	-39.0127
530.8	-30.9705
531	17.9246
531.2	44.0878
531.4	35.7057
531.6	14.5149
531.8	-10.2207
532	-30.4444
532.2	-47.0396
532.4	-57.9944
532.6	-63.2516
532.8	-65.546
533	-66.3933
533.2	-66.5346
533.4	-66.3321
533.6	-65.9638
533.8	-65.5183
534	-65.0401
534.2	-64.5514
534.4	-64.0635
534.6	-63.5822
534.8	-63.1102
535	-62.6489
535.2	-62.1989
535.4	-61.7602
535.6	-61.3329
535.8	-60.9167
536	-60.5115
536.2	-60.117
536.4	-59.7328
536.6	-59.3588
536.8	-58.9947
537	-58.6402
537.2	-58.295
537.4	-57.9588
537.6	-57.6315
537.8	-57.3127
538	-57.0021
538.2	-56.6996
538.4	-56.4049
538.6	-56.1178
538.8	-55.838
539	-55.5652
539.2	-55.2993
539.4	-55.0399
539.6	-54.7869
539.8	-54.5401
540	-54.2991
540.2	-54.0638
540.4	-53.834
540.6	-53.6093
540.8	-53.3896
541	-53.1746
541.2	-52.9642
541.4	-52.7579
541.6	-52.5557
541.8	-52.3573
542	-52.1623
542.2	-51.9707
542.4	-51.782
542.6	-51.5961
542.8	-51.4127
543	-51.2315
543.2	-51.0521
543.4	-50.8744
543.6	-50.698
543.8	-50.5225
544	-50.3476
544.2	-50.1729
544.4	-49.998
544.6	-49.8225
544.8	-49.6459
545	-49.4675
545.2	-49.2869
545.4	-49.1033
545.6	-48.9158
545.8	-48.7237
546	-48.5258
546.2	-48.3208
546.4	-48.1072
546.6	-47.8831
546.8	-47.646
547	-47.3929
547.2	-47.1198
547.4	-46.8214
547.6	-46.4905
547.8	-46.1164
548	-45.6836
548.2	-45.1673
548.4	-44.5256
548.6	-43.6797
548.8	-42.46
549	-40.4079
549.2	-35.6794
549.4	-12.308
549.6	40.8097
549.8	41.0201
550	24.0255
550.2	-0.494631
550.4	-23.0801
550.6	-40.7366
550.8	-54.414
551	-61.5625
551.2	-64.7998
551.4	-66.1108
551.6	-66.4813
551.8	-66.3926
552	-66.0809
552.2	-65.6634
552.4	-65.1987
552.6	-64.7162
552.8	-64.2308
553	-63.75
553.2	-63.2775
553.4	-62.8152
553.6	-62.364
553.8	-61.9241
554	-61.4954
554.2	-61.078
554.4	-60.6715
554.6	-60.2758
554.8	-59.8905
555	-59.5154
555.2	-59.1502
555.4	-58.7947
555.6	-58.4486
555.8	-58.1116
556	-57.7834
556.2	-57.4638
556.4	-57.1526
556.6	-56.8494
556.8	-56.5541
557	-56.2664
557.2	-55.9861
557.4	-55.7129
557.6	-55.4466
557.8	-55.1869
558	-54.9337
558.2	-54.6866
558.4	-54.4455
558.6	-54.2102
558.8	-53.9804
559	-53.7558
559.2	-53.5363
559.4	-53.3216
559.6	-53.1115
559.8	-52.9057
560	-52.7041
560.2	-52.5064
560.4	-52.3123
560.6	-52.1216
560.8	-51.9341
561	-51.7494
561.2	-51.5675
561.4	-51.3879
561.6	-51.2104
561.8	-51.0348
562	-50.8608
562.2	-50.6879
562.4	-50.516
562.6	-50.3447
562.8	-50.1735
563	-50.0022
563.2	-49.8303
563.4	-49.6572
563.6	-49.4826
563.8	-49.3058
564	-49.126
564.2	-48.9427
564.4	-48.755
564.6	-48.5617
564.8	-48.3617
565	-48.1535
565.2	-47.9354
565.4	-47.7051
565.6	-47.4599
565.8	-47.1961
566	-46.909
566.2	-46.5919
566.4	-46.2356
566.6	-45.8265
566.8	-45.3436
567	-44.752
567.2	-43.9889
567.4	-42.9257
567.6	-41.2445
567.8	-37.8605
568	-25.7851
568.2	31.7833
568.4	43.3939
568.6	30.8957
568.8	7.72866
569	-16.4163
569.2	-35.2196
569.4	-50.6905
569.6	-59.7611
569.8	-63.9896
570	-65.788
570.2	-66.3985
570.4	-66.4285
570.6	-66.1757
570.8	-65.7872
571	-65.3364
571.2	-64.8603
571.4	-64.3773
571.6	-63.897
571.8	-63.424
572	-62.9607
572.2	-62.5082
572.4	-62.0669
572.6	-61.6369
572.8	-61.2181
573	-60.8103
573.2	-60.4132
573.4	-60.0267
573.6	-59.6505
573.8	-59.2841
574	-58.9276
574.2	-58.5804
574.4	-58.2424
574.6	-57.9133
574.8	-57.5928
575	-57.2807
575.2	-56.9768
575.4	-56.6808
575.6	-56.3924
575.8	-56.1114
576	-55.8377
576.2	-55.5708
576.4	-55.3107
576.6	-55.057
576.8	-54.8096
577	-54.5682
577.2	-54.3326
577.4	-54.1026
577.6	-53.8779
577.8	-53.6584
578	-53.4437
578.2	-53.2337
578.4	-53.0281
578.6	-52.8268
578.8	-52.6294
579	-52.4358
579.2	-52.2457
579.4	-52.0589
579.6	-51.8751
579.8	-51.6941
580	-51.5157
580.2	-51.3395
580.4	-51.1653
580.6	-50.9929
580.8	-50.8219
581	-50.6521
581.2	-50.4832
581.4	-50.3147
581.6	-50.1463
581.8	-49.9777
582	-49.8085
582.2	-49.6381
582.4	-49.466
582.6	-49.2917
582.8	-49.1146
583	-48.9339
583.2	-48.7487
583.4	-48.558
583.6	-48.3608
583.8	-48.1554
584	-47.9403
584.2	-47.7132
584.4	-47.4714
584.6	-47.2115
584.8	-46.9287
585	-46.6167
585.2	-46.2667
585.4	-45.8655
585.6	-45.3933
585.8	-44.8171
586	-44.0783
586.2	-43.0587
586.4	-41.4736
586.6	-38.3941
586.8	-28.3607
587	26.4846
587.2	43.7119
587.4	32.9123
587.6	10.4428
587.8	-14.0365
588	-33.3597
588.2	-49.2946
588.4	-59.0712
588.6	-63.6805
588.8	-65.6661
589	-66.3689
589.2	-66.4448
589.4	-66.215
589.6	-65.8382
589.8	-65.3934
590	-64.9203
590.2	-64.439
590.4	-63.9595
590.6	-63.4871
590.8	-63.0241
591	-62.5718
591.2	-62.1307
591.4	-61.7009
591.6	-61.2822
591.8	-60.8746
592	-60.4777
592.2	-60.0914
592.4	-59.7153
592.6	-59.3492
592.8	-58.9929
593	-58.6459
593.2	-58.3082
593.4	-57.9793
593.6	-57.6591
593.8	-57.3473
594	-57.0437
594.2	-56.7479
594.4	-56.4599
594.6	-56.1792
594.8	-55.9058
595	-55.6393
595.2	-55.3795
595.4	-55.1262
595.6	-54.8792
595.8	-54.6382
596	-54.4031
596.2	-54.1735
596.4	-53.9493
596.6	-53.7303
596.8	-53.5162
597	-53.3067
597.2	-53.1018
597.4	-52.9011
597.6	-52.7044
597.8	-52.5116
598	-52.3223
598.2	-52.1363
598.4	-51.9535
598.6	-51.7735
598.8	-51.5961
599	-51.4212
599.2	-51.2483
599.4	-51.0773
599.6	-50.9078
599.8	-50.7397
600	-50.5725
600.2	-50.406
600.4	-50.2398
600.6	-50.0737
600.8	-49.907
601	-49.7396
601.2	-49.5708
601.4	-49.4002
601.6	-49.2271
601.8	-49.051
602	-48.871
602.2	-48.6863
602.4	-48.4959
602.6	-48.2985
602.8	-48.0926
603	-47.8764
603.2	-47.6477
603.4	-47.4035
603.6	-47.1403
603.8	-46.8529
604	-46.5345
604.2	-46.1757
604.4	-45.762
604.6	-45.2714
604.8	-44.6667
605	-43.8803
605.2	-42.7713
605.4	-40.9818
605.6	-37.2262
605.8	-22.3486
606	36.1144
606.2	42.979
606.4	28.9345
606.6	5.28278
606.8	-18.4457
607	-36.8679
607.2	-51.9292
607.4	-60.421
607.6	-64.3374
607.8	-65.9794
608	-66.512
608.2	-66.5034
608.4	-66.2319
608.6	-65.8347
608.8	-65.3804
609	-64.9034
609.2	-64.421
609.4	-63.9419
609.6	-63.4706
609.8	-63.0092
610	-62.5587
610.2	-62.1194
610.4	-61.6915
610.6	-61.2747
610.8	-60.869
611	-60.4739
611.2	-60.0894
611.4	-59.7152
611.6	-59.3508
611.8	-58.9962
612	-58.6509
612.2	-58.3148
612.4	-57.9876
612.6	-57.669
612.8	-57.3588
613	-57.0567
613.2	-56.7625
613.4	-56.4759
613.6	-56.1967
613.8	-55.9246
614	-55.6595
614.2	-55.4012
614.4	-55.1492
614.6	-54.9036
614.8	-54.6639
615	-54.4301
615.2	-54.2018
615.4	-53.9789
615.6	-53.7611
615.8	-53.5482
616	-53.34
616.2	-53.1364
616.4	-52.9369
616.6	-52.7415
616.8	-52.5499
617	-52.3619
617.2	-52.1772
617.4	-51.9957
617.6	-51.817
617.8	-51.641
618	-51.4675
618.2	-51.296
618.4	-51.1265
618.6	-50.9586
618.8	-50.7921
619	-50.6267
619.2	-50.462
619.4	-50.2978
619.6	-50.1336
619.8	-49.9692
620	-49.8042
620.2	-49.638
620.4	-49.4701
620.6	-49.3002
620.8	-49.1275
621	-48.9513
621.2	-48.7708
621.4	-48.5852
621.6	-48.3932
621.8	-48.1936
622	-47.9847
622.2	-47.7645
622.4	-47.5306
622.6	-47.2797
622.8	-47.0076
623	-46.7087
623.2	-46.375
623.4	-45.9951
623.6	-45.5519
623.8	-45.0178
624	-44.3451
624.2	-43.4422
624.4	-42.1029
624.6	-39.7327
624.8	-33.6078
625	2.73207
625.2	43.2177
625.4	38.4042
625.6	18.9222
625.8	-5.92208
626	-27.2141
626.2	-44.2876
626.4	-56.4868
626.6	-62.5348
626.8	-65.2261
627	-66.2726
627.2	-66.5163
627.4	-66.3684
627.6	-66.031
627.8	-65.6045
628	-65.1392
628.2	-64.6602
628.4	-64.1805
628.6	-63.7065
628.8	-63.2413
629	-62.7865
629.2	-62.3428
629.4	-61.9103
629.6	-61.4891
629.8	-61.0789
630	-60.6796
630.2	-60.291
630.4	-59.9126
630.6	-59.5444
630.8	-59.1859
631	-58.837
631.2	-58.4973
631.4	-58.1666
631.6	-57.8447
631.8	-57.5312
632	-57.2259
632.2	-56.9287
632.4	-56.6392
632.6	-56.3572
632.8	-56.0825
633	-55.8148
633.2	-55.5539
633.4	-55.2996
633.6	-55.0516
633.8	-54.8098
634	-54.5738
634.2	-54.3436
634.4	-54.1188
634.6	-53.8993
634.8	-53.6847
635	-53.475
635.2	-53.2699
635.4	-53.0692
635.6	-52.8726
635.8	-52.6799
636	-52.491
636.2	-52.3055
636.4	-52.1233
636.6	-51.9441
636.8	-51.7678
637	-51.594
637.2	-51.4225
637.4	-51.2531
637.6	-51.0855
637.8	-50.9195
638	-50.7548
638.2	-50.591
638.4	-50.428
638.6	-50.2653
638.8	-50.1027
639	-49.9397
639.2	-49.776
639.4	-49.6111
639.6	-49.4445
639.8	-49.2757
640	-49.104
640.2	-48.9289
640.4	-48.7493
640.6	-48.5645
640.8	-48.3733
641	-48.1744
641.2	-47.9661
641.4	-47.7464
641.6	-47.5129
641.8	-47.2621
642	-46.99
642.2	-46.6908
642.4	-46.3564
642.6	-45.9753
642.8	-45.5301
643	-44.9926
643.2	-44.3142
643.4	-43.4006
643.6	-42.0386
643.8	-39.6059
644	-33.1803
644.2	5.66301
644.4	43.5157
644.6	37.9718
644.8	18.166
645	-6.66936
645.2	-27.7721
645.4	-44.7814
645.6	-56.7802
645.8	-62.6892
646	-65.3099
646.2	-66.3211
646.4	-66.5472
646.6	-66.3905
646.8	-66.0489
647	-65.6205
647.2	-65.1544
647.4	-64.6754
647.6	-64.1959
647.8	-63.7222
648	-63.2575
648.2	-62.8033
648.4	-62.3601
648.6	-61.9282
648.8	-61.5076
649	-61.098
649.2	-60.6993
649.4	-60.3111
649.6	-59.9334
649.8	-59.5657
650	-59.2078
650.2	-58.8594
650.4	-58.5202
650.6	-58.1901
650.8	-57.8687
651	-57.5557
651.2	-57.251
651.4	-56.9543
651.6	-56.6653
651.8	-56.3838
652	-56.1095
652.2	-55.8423
652.4	-55.5819
652.6	-55.3281
652.8	-55.0807
653	-54.8393
653.2	-54.6039
653.4	-54.3741
653.6	-54.1499
653.8	-53.9308
654	-53.7168
654.2	-53.5076
654.4	-53.3031
654.6	-53.1029
654.8	-52.9068
655	-52.7147
655.2	-52.5264
655.4	-52.3415
655.6	-52.1599
655.8	-51.9814
656	-51.8057
656.2	-51.6327
656.4	-51.4619
656.6	-51.2934
656.8	-51.1266
657	-50.9615
657.2	-50.7978
657.4	-50.6351
657.6	-50.4731
657.8	-50.3117
658	-50.1503
658.2	-49.9888
658.4	-49.8266
658.6	-49.6634
658.8	-49.4986
659	-49.3319
659.2	-49.1626
659.4	-48.99
659.6	-48.8133
659.8	-48.6318
660	-48.4444
660.2	-48.2497
660.4	-48.0464
660.6	-47.8327
660.8	-47.6061
661	-47.3638
661.2	-47.1021
661.4	-46.8159
661.6	-46.4982
661.8	-46.1393
662	-45.7246
662.2	-45.2312
662.4	-44.6211
662.6	-43.8242
662.8	-42.6931
663	-40.8484
663.2	-36.8924
663.4	-20.3746
663.6	37.6843
663.8	42.6637
664	27.9227
664.2	4.06619
664.4	-19.4355
664.6	-37.691
664.8	-52.5172
665	-60.7248
665.2	-64.4926
665.4	-66.0615
665.6	-66.5586
665.8	-66.5333
666	-66.2544
666.2	-65.8546
666.4	-65.4002
666.6	-64.9243
666.8	-64.4436
667	-63.9666
667.2	-63.4975
667.4	-63.0384
667.6	-62.5902
667.8	-62.1533
668	-61.7276
668.2	-61.3131
668.4	-60.9096
668.6	-60.5169
668.8	-60.1346
669	-59.7625
669.2	-59.4003
669.4	-59.0477
669.6	-58.7046
669.8	-58.3705
670	-58.0454
670.2	-57.7288
670.4	-57.4205
670.6	-57.1204
670.8	-56.8281
671	-56.5434
671.2	-56.2661
671.4	-55.9959
671.6	-55.7326
671.8	-55.4761
672	-55.2259
672.2	-54.9821
672.4	-54.7442
672.6	-54.5121
672.8	-54.2856
673	-54.0645
673.2	-53.8485
673.4	-53.6375
673.6	-53.4311
673.8	-53.2292
674	-53.0317
674.2	-52.8382
674.4	-52.6485
674.6	-52.4625
674.8	-52.2799
675	-52.1004
675.2	-51.924
675.4	-51.7503
675.6	-51.5791
675.8	-51.4101
676	-51.2432
676.2	-51.0781
676.4	-50.9145
676.6	-50.7522
676.8	-50.5909
677	-50.4302
677.2	-50.2699
677.4	-50.1097
677.6	-49.9491
677.8	-49.7878
678	-49.6254
678.2	-49.4614
678.4	-49.2952
678.6	-49.1263
678.8	-48.9541
679	-48.7776
679.2	-48.5961
679.4	-48.4085
679.6	-48.2135
679.8	-48.0096
680	-47.7949
680.2	-47.567
680.4	-47.323
680.6	-47.0588
680.8	-46.7693
681	-46.4472
681.2	-46.0821
681.4	-45.6586
681.6	-45.1524
681.8	-44.5222
682	-43.6909
682.2	-42.4932
682.4	-40.4863
682.6	-35.9192
682.8	-14.0099
683	40.3923
683.2	41.369
683.4	24.7848
683.6	0.379116
683.8	-22.3924
684	-40.1672
684.2	-54.093
684.4	-61.4421
684.6	-64.7795
684.8	-66.1409
685	-66.5384
685.2	-66.4657
685.4	-66.165
685.6	-65.756
685.8	-65.2986
686	-64.8228
686.2	-64.3438
686.4	-63.8692
686.6	-63.4029
686.8	-62.9467
687	-62.5014
687.2	-62.0674
687.4	-61.6447
687.6	-61.2331
687.8	-60.8323
688	-60.4423
688.2	-60.0626
688.4	-59.6931
688.6	-59.3334
688.8	-58.9834
689	-58.6426
689.2	-58.3109
689.4	-57.988
689.6	-57.6736
689.8	-57.3675
690	-57.0694
690.2	-56.7791
690.4	-56.4964
690.6	-56.221
690.8	-55.9527
691	-55.6913
691.2	-55.4365
691.4	-55.1881
691.6	-54.9459
691.8	-54.7096
692	-54.4791
692.2	-54.2541
692.4	-54.0345
692.6	-53.8199
692.8	-53.6102
693	-53.4052
693.2	-53.2047
693.4	-53.0083
693.6	-52.8161
693.8	-52.6276
694	-52.4427
694.2	-52.2612
694.4	-52.0828
694.6	-51.9074
694.8	-51.7347
695	-51.5645
695.2	-51.3965
695.4	-51.2305
695.6	-51.0663
695.8	-50.9035
696	-50.7421
696.2	-50.5815
696.4	-50.4217
696.6	-50.2621
696.8	-50.1026
697	-49.9428
697.2	-49.7823
697.4	-49.6206
697.6	-49.4573
697.8	-49.2918
698	-49.1237
698.2	-48.9521
698.4	-48.7764
698.6	-48.5956
698.8	-48.4088
699	-48.2146
699.2	-48.0115
699.4	-47.7977
699.6	-47.5708
699.8	-47.3278
700	-47.0649
700.2	-47.6727
700.4	-48.3148
700.6	-48.9935
700.8	-49.6967
701	-50.4123
701.2	-51.1305
701.4	-51.844
701.6	-52.548
701.8	-53.2391
702	-53.9156
702.2	-54.5761
702.4	-55.2202
702.6	-55.8476
702.8	-56.4585
703	-57.0531
703.2	-57.6315
703.4	-58.1942
703.6	-58.7414
703.8	-59.2737
704	-59.7914
704.2	-60.2948
704.4	-60.7843
704.6	-61.2604
704.8	-61.7233
705	-62.1734
705.2	-62.6111
705.4	-63.0367
705.6	-63.4505
705.8	-63.8528
706	-64.2441
706.2	-64.6244
706.4	-64.9943
706.6	-65.3539
706.8	-65.7035
707	-66.0434
707.2	-66.3738
707.4	-66.6951
707.6	-67.0074
707.8	-67.311
708	-67.6062
708.2	-67.8931
708.4	-68.1721
708.6	-68.4432
708.8	-68.7068
709	-68.963
709.2	-69.212
709.4	-69.4541
709.6	-69.6894
709.8	-69.918
710	-70.1403
710.2	-70.3563
710.4	-70.5662
710.6	-70.7702
710.8	-70.9685
711	-71.1612
711.2	-71.3484
711.4	-71.5303
711.6	-71.7071
711.8	-71.8788
712	-72.0457
712.2	-72.2079
712.4	-72.3654
712.6	-72.5184
712.8	-72.6671
713	-72.8115
713.2	-72.9518
713.4	-73.088
713.6	-73.2204
713.8	-73.3489
714	-73.4737
714.2	-73.595
714.4	-73.7127
714.6	-73.827
714.8	-73.938
715	-74.0458
715.2	-74.1504
715.4	-74.2519
715.6	-74.3505
715.8	-74.4462
716	-74.5391
716.2	-74.6292
716.4	-74.7167
716.6	-74.8016
716.8	-74.884
717	-74.9639
717.2	-75.0414
717.4	-75.1166
717.6	-75.1895
717.8	-75.2602
718	-75.3288
718.2	-75.3953
718.4	-75.4598
718.6	-75.5223
718.8	-75.5829
719	-75.6416
719.2	-75.6986
719.4	-75.7537
719.6	-75.8071
719.8	-75.8589
720	-75.909
720.2	-75.9575
720.4	-76.0045
720.6	-76.05
720.8	-76.094
721	-76.1367
721.2	-76.1779
721.4	-76.2178
721.6	-76.2564
721.8	-76.2937
722	-76.3298
722.2	-76.3646
722.4	-76.3983
722.6	-76.4308
722.8	-76.4623
723	-76.4926
723.2	-76.5219
723.4	-76.5502
723.6	-76.5775
723.8	-76.6038
724	-76.6292
724.2	-76.6537
724.4	-76.6772
724.6	-76.6999
724.8	-76.7218
725	-76.7428
725.2	-76.763
725.4	-76.7825
725.6	-76.8012
725.8	-76.8191
726	-76.8364
726.2	-76.8529
726.4	-76.8688
726.6	-76.884
726.8	-76.8985
727	-76.9124
727.2	-76.9258
727.4	-76.9385
727.6	-76.9506
727.8	-76.9622
728	-76.9733
728.2	-76.9838
728.4	-76.9938
728.6	-77.0033
728.8	-77.0123
729	-77.0208
729.2	-77.0288
729.4	-77.0365
729.6	-77.0436
729.8	-77.0504
730	-77.0567
730.2	-77.0626
730.4	-77.0681
730.6	-77.0733
730.8	-77.0781
731	-77.0825
731.2	-77.0865
731.4	-77.0903
731.6	-77.0937
731.8	-77.0967
732	-77.0994
732.2	-77.1019
732.4	-77.104
732.6	-77.1059
732.8	-77.1074
733	-77.1087
733.2	-77.1098
733.4	-77.1105
733.6	-77.111
733.8	-77.1113
734	-77.1113
734.2	-77.1111
734.4	-77.1107
734.6	-77.11
734.8	-77.1092
735	-77.1081
735.2	-77.1068
735.4	-77.1053
735.6	-77.1037
735.8	-77.1018
736	-77.0998
736.2	-77.0975
736.4	-77.0952
736.6	-77.0926
736.8	-77.0899
737	-77.087
737.2	-77.084
737.4	-77.0808
737.6	-77.0775
737.8	-77.0741
738	-77.0705
738.2	-77.0668
738.4	-77.0629
738.6	-77.0589
738.8	-77.0548
739	-77.0506
739.2	-77.0463
739.4	-77.0418
739.6	-77.0373
739.8	-77.0326
740	-77.0278
740.2	-77.023
740.4	-77.018
740.6	-77.013
740.8	-77.0078
741	-77.0026
741.2	-76.9973
741.4	-76.9919
741.6	-76.9864
741.8	-76.9808
742	-76.9752
742.2	-76.9695
742.4	-76.9637
742.6	-76.9578
742.8	-76.9519
743	-76.9459
743.2	-76.9399
743.4	-76.9338
743.6	-76.9276
743.8	-76.9214
744	-76.9151
744.2	-76.9088
744.4	-76.9024
744.6	-76.8959
744.8	-76.8894
745	-76.8829
745.2	-76.8763
745.4	-76.8697
745.6	-76.863
745.8	-76.8563
746	-76.8495
746.2	-76.8427
746.4	-76.8359
746.6	-76.829
746.8	-76.8221
747	-76.8152
747.2	-76.8082
747.4	-76.8012
747.6	-76.7941
747.8	-76.7871
748	-76.78
748.2	-76.7729
748.4	-76.7657
748.6	-76.7585
748.8	-76.7513
749	-76.7441
749.2	-76.7368
749.4	-76.7296
749.6	-76.7223
749.8	-76.715
750	-76.7076
750.2	-76.7003
750.4	-76.6929
750.6	-76.6855
750.8	-76.6781
751	-76.6707
751.2	-76.6632
751.4	-76.6558
751.6	-76.6483
751.8	-76.6408
752	-76.6333
752.2	-76.6258
752.4	-76.6183
752.6	-76.6108
752.8	-76.6032
753	-76.5957
753.2	-76.5881
753.4	-76.5806
753.6	-76.573
753.8	-76.5654
754	-76.5578
754.2	-76.5502
754.4	-76.5426
754.6	-76.535
754.8	-76.5274
755	-76.5198
755.2	-76.5121
755.4	-76.5045
755.6	-76.4969
755.8	-76.4892
756	-76.4816
756.2	-76.4739
756.4	-76.4663
756.6	-76.4586
756.8	-76.451
757	-76.4433
757.2	-76.4357
757.4	-76.428
757.6	-76.4203
757.8	-76.4127
758	-76.405
758.2	-76.3974
758.4	-76.3897
758.6	-76.382
758.8	-76.3744
759	-76.3667
759.2	-76.3591
759.4	-76.3514
759.6	-76.3438
759.8	-76.3361
760	-76.3285
760.2	-76.3208
760.4	-76.3132
760.6	-76.3055
760.8	-76.2979
761	-76.2903
761.2	-76.2826
761.4	-76.275
761.6	-76.2674
761.8	-76.2598
762	-76.2522
762.2	-76.2445
762.4	-76.2369
762.6	-76.2293
762.8	-76.2217
763	-76.2141
763.2	-76.2065
763.4	-76.199
763.6	-76.1914
763.8	-76.1838
764	-76.1762
764.2	-76.1687
764.4	-76.1611
764.6	-76.1536
764.8	-76.146
765	-76.1385
765.2	-76.1309
765.4	-76.1234
765.6	-76.1159
765.8	-76.1084
766	-76.1009
766.2	-76.0934
766.4	-76.0859
766.6	-76.0784
766.8	-76.0709
767	-76.0634
767.2	-76.0559
767.4	-76.0485
767.6	-76.041
767.8	-76.0336
768	-76.0261
768.2	-76.0187
768.4	-76.0113
768.6	-76.0039
768.8	-75.9965
769	-75.989
769.2	-75.9817
769.4	-75.9743
769.6	-75.9669
769.8	-75.9595
770	-75.9521
770.2	-75.9448
770.4	-75.9374
770.6	-75.9301
770.8	-75.9228
771	-75.9154
771.2	-75.9081
771.4	-75.9008
771.6	-75.8935
771.8	-75.8862
772	-75.8789
772.2	-75.8717
772.4	-75.8644
772.6	-75.8571
772.8	-75.8499
773	-75.8426
773.2	-75.8354
773.4	-75.8282
773.6	-75.8209
773.8	-75.8137
774	-75.8065
774.2	-75.7993
774.4	-75.7922
774.6	-75.785
774.8	-75.7778
775	-75.7707
775.2	-75.7635
775.4	-75.7564
775.6	-75.7492
775.8	-75.7421
776	-75.735
776.2	-75.7279
776.4	-75.7208
776.6	-75.7137
776.8	-75.7066
777	-75.6995
777.2	-75.6925
777.4	-75.6854
777.6	-75.6784
777.8	-75.6713
778	-75.6643
778.2	-75.6573
778.4	-75.6503
778.6	-75.6433
778.8	-75.6363
779	-75.6293
779.2	-75.6223
779.4	-75.6154
779.6	-75.6084
779.8	-75.6015
780	-75.5945
780.2	-75.5876
780.4	-75.5807
780.6	-75.5738
780.8	-75.5669
781	-75.56
781.2	-75.5531
781.4	-75.5462
781.6	-75.5394
781.8	-75.5325
782	-75.5257
782.2	-75.5188
782.4	-75.512
782.6	-75.5052
782.8	-75.4983
783	-75.4915
783.2	-75.4847
783.4	-75.478
783.6	-75.4712
783.8	-75.4644
784	-75.4576
784.2	-75.4509
784.4	-75.4442
784.6	-75.4374
784.8	-75.4307
785	-75.424
785.2	-75.4173
785.4	-75.4106
785.6	-75.4039
785.8	-75.3972
786	-75.3905
786.2	-75.3839
786.4	-75.3772
786.6	-75.3706
786.8	-75.364
787	-75.3573
787.2	-75.3507
787.4	-75.3441
787.6	-75.3375
787.8	-75.3309
788	-75.3243
788.2	-75.3178
788.4	-75.3112
788.6	-75.3046
788.8	-75.2981
789	-75.2916
789.2	-75.285
789.4	-75.2785
789.6	-75.272
789.8	-75.2655
790	-75.259
790.2	-75.2525
790.4	-75.2461
790.6	-75.2396
790.8	-75.2331
791	-75.2267
791.2	-75.2203
791.4	-75.2138
791.6	-75.2074
791.8	-75.201
792	-75.1946
792.2	-75.1882
792.4	-75.1818
792.6	-75.1754
792.8	-75.169
793	-75.1627
793.2	-75.1563
793.4	-75.15
793.6	-75.1437
793.8	-75.1373
794	-75.131
794.2	-75.1247
794.4	-75.1184
794.6	-75.1121
794.8	-75.1058
795	-75.0995
795.2	-75.0933
795.4	-75.087
795.6	-75.0808
795.8	-75.0745
796	-75.0683
796.2	-75.0621
796.4	-75.0559
796.6	-75.0497
796.8	-75.0435
797	-75.0373
797.2	-75.0311
797.4	-75.0249
797.6	-75.0188
797.8	-75.0126
798	-75.0065
798.2	-75.0003
798.4	-74.9942
798.6	-74.9881
798.8	-74.982
799	-74.9759
799.2	-74.9698
799.4	-74.9637
799.6	-74.9576
799.8	-74.9515
800	-74.9455
800.2	-74.9394
800.4	-74.9334
800.6	-74.9273
800.8	-74.9213
801	-74.9153
801.2	-74.9093
801.4	-74.9033
801.6	-74.8973
801.8	-74.8913
802	-74.8853
802.2	-74.8793
802.4	-74.8734
802.6	-74.8674
802.8	-74.8615
803	-74.8555
803.2	-74.8496
803.4	-74.8437
803.6	-74.8378
803.8	-74.8318
804	-74.826
804.2	-74.8201
804.4	-74.8142
804.6	-74.8083
804.8	-74.8024
805	-74.7966
805.2	-74.7907
805.4	-74.7849
805.6	-74.7791
805.8	-74.7732
806	-74.7674
806.2	-74.7616
806.4	-74.7558
806.6	-74.75
806.8	-74.7442
807	-74.7385
807.2	-74.7327
807.4	-74.7269
807.6	-74.7212
807.8	-74.7154
808	-74.7097
808.2	-74.704
808.4	-74.6983
808.6	-74.6926
808.8	-74.6868
809	-74.6811
809.2	-74.6755
809.4	-74.6698
809.6	-74.6641
809.8	-74.6584
810	-74.6528
810.2	-74.6471
810.4	-74.6415
810.6	-74.6359
810.8	-74.6302
811	-74.6246
811.2	-74.619
811.4	-74.6134
811.6	-74.6078
811.8	-74.6022
812	-74.5966
812.2	-74.5911
812.4	-74.5855
812.6	-74.58
812.8	-74.5744
813	-74.5689
813.2	-74.5633
813.4	-74.5578
813.6	-74.5523
813.8	-74.5468
814	-74.5413
814.2	-74.5358
814.4	-74.5303
814.6	-74.5248
814.8	-74.5193
815	-74.5139
815.2	-74.5084
815.4	-74.503
815.6	-74.4975
815.8	-74.4921
816	-74.4867
816.2	-74.4813
816.4	-74.4759
816.6	-74.4705
816.8	-74.4651
817	-74.4597
817.2	-74.4543
817.4	-74.4489
817.6	-74.4435
817.8	-74.4382
818	-74.4328
818.2	-74.4275
818.4	-74.4222
818.6	-74.4168
818.8	-74.4115
819	-74.4062
819.2	-74.4009
819.4	-74.3956
819.6	-74.3903
819.8	-74.385
820	-74.3797
820.2	-74.3745
820.4	-74.3692
820.6	-74.3639
820.8	-74.3587
821	-74.3535
821.2	-74.3482
821.4	-74.343
821.6	-74.3378
821.8	-74.3326
822	-74.3274
822.2	-74.3222
822.4	-74.317
822.6	-74.3118
822.8	-74.3066
823	-74.3015
823.2	-74.2963
823.4	-74.2911
823.6	-74.286
823.8	-74.2809
824	-74.2757
824.2	-74.2706
824.4	-74.2655
824.6	-74.2604
824.8	-74.2553
825	-74.2502
825.2	-74.2451
825.4	-74.24
825.6	-74.2349
825.8	-74.2299
826	-74.2248
826.2	-74.2197
826.4	-74.2147
826.6	-74.2096
826.8	-74.2046
827	-74.1996
827.2	-74.1946
827.4	-74.1896
827.6	-74.1845
827.8	-74.1796
828	-74.1746
828.2	-74.1696
828.4	-74.1646
828.6	-74.1596
828.8	-74.1547
829	-74.1497
829.2	-74.1448
829.4	-74.1398
829.6	-74.1349
829.8	-74.1299
830	-74.125
830.2	-74.1201
830.4	-74.1152
830.6	-74.1103
830.8	-74.1054
831	-74.1005
831.2	-74.0956
831.4	-74.0908
831.6	-74.0859
831.8	-74.081
832	-74.0762
832.2	-74.0713
832.4	-74.0665
832.6	-74.0617
832.8	-74.0568
833	-74.052
833.2	-74.0472
833.4	-74.0424
833.6	-74.0376
833.8	-74.0328
834	-74.028
834.2	-74.0232
834.4	-74.0184
834.6	-74.0137
834.8	-74.0089
835	-74.0042
835.2	-73.9994
835.4	-73.9947
835.6	-73.9899
835.8	-73.9852
836	-73.9805
836.2	-73.9758
836.4	-73.9711
836.6	-73.9664
836.8	-73.9617
837	-73.957
837.2	-73.9523
837.4	-73.9476
837.6	-73.943
837.8	-73.9383
838	-73.9336
838.2	-73.929
838.4	-73.9243
838.6	-73.9197
838.8	-73.9151
839	-73.9105
839.2	-73.9058
839.4	-73.9012
839.6	-73.8966
839.8	-73.892
840	-73.8874
840.2	-73.8829
840.4	-73.8783
840.6	-73.8737
840.8	-73.8691
841	-73.8646
841.2	-73.86
841.4	-73.8555
841.6	-73.8509
841.8	-73.8464
842	-73.8419
842.2	-73.8373
842.4	-73.8328
842.6	-73.8283
842.8	-73.8238
843	-73.8193
843.2	-73.8148
843.4	-73.8103
843.6	-73.8059
843.8	-73.8014
844	-73.7969
844.2	-73.7925
844.4	-73.788
844.6	-73.7836
844.8	-73.7791
845	-73.7747
845.2	-73.7703
845.4	-73.7658
845.6	-73.7614
845.8	-73.757
846	-73.7526
846.2	-73.7482
846.4	-73.7438
846.6	-73.7394
846.8	-73.7351
847	-73.7307
847.2	-73.7263
847.4	-73.722
847.6	-73.7176
847.8	-73.7133
848	-73.7089
848.2	-73.7046
848.4	-73.7002
848.6	-73.6959
848.8	-73.6916
849	-73.6873
849.2	-73.683
849.4	-73.6787
849.6	-73.6744
849.8	-73.6701
850	-73.6658
850.2	-73.6615
850.4	-73.6573
850.6	-73.653
850.8	-73.6487
851	-73.6445
851.2	-73.6402
851.4	-73.636
851.6	-73.6318
851.8	-73.6275
852	-73.6233
852.2	-73.6191
852.4	-73.6149
852.6	-73.6107
852.8	-73.6065
853	-73.6023
853.2	-73.5981
853.4	-73.5939
853.6	-73.5897
853.8	-73.5856
854	-73.5814
854.2	-73.5772
854.4	-73.5731
854.6	-73.5689
854.8	-73.5648
855	-73.5606
855.2	-73.5565
855.4	-73.5524
855.6	-73.5483
855.8	-73.5442
856	-73.5401
856.2	-73.5359
856.4	-73.5319
856.6	-73.5278
856.8	-73.5237
857	-73.5196
857.2	-73.5155
857.4	-73.5115
857.6	-73.5074
857.8	-73.5033
858	-73.4993
858.2	-73.4952
858.4	-73.4912
858.6	-73.4872
858.8	-73.4831
859	-73.4791
859.2	-73.4751
859.4	-73.4711
859.6	-73.4671
859.8	-73.4631
860	-73.4591
860.2	-73.4551
860.4	-73.4511
860.6	-73.4471
860.8	-73.4432
861	-73.4392
861.2	-73.4352
861.4	-73.4313
861.6	-73.4273
861.8	-73.4234
862	-73.4194
862.2	-73.4155
862.4	-73.4116
862.6	-73.4076
862.8	-73.4037
863	-73.3998
863.2	-73.3959
863.4	-73.392
863.6	-73.3881
863.8	-73.3842
864	-73.3803
864.2	-73.3765
864.4	-73.3726
864.6	-73.3687
864.8	-73.3648
865	-73.361
865.2	-73.3571
865.4	-73.3533
865.6	-73.3494
865.8	-73.3456
866	-73.3418
866.2	-73.3379
866.4	-73.3341
866.6	-73.3303
866.8	-73.3265
867	-73.3227
867.2	-73.3189
867.4	-73.3151
867.6	-73.3113
867.8	-73.3075
868	-73.3037
868.2	-73.3
868.4	-73.2962
868.6	-73.2924
868.8	-73.2887
869	-73.2849
869.2	-73.2812
869.4	-73.2774
869.6	-73.2737
869.8	-73.27
870	-73.2662
870.2	-73.2625
870.4	-73.2588
870.6	-73.2551
870.8	-73.2514
871	-73.2477
871.2	-73.244
871.4	-73.2403
871.6	-73.2366
871.8	-73.2329
872	-73.2293
872.2	-73.2256
872.4	-73.2219
872.6	-73.2183
872.8	-73.2146
873	-73.211
873.2	-73.2073
873.4	-73.2037
873.6	-73.2
873.8	-73.1964
874	-73.1928
874.2	-73.1892
874.4	-73.1855
874.6	-73.1819
874.8	-73.1783
875	-73.1747
875.2	-73.1711
875.4	-73.1675
875.6	-73.164
875.8	-73.1604
876	-73.1568
876.2	-73.1532
876.4	-73.1497
876.6	-73.1461
876.8	-73.1426
877	-73.139
877.2	-73.1355
877.4	-73.1319
877.6	-73.1284
877.8	-73.1249
878	-73.1213
878.2	-73.1178
878.4	-73.1143
878.6	-73.1108
878.8	-73.1073
879	-73.1038
879.2	-73.1003
879.4	-73.0968
879.6	-73.0933
879.8	-73.0898
880	-73.0863
880.2	-73.0829
880.4	-73.0794
880.6	-73.076
880.8	-73.0725
881	-73.069
881.2	-73.0656
881.4	-73.0621
881.6	-73.0587
881.8	-73.0553
882	-73.0518
882.2	-73.0484
882.4	-73.045
882.6	-73.0416
882.8	-73.0382
883	-73.0348
883.2	-73.0314
883.4	-73.028
883.6	-73.0246
883.8	-73.0212
884	-73.0178
884.2	-73.0144
884.4	-73.0111
884.6	-73.0077
884.8	-73.0043
885	-73.001
885.2	-72.9976
885.4	-72.9943
885.6	-72.9909
885.8	-72.9876
886	-72.9843
886.2	-72.9809
886.4	-72.9776
886.6	-72.9743
886.8	-72.971
887	-72.9677
887.2	-72.9644
887.4	-72.9611
887.6	-72.9577
887.8	-72.9545
888	-72.9512
888.2	-72.9479
888.4	-72.9446
888.6	-72.9413
888.8	-72.9381
889	-72.9348
889.2	-72.9315
889.4	-72.9283
889.6	-72.925
889.8	-72.9218
890	-72.9185
890.2	-72.9153
890.4	-72.9121
890.6	-72.9088
890.8	-72.9056
891	-72.9024
891.2	-72.8992
891.4	-72.896
891.6	-72.8927
891.8	-72.8895
892	-72.8863
892.2	-72.8831
892.4	-72.88
892.6	-72.8768
892.8	-72.8736
893	-72.8704
893.2	-72.8672
893.4	-72.8641
893.6	-72.8609
893.8	-72.8578
894	-72.8546
894.2	-72.8514
894.4	-72.8483
894.6	-72.8452
894.8	-72.842
895	-72.8389
895.2	-72.8358
895.4	-72.8326
895.6	-72.8295
895.8	-72.8264
896	-72.8233
896.2	-72.8202
896.4	-72.8171
896.6	-72.814
896.8	-72.8109
897	-72.8078
897.2	-72.8047
897.4	-72.8016
897.6	-72.7986
897.8	-72.7955
898	-72.7924
898.2	-72.7894
898.4	-72.7863
898.6	-72.7832
898.8	-72.7802
899	-72.7771
899.2	-72.7741
899.4	-72.7711
899.6	-72.768
899.8	-72.765
900	-72.762
900.2	-72.7589
900.4	-72.7559
900.6	-72.7529
900.8	-72.7499
901	-72.7469
901.2	-72.7439
901.4	-72.7409
901.6	-72.7379
901.8	-72.7349
902	-72.7319
902.2	-72.729
902.4	-72.726
902.6	-72.723
902.8	-72.72
903	-72.7171
903.2	-72.7141
903.4	-72.7112
903.6	-72.7082
903.8	-72.7053
904	-72.7023
904.2	-72.6994
904.4	-72.6964
904.6	-72.6935
904.8	-72.6906
905	-72.6877
905.2	-72.6848
905.4	-72.6818
905.6	-72.6789
905.8	-72.676
906	-72.6731
906.2	-72.6702
906.4	-72.6673
906.6	-72.6644
906.8	-72.6615
907	-72.6587
907.2	-72.6558
907.4	-72.6529
907.6	-72.65
907.8	-72.6472
908	-72.6443
908.2	-72.6415
908.4	-72.6386
908.6	-72.6357
908.8	-72.6329
909	-72.6301
909.2	-72.6272
909.4	-72.6244
909.6	-72.6216
909.8	-72.6187
910	-72.6159
910.2	-72.6131
910.4	-72.6103
910.6	-72.6075
910.8	-72.6047
911	-72.6018
911.2	-72.599
911.4	-72.5963
911.6	-72.5935
911.8	-72.5907
912	-72.5879
912.2	-72.5851
912.4	-72.5823
912.6	-72.5796
912.8	-72.5768
913	-72.574
913.2	-72.5713
913.4	-72.5685
913.6	-72.5658
913.8	-72.563
914	-72.5603
914.2	-72.5575
914.4	-72.5548
914.6	-72.552
914.8	-72.5493
915	-72.5466
915.2	-72.5439
915.4	-72.5411
915.6	-72.5384
915.8	-72.5357
916	-72.533
916.2	-72.5303
916.4	-72.5276
916.6	-72.5249
916.8	-72.5222
917	-72.5195
917.2	-72.5168
917.4	-72.5142
917.6	-72.5115
917.8	-72.5088
918	-72.5061
918.2	-72.5035
918.4	-72.5008
918.6	-72.4981
918.8	-72.4955
919	-72.4928
919.2	-72.4902
919.4	-72.4875
919.6	-72.4849
919.8	-72.4823
920	-72.4796
920.2	-72.477
920.4	-72.4744
920.6	-72.4717
920.8	-72.4691
921	-72.4665
921.2	-72.4639
921.4	-72.4613
921.6	-72.4587
921.8	-72.4561
922	-72.4535
922.2	-72.4509
922.4	-72.4483
922.6	-72.4457
922.8	-72.4431
923	-72.4406
923.2	-72.438
923.4	-72.4354
923.6	-72.4328
923.8	-72.4303
924	-72.4277
924.2	-72.4251
924.4	-72.4226
924.6	-72.42
924.8	-72.4175
925	-72.4149
925.2	-72.4124
925.4	-72.4099
925.6	-72.4073
925.8	-72.4048
926	-72.4023
926.2	-72.3998
926.4	-72.3972
926.6	-72.3947
926.8	-72.3922
927	-72.3897
927.2	-72.3872
927.4	-72.3847
927.6	-72.3822
927.8	-72.3797
928	-72.3772
928.2	-72.3747
928.4	-72.3722
928.6	-72.3698
928.8	-72.3673
929	-72.3648
929.2	-72.3623
929.4	-72.3599
929.6	-72.3574
929.8	-72.3549
930	-72.3525
930.2	-72.35
930.4	-72.3476
930.6	-72.3451
930.8	-72.3427
931	-72.3402
931.2	-72.3378
931.4	-72.3354
931.6	-72.3329
931.8	-72.3305
932	-72.3281
932.2	-72.3257
932.4	-72.3232
932.6	-72.3208
932.8	-72.3184
933	-72.316
933.2	-72.3136
933.4	-72.3112
933.6	-72.3088
933.8	-72.3064
934	-72.304
934.2	-72.3016
934.4	-72.2993
934.6	-72.2969
934.8	-72.2945
935	-72.2921
935.2	-72.2897
935.4	-72.2874
935.6	-72.285
935.8	-72.2827
936	-72.2803
936.2	-72.2779
936.4	-72.2756
936.6	-72.2732
936.8	-72.2709
937	-72.2686
937.2	-72.2662
937.4	-72.2639
937.6	-72.2616
937.8	-72.2592
938	-72.2569
938.2	-72.2546
938.4	-72.2523
938.6	-72.2499
938.8	-72.2476
939	-72.2453
939.2	-72.243
939.4	-72.2407
939.6	-72.2384
939.8	-72.2361
940	-72.2338
940.2	-72.2315
940.4	-72.2292
940.6	-72.227
940.8	-72.2247
941	-72.2224
941.2	-72.2201
941.4	-72.2179
941.6	-72.2156
941.8	-72.2133
942	-72.2111
942.2	-72.2088
942.4	-72.2066
942.6	-72.2043
942.8	-72.2021
943	-72.1998
943.2	-72.1976
943.4	-72.1953
943.6	-72.1931
943.8	-72.1909
944	-72.1886
944.2	-72.1864
944.4	-72.1842
944.6	-72.182
944.8	-72.1797
945	-72.1775
945.2	-72.1753
945.4	-72.1731
945.6	-72.1709
945.8	-72.1687
946	-72.1665
946.2	-72.1643
946.4	-72.1621
946.6	-72.1599
946.8	-72.1577
947	-72.1555
947.2	-72.1534
947.4	-72.1512
947.6	-72.149
947.8	-72.1468
948	-72.1447
948.2	-72.1425
948.4	-72.1403
948.6	-72.1382
948.8	-72.136
949	-72.1339
949.2	-72.1317
949.4	-72.1295
949.6	-72.1274
949.8	-72.1253
950	-72.1231
950.2	-72.121
950.4	-72.1189
950.6	-72.1167
950.8	-72.1146
951	-72.1125
951.2	-72.1103
951.4	-72.1082
951.6	-72.1061
951.8	-72.104
952	-72.1019
952.2	-72.0998
952.4	-72.0977
952.6	-72.0956
952.8	-72.0935
953	-72.0914
953.2	-72.0893
953.4	-72.0872
953.6	-72.0851
953.8	-72.083
954	-72.0809
954.2	-72.0789
954.4	-72.0768
954.6	-72.0747
954.8	-72.0726
955	-72.0706
955.2	-72.0685
955.4	-72.0665
955.6	-72.0644
955.8	-72.0623
956	-72.0603
956.2	-72.0582
956.4	-72.0562
956.6	-72.0541
956.8	-72.0521
957	-72.0501
957.2	-72.048
957.4	-72.046
957.6	-72.044
957.8	-72.0419
958	-72.0399
958.2	-72.0379
958.4	-72.0359
958.6	-72.0339
958.8	-72.0318
959	-72.0298
959.2	-72.0278
959.4	-72.0258
959.6	-72.0238
959.8	-72.0218
960	-72.0198
960.2	-72.0178
960.4	-72.0158
960.6	-72.0138
960.8	-72.0119
961	-72.0099
961.2	-72.0079
961.4	-72.0059
961.6	-72.0039
961.8	-72.002
962	-72
962.2	-71.998
962.4	-71.9961
962.6	-71.9941
962.8	-71.9921
963	-71.9902
963.2	-71.9882
963.4	-71.9863
963.6	-71.9843
963.8	-71.9824
964	-71.9805
964.2	-71.9785
964.4	-71.9766
964.6	-71.9746
964.8	-71.9727
965	-71.9708
965.2	-71.9689
965.4	-71.9669
965.6	-71.965
965.8	-71.9631
966	-71.9612
966.2	-71.9593
966.4	-71.9574
966.6	-71.9554
966.8	-71.9535
967	-71.9516
967.2	-71.9497
967.4	-71.9478
967.6	-71.9459
967.8	-71.9441
968	-71.9422
968.2	-71.9403
968.4	-71.9384
968.6	-71.9365
968.8	-71.9346
969	-71.9328
969.2	-71.9309
969.4	-71.929
969.6	-71.9271
969.8	-71.9253
970	-71.9234
970.2	-71.9216
970.4	-71.9197
970.6	-71.9178
970.8	-71.916
971	-71.9141
971.2	-71.9123
971.4	-71.9104
971.6	-71.9086
971.8	-71.9068
972	-71.9049
972.2	-71.9031
972.4	-71.9013
972.6	-71.8994
972.8	-71.8976
973	-71.8958
973.2	-71.894
973.4	-71.8921
973.6	-71.8903
973.8	-71.8885
974	-71.8867
974.2	-71.8849
974.4	-71.8831
974.6	-71.8813
974.8	-71.8795
975	-71.8777
975.2	-71.8759
975.4	-71.8741
975.6	-71.8723
975.8	-71.8705
976	-71.8687
976.2	-71.8669
976.4	-71.8651
976.6	-71.8633
976.8	-71.8616
977	-71.8598
977.2	-71.858
977.4	-71.8562
977.6	-71.8545
977.8	-71.8527
978	-71.851
978.2	-71.8492
978.4	-71.8474
978.6	-71.8457
978.8	-71.8439
979	-71.8422
979.2	-71.8404
979.4	-71.8387
979.6	-71.8369
979.8	-71.8352
980	-71.8335
980.2	-71.8317
980.4	-71.83
980.6	-71.8282
980.8	-71.8265
981	-71.8248
981.2	-71.8231
981.4	-71.8213
981.6	-71.8196
981.8	-71.8179
982	-71.8162
982.2	-71.8145
982.4	-71.8128
982.6	-71.8111
982.8	-71.8094
983	-71.8077
983.2	-71.806
983.4	-71.8043
983.6	-71.8026
983.8	-71.8009
984	-71.7992
984.2	-71.7975
984.4	-71.7958
984.6	-71.7941
984.8	-71.7924
985	-71.7907
985.2	-71.7891
985.4	-71.7874
985.6	-71.7857
985.8	-71.784
986	-71.7824
986.2	-71.7807
986.4	-71.7791
986.6	-71.7774
986.8	-71.7757
987	-71.7741
987.2	-71.7724
987.4	-71.7708
987.6	-71.7691
987.8	-71.7675
988	-71.7658
988.2	-71.7642
988.4	-71.7625
988.6	-71.7609
988.8	-71.7593
989	-71.7576
989.2	-71.756
989.4	-71.7544
989.6	-71.7527
989.8	-71.7511
990	-71.7495
990.2	-71.7479
990.4	-71.7463
990.6	-71.7446
990.8	-71.743
991	-71.7414
991.2	-71.7398
991.4	-71.7382
991.6	-71.7366
991.8	-71.735
992	-71.7334
992.2	-71.7318
992.4	-71.7302
992.6	-71.7286
992.8	-71.727
993	-71.7254
993.2	-71.7238
993.4	-71.7222
993.6	-71.7207
993.8	-71.7191
994	-71.7175
994.2	-71.7159
994.4	-71.7143
994.6	-71.7128
994.8	-71.7112
995	-71.7096
995.2	-71.7081
995.4	-71.7065
995.6	-71.7049
995.8	-71.7034
996	-71.7018
996.2	-71.7003
996.4	-71.6987
996.6	-71.6972
996.8	-71.6956
997	-71.6941
997.2	-71.6925
997.4	-71.691
997.6	-71.6895
997.8	-71.6879
998	-71.6864
998.2	-71.6848
998.4	-71.6833
998.6	-71.6818
998.8	-71.6803
999	-71.6787
999.2	-71.6772
999.4	-71.6757
999.6	-71.6742
999.8	-71.6727
1000	-71.6711
