label:PY[0].soma.m_im
5001
0	0
0.2	3.70744e-05
0.4	7.41019e-05
0.6	0.000111083
0.8	0.000148016
1	0.000184903
1.2	0.000221743
1.4	0.000258537
1.6	0.000295283
1.8	0.000331983
2	0.000368636
2.2	0.000405243
2.4	0.000441802
2.6	0.000478316
2.8	0.000514782
3	0.000551203
3.2	0.000587576
3.4	0.000623904
3.6	0.000660185
3.8	0.000696419
4	0.000732607
4.2	0.000768749
4.4	0.000804844
4.6	0.000840894
4.8	0.000876897
5	0.000912854
5.2	0.000948765
5.4	0.000984629
5.6	0.00102045
5.8	0.00105622
6	0.00109195
6.2	0.00112763
6.4	0.00116326
6.6	0.00119885
6.8	0.0012344
7	0.00126989
7.2	0.00130534
7.4	0.00134075
7.6	0.00137611
7.8	0.00141143
8	0.00144669
8.2	0.00148192
8.4	0.0015171
8.6	0.00155223
8.8	0.00158732
9	0.00162236
9.2	0.00165736
9.4	0.00169231
9.6	0.00172721
9.8	0.00176207
10	0.00179689
10.2	0.00183166
10.4	0.00186639
10.6	0.00190107
10.8	0.0019357
11	0.00197029
11.2	0.00200484
11.4	0.00203934
11.6	0.0020738
11.8	0.00210821
12	0.00214258
12.2	0.0021769
12.4	0.00221118
12.6	0.00224541
12.8	0.0022796
13	0.00231374
13.2	0.00234784
13.4	0.0023819
13.6	0.00241591
13.8	0.00244988
14	0.0024838
14.2	0.00251768
14.4	0.00255151
14.6	0.0025853
14.8	0.00261905
15	0.00265275
15.2	0.00268641
15.4	0.00272003
15.6	0.0027536
15.8	0.00278712
16	0.00282061
16.2	0.00285405
16.4	0.00288744
16.6	0.00292079
16.8	0.0029541
17	0.00298737
17.2	0.00302059
17.4	0.00305377
17.6	0.0030869
17.8	0.00311999
18	0.00315304
18.2	0.00318605
18.4	0.00321901
18.6	0.00325193
18.8	0.00328481
19	0.00331764
19.2	0.00335043
19.4	0.00338318
19.6	0.00341588
19.8	0.00344854
20	0.00348116
20.2	0.00351374
20.4	0.00354627
20.6	0.00357876
20.8	0.00361121
21	0.00364361
21.2	0.00367598
21.4	0.0037083
21.6	0.00374058
21.8	0.00377281
22	0.003805
22.2	0.00383716
22.4	0.00386927
22.6	0.00390133
22.8	0.00393336
23	0.00396534
23.2	0.00399728
23.4	0.00402918
23.6	0.00406104
23.8	0.00409285
24	0.00412463
24.2	0.00415636
24.4	0.00418805
24.6	0.0042197
24.8	0.00425131
25	0.00428287
25.2	0.00431439
25.4	0.00434588
25.6	0.00437732
25.8	0.00440872
26	0.00444008
26.2	0.00447139
26.4	0.00450267
26.6	0.0045339
26.8	0.0045651
27	0.00459625
27.2	0.00462736
27.4	0.00465843
27.6	0.00468946
27.8	0.00472045
28	0.0047514
28.2	0.00478231
28.4	0.00481318
28.6	0.004844
28.8	0.00487479
29	0.00490553
29.2	0.00493624
29.4	0.0049669
29.6	0.00499753
29.8	0.00502811
30	0.00505865
30.2	0.00508916
30.4	0.00511962
30.6	0.00515004
30.8	0.00518042
31	0.00521077
31.2	0.00524107
31.4	0.00527133
31.6	0.00530155
31.8	0.00533174
32	0.00536188
32.2	0.00539198
32.4	0.00542205
32.6	0.00545207
32.8	0.00548205
33	0.005512
33.2	0.0055419
33.4	0.00557177
33.6	0.0056016
33.8	0.00563138
34	0.00566113
34.2	0.00569084
34.4	0.00572051
34.6	0.00575014
34.8	0.00577973
35	0.00580928
35.2	0.00583879
35.4	0.00586827
35.6	0.0058977
35.8	0.0059271
36	0.00595645
36.2	0.00598577
36.4	0.00601505
36.6	0.00604429
36.8	0.0060735
37	0.00610266
37.2	0.00613178
37.4	0.00616087
37.6	0.00618992
37.8	0.00621893
38	0.0062479
38.2	0.00627683
38.4	0.00630573
38.6	0.00633459
38.8	0.0063634
39	0.00639219
39.2	0.00642093
39.4	0.00644963
39.6	0.0064783
39.8	0.00650693
40	0.00653552
40.2	0.00656407
40.4	0.00659259
40.6	0.00662106
40.8	0.0066495
41	0.00667791
41.2	0.00670627
41.4	0.0067346
41.6	0.00676289
41.8	0.00679114
42	0.00681935
42.2	0.00684753
42.4	0.00687567
42.6	0.00690377
42.8	0.00693184
43	0.00695987
43.2	0.00698786
43.4	0.00701581
43.6	0.00704373
43.8	0.00707161
44	0.00709945
44.2	0.00712726
44.4	0.00715503
44.6	0.00718276
44.8	0.00721046
45	0.00723812
45.2	0.00726574
45.4	0.00729333
45.6	0.00732088
45.8	0.00734839
46	0.00737587
46.2	0.00740331
46.4	0.00743071
46.6	0.00745808
46.8	0.00748541
47	0.0075127
47.2	0.00753996
47.4	0.00756719
47.6	0.00759437
47.8	0.00762152
48	0.00764864
48.2	0.00767572
48.4	0.00770276
48.6	0.00772977
48.8	0.00775674
49	0.00778367
49.2	0.00781057
49.4	0.00783744
49.6	0.00786427
49.8	0.00789106
50	0.00791782
50.2	0.00794454
50.4	0.00797122
50.6	0.00799788
50.8	0.00802449
51	0.00805107
51.2	0.00807762
51.4	0.00810413
51.6	0.0081306
51.8	0.00815704
52	0.00818344
52.2	0.00820981
52.4	0.00823615
52.6	0.00826245
52.8	0.00828871
53	0.00831494
53.2	0.00834114
53.4	0.0083673
53.6	0.00839342
53.8	0.00841951
54	0.00844557
54.2	0.00847159
54.4	0.00849758
54.6	0.00852353
54.8	0.00854945
55	0.00857533
55.2	0.00860118
55.4	0.00862699
55.6	0.00865277
55.8	0.00867852
56	0.00870423
56.2	0.00872991
56.4	0.00875555
56.6	0.00878116
56.8	0.00880674
57	0.00883228
57.2	0.00885779
57.4	0.00888326
57.6	0.0089087
57.8	0.00893411
58	0.00895948
58.2	0.00898482
58.4	0.00901012
58.6	0.00903539
58.8	0.00906063
59	0.00908584
59.2	0.00911101
59.4	0.00913614
59.6	0.00916125
59.8	0.00918632
60	0.00921135
60.2	0.00923636
60.4	0.00926133
60.6	0.00928627
60.8	0.00931117
61	0.00933604
61.2	0.00936088
61.4	0.00938568
61.6	0.00941046
61.8	0.00943519
62	0.0094599
62.2	0.00948457
62.4	0.00950921
62.6	0.00953382
62.8	0.0095584
63	0.00958294
63.2	0.00960745
63.4	0.00963192
63.6	0.00965637
63.8	0.00968078
64	0.00970516
64.2	0.00972951
64.4	0.00975382
64.6	0.0097781
64.8	0.00980235
65	0.00982657
65.2	0.00985075
65.4	0.00987491
65.6	0.00989903
65.8	0.00992312
66	0.00994717
66.2	0.0099712
66.4	0.00999519
66.6	0.0100192
66.8	0.0100431
67	0.010067
67.2	0.0100908
67.4	0.0101147
67.6	0.0101385
67.8	0.0101622
68	0.010186
68.2	0.0102097
68.4	0.0102334
68.6	0.010257
68.8	0.0102806
69	0.0103042
69.2	0.0103278
69.4	0.0103513
69.6	0.0103748
69.8	0.0103982
70	0.0104216
70.2	0.010445
70.4	0.0104684
70.6	0.0104917
70.8	0.010515
71	0.0105383
71.2	0.0105615
71.4	0.0105847
71.6	0.0106079
71.8	0.010631
72	0.0106542
72.2	0.0106772
72.4	0.0107003
72.6	0.0107233
72.8	0.0107463
73	0.0107693
73.2	0.0107922
73.4	0.0108151
73.6	0.010838
73.8	0.0108608
74	0.0108836
74.2	0.0109064
74.4	0.0109291
74.6	0.0109519
74.8	0.0109745
75	0.0109972
75.2	0.0110198
75.4	0.0110424
75.6	0.011065
75.8	0.0110875
76	0.01111
76.2	0.0111325
76.4	0.0111549
76.6	0.0111774
76.8	0.0111997
77	0.0112221
77.2	0.0112444
77.4	0.0112667
77.6	0.011289
77.8	0.0113112
78	0.0113334
78.2	0.0113556
78.4	0.0113777
78.6	0.0113999
78.8	0.011422
79	0.011444
79.2	0.011466
79.4	0.011488
79.6	0.01151
79.8	0.011532
80	0.0115539
80.2	0.0115757
80.4	0.0115976
80.6	0.0116194
80.8	0.0116412
81	0.011663
81.2	0.0116847
81.4	0.0117064
81.6	0.0117281
81.8	0.0117498
82	0.0117714
82.2	0.011793
82.4	0.0118145
82.6	0.0118361
82.8	0.0118576
83	0.011879
83.2	0.0119005
83.4	0.0119219
83.6	0.0119433
83.8	0.0119647
84	0.011986
84.2	0.0120073
84.4	0.0120286
84.6	0.0120498
84.8	0.0120711
85	0.0120922
85.2	0.0121134
85.4	0.0121345
85.6	0.0121557
85.8	0.0121767
86	0.0121978
86.2	0.0122188
86.4	0.0122398
86.6	0.0122608
86.8	0.0122817
87	0.0123026
87.2	0.0123235
87.4	0.0123444
87.6	0.0123652
87.8	0.012386
88	0.0124067
88.2	0.0124275
88.4	0.0124482
88.6	0.0124689
88.8	0.0124896
89	0.0125102
89.2	0.0125308
89.4	0.0125514
89.6	0.0125719
89.8	0.0125924
90	0.0126129
90.2	0.0126334
90.4	0.0126538
90.6	0.0126743
90.8	0.0126946
91	0.012715
91.2	0.0127353
91.4	0.0127556
91.6	0.0127759
91.8	0.0127962
92	0.0128164
92.2	0.0128366
92.4	0.0128567
92.6	0.0128769
92.8	0.012897
93	0.0129171
93.2	0.0129371
93.4	0.0129572
93.6	0.0129772
93.8	0.0129972
94	0.0130171
94.2	0.013037
94.4	0.0130569
94.6	0.0130768
94.8	0.0130967
95	0.0131165
95.2	0.0131363
95.4	0.0131561
95.6	0.0131758
95.8	0.0131955
96	0.0132152
96.2	0.0132349
96.4	0.0132545
96.6	0.0132741
96.8	0.0132937
97	0.0133132
97.2	0.0133328
97.4	0.0133523
97.6	0.0133718
97.8	0.0133912
98	0.0134106
98.2	0.01343
98.4	0.0134494
98.6	0.0134688
98.8	0.0134881
99	0.0135074
99.2	0.0135266
99.4	0.0135459
99.6	0.0135651
99.8	0.0135843
100	0.0136035
100.2	0.0136226
100.4	0.0136417
100.6	0.0136608
100.8	0.0136799
101	0.0136989
101.2	0.0137179
101.4	0.0137369
101.6	0.0137559
101.8	0.0137748
102	0.0137937
102.2	0.0138126
102.4	0.0138315
102.6	0.0138503
102.8	0.0138691
103	0.0138879
103.2	0.0139067
103.4	0.0139254
103.6	0.0139441
103.8	0.0139628
104	0.0139815
104.2	0.0140001
104.4	0.0140187
104.6	0.0140373
104.8	0.0140559
105	0.0140744
105.2	0.0140929
105.4	0.0141114
105.6	0.0141298
105.8	0.0141483
106	0.0141667
106.2	0.0141851
106.4	0.0142034
106.6	0.0142218
106.8	0.0142401
107	0.0142584
107.2	0.0142766
107.4	0.0142949
107.6	0.0143131
107.8	0.0143313
108	0.0143495
108.2	0.0143676
108.4	0.0143857
108.6	0.0144038
108.8	0.0144219
109	0.0144399
109.2	0.0144579
109.4	0.0144759
109.6	0.0144939
109.8	0.0145119
110	0.0145298
110.2	0.0145477
110.4	0.0145656
110.6	0.0145834
110.8	0.0146012
111	0.014619
111.2	0.0146368
111.4	0.0146546
111.6	0.0146723
111.8	0.01469
112	0.0147077
112.2	0.0147254
112.4	0.014743
112.6	0.0147606
112.8	0.0147782
113	0.0147958
113.2	0.0148133
113.4	0.0148308
113.6	0.0148483
113.8	0.0148658
114	0.0148833
114.2	0.0149007
114.4	0.0149181
114.6	0.0149355
114.8	0.0149528
115	0.0149701
115.2	0.0149875
115.4	0.0150047
115.6	0.015022
115.8	0.0150392
116	0.0150565
116.2	0.0150736
116.4	0.0150908
116.6	0.015108
116.8	0.0151251
117	0.0151422
117.2	0.0151593
117.4	0.0151763
117.6	0.0151934
117.8	0.0152104
118	0.0152274
118.2	0.0152443
118.4	0.0152613
118.6	0.0152782
118.8	0.0152951
119	0.0153119
119.2	0.0153288
119.4	0.0153456
119.6	0.0153624
119.8	0.0153792
120	0.015396
120.2	0.0154127
120.4	0.0154294
120.6	0.0154461
120.8	0.0154628
121	0.0154794
121.2	0.015496
121.4	0.0155127
121.6	0.0155292
121.8	0.0155458
122	0.0155623
122.2	0.0155788
122.4	0.0155953
122.6	0.0156118
122.8	0.0156282
123	0.0156447
123.2	0.0156611
123.4	0.0156775
123.6	0.0156938
123.8	0.0157102
124	0.0157265
124.2	0.0157428
124.4	0.015759
124.6	0.0157753
124.8	0.0157915
125	0.0158077
125.2	0.0158239
125.4	0.0158401
125.6	0.0158562
125.8	0.0158723
126	0.0158884
126.2	0.0159045
126.4	0.0159205
126.6	0.0159366
126.8	0.0159526
127	0.0159686
127.2	0.0159845
127.4	0.0160005
127.6	0.0160164
127.8	0.0160323
128	0.0160482
128.2	0.0160641
128.4	0.0160799
128.6	0.0160957
128.8	0.0161115
129	0.0161273
129.2	0.016143
129.4	0.0161588
129.6	0.0161745
129.8	0.0161902
130	0.0162058
130.2	0.0162215
130.4	0.0162371
130.6	0.0162527
130.8	0.0162683
131	0.0162839
131.2	0.0162994
131.4	0.0163149
131.6	0.0163304
131.8	0.0163459
132	0.0163614
132.2	0.0163768
132.4	0.0163922
132.6	0.0164076
132.8	0.016423
133	0.0164384
133.2	0.0164537
133.4	0.016469
133.6	0.0164843
133.8	0.0164996
134	0.0165148
134.2	0.0165301
134.4	0.0165453
134.6	0.0165605
134.8	0.0165756
135	0.0165908
135.2	0.0166059
135.4	0.016621
135.6	0.0166361
135.8	0.0166512
136	0.0166662
136.2	0.0166813
136.4	0.0166963
136.6	0.0167113
136.8	0.0167262
137	0.0167412
137.2	0.0167561
137.4	0.016771
137.6	0.0167859
137.8	0.0168008
138	0.0168156
138.2	0.0168304
138.4	0.0168453
138.6	0.01686
138.8	0.0168748
139	0.0168896
139.2	0.0169043
139.4	0.016919
139.6	0.0169337
139.8	0.0169483
140	0.016963
140.2	0.0169776
140.4	0.0169922
140.6	0.0170068
140.8	0.0170214
141	0.0170359
141.2	0.0170505
141.4	0.017065
141.6	0.0170795
141.8	0.0170939
142	0.0171084
142.2	0.0171228
142.4	0.0171372
142.6	0.0171516
142.8	0.017166
143	0.0171804
143.2	0.0171947
143.4	0.017209
143.6	0.0172233
143.8	0.0172376
144	0.0172519
144.2	0.0172661
144.4	0.0172803
144.6	0.0172945
144.8	0.0173087
145	0.0173229
145.2	0.017337
145.4	0.0173511
145.6	0.0173652
145.8	0.0173793
146	0.0173934
146.2	0.0174074
146.4	0.0174215
146.6	0.0174355
146.8	0.0174495
147	0.0174635
147.2	0.0174774
147.4	0.0174913
147.6	0.0175053
147.8	0.0175192
148	0.017533
148.2	0.0175469
148.4	0.0175607
148.6	0.0175746
148.8	0.0175884
149	0.0176022
149.2	0.0176159
149.4	0.0176297
149.6	0.0176434
149.8	0.0176571
150	0.0176708
150.2	0.0176845
150.4	0.0176981
150.6	0.0177118
150.8	0.0177254
151	0.017739
151.2	0.0177526
151.4	0.0177662
151.6	0.0177797
151.8	0.0177932
152	0.0178067
152.2	0.0178202
152.4	0.0178337
152.6	0.0178472
152.8	0.0178606
153	0.017874
153.2	0.0178874
153.4	0.0179008
153.6	0.0179142
153.8	0.0179275
154	0.0179408
154.2	0.0179542
154.4	0.0179674
154.6	0.0179807
154.8	0.017994
155	0.0180072
155.2	0.0180204
155.4	0.0180336
155.6	0.0180468
155.8	0.01806
156	0.0180731
156.2	0.0180863
156.4	0.0180994
156.6	0.0181125
156.8	0.0181256
157	0.0181386
157.2	0.0181517
157.4	0.0181647
157.6	0.0181777
157.8	0.0181907
158	0.0182037
158.2	0.0182166
158.4	0.0182296
158.6	0.0182425
158.8	0.0182554
159	0.0182683
159.2	0.0182811
159.4	0.018294
159.6	0.0183068
159.8	0.0183196
160	0.0183324
160.2	0.0183452
160.4	0.018358
160.6	0.0183707
160.8	0.0183835
161	0.0183962
161.2	0.0184089
161.4	0.0184216
161.6	0.0184342
161.8	0.0184469
162	0.0184595
162.2	0.0184721
162.4	0.0184847
162.6	0.0184973
162.8	0.0185098
163	0.0185224
163.2	0.0185349
163.4	0.0185474
163.6	0.0185599
163.8	0.0185724
164	0.0185848
164.2	0.0185973
164.4	0.0186097
164.6	0.0186221
164.8	0.0186345
165	0.0186469
165.2	0.0186592
165.4	0.0186716
165.6	0.0186839
165.8	0.0186962
166	0.0187085
166.2	0.0187208
166.4	0.018733
166.6	0.0187453
166.8	0.0187575
167	0.0187697
167.2	0.0187819
167.4	0.0187941
167.6	0.0188062
167.8	0.0188184
168	0.0188305
168.2	0.0188426
168.4	0.0188547
168.6	0.0188668
168.8	0.0188789
169	0.0188909
169.2	0.0189029
169.4	0.0189149
169.6	0.0189269
169.8	0.0189389
170	0.0189509
170.2	0.0189628
170.4	0.0189748
170.6	0.0189867
170.8	0.0189986
171	0.0190104
171.2	0.0190223
171.4	0.0190342
171.6	0.019046
171.8	0.0190578
172	0.0190696
172.2	0.0190814
172.4	0.0190932
172.6	0.0191049
172.8	0.0191167
173	0.0191284
173.2	0.0191401
173.4	0.0191518
173.6	0.0191635
173.8	0.0191751
174	0.0191868
174.2	0.0191984
174.4	0.01921
174.6	0.0192216
174.8	0.0192332
175	0.0192448
175.2	0.0192563
175.4	0.0192678
175.6	0.0192794
175.8	0.0192909
176	0.0193024
176.2	0.0193138
176.4	0.0193253
176.6	0.0193367
176.8	0.0193481
177	0.0193596
177.2	0.019371
177.4	0.0193823
177.6	0.0193937
177.8	0.019405
178	0.0194164
178.2	0.0194277
178.4	0.019439
178.6	0.0194503
178.8	0.0194616
179	0.0194728
179.2	0.0194841
179.4	0.0194953
179.6	0.0195065
179.8	0.0195177
180	0.0195289
180.2	0.01954
180.4	0.0195512
180.6	0.0195623
180.8	0.0195734
181	0.0195845
181.2	0.0195956
181.4	0.0196067
181.6	0.0196178
181.8	0.0196288
182	0.0196398
182.2	0.0196509
182.4	0.0196619
182.6	0.0196729
182.8	0.0196838
183	0.0196948
183.2	0.0197057
183.4	0.0197166
183.6	0.0197276
183.8	0.0197385
184	0.0197493
184.2	0.0197602
184.4	0.0197711
184.6	0.0197819
184.8	0.0197927
185	0.0198035
185.2	0.0198143
185.4	0.0198251
185.6	0.0198359
185.8	0.0198466
186	0.0198574
186.2	0.0198681
186.4	0.0198788
186.6	0.0198895
186.8	0.0199002
187	0.0199108
187.2	0.0199215
187.4	0.0199321
187.6	0.0199427
187.8	0.0199533
188	0.0199639
188.2	0.0199745
188.4	0.0199851
188.6	0.0199956
188.8	0.0200061
189	0.0200167
189.2	0.0200272
189.4	0.0200377
189.6	0.0200481
189.8	0.0200586
190	0.020069
190.2	0.0200795
190.4	0.0200899
190.6	0.0201003
190.8	0.0201107
191	0.0201211
191.2	0.0201314
191.4	0.0201418
191.6	0.0201521
191.8	0.0201625
192	0.0201728
192.2	0.0201831
192.4	0.0201933
192.6	0.0202036
192.8	0.0202139
193	0.0202241
193.2	0.0202343
193.4	0.0202445
193.6	0.0202547
193.8	0.0202649
194	0.0202751
194.2	0.0202852
194.4	0.0202954
194.6	0.0203055
194.8	0.0203156
195	0.0203257
195.2	0.0203358
195.4	0.0203459
195.6	0.0203559
195.8	0.020366
196	0.020376
196.2	0.020386
196.4	0.020396
196.6	0.020406
196.8	0.020416
197	0.020426
197.2	0.0204359
197.4	0.0204459
197.6	0.0204558
197.8	0.0204657
198	0.0204756
198.2	0.0204855
198.4	0.0204954
198.6	0.0205052
198.8	0.0205151
199	0.0205249
199.2	0.0205347
199.4	0.0205445
199.6	0.0205543
199.8	0.0205641
200	0.0205738
200.2	0.0205836
200.4	0.0205933
200.6	0.0206031
200.8	0.0206128
201	0.0206225
201.2	0.0206322
201.4	0.0206418
201.6	0.0206515
201.8	0.0206611
202	0.0206708
202.2	0.0206804
202.4	0.02069
202.6	0.0206996
202.8	0.0207092
203	0.0207187
203.2	0.0207283
203.4	0.0207378
203.6	0.0207474
203.8	0.0207569
204	0.0207664
204.2	0.0207759
204.4	0.0207854
204.6	0.0207948
204.8	0.0208043
205	0.0208137
205.2	0.0208231
205.4	0.0208325
205.6	0.0208419
205.8	0.0208513
206	0.0208607
206.2	0.0208701
206.4	0.0208794
206.6	0.0208888
206.8	0.0208981
207	0.0209074
207.2	0.0209167
207.4	0.020926
207.6	0.0209353
207.8	0.0209445
208	0.0209538
208.2	0.020963
208.4	0.0209722
208.6	0.0209814
208.8	0.0209906
209	0.0209998
209.2	0.021009
209.4	0.0210182
209.6	0.0210273
209.8	0.0210364
210	0.0210456
210.2	0.0210547
210.4	0.0210638
210.6	0.0210729
210.8	0.0210819
211	0.021091
211.2	0.0211001
211.4	0.0211091
211.6	0.0211181
211.8	0.0211271
212	0.0211361
212.2	0.0211451
212.4	0.0211541
212.6	0.0211631
212.8	0.021172
213	0.021181
213.2	0.0211899
213.4	0.0211988
213.6	0.0212077
213.8	0.0212166
214	0.0212255
214.2	0.0212343
214.4	0.0212432
214.6	0.021252
214.8	0.0212609
215	0.0212697
215.2	0.0212785
215.4	0.0212873
215.6	0.0212961
215.8	0.0213049
216	0.0213136
216.2	0.0213224
216.4	0.0213311
216.6	0.0213398
216.8	0.0213485
217	0.0213572
217.2	0.0213659
217.4	0.0213746
217.6	0.0213833
217.8	0.0213919
218	0.0214006
218.2	0.0214092
218.4	0.0214178
218.6	0.0214264
218.8	0.021435
219	0.0214436
219.2	0.0214522
219.4	0.0214607
219.6	0.0214693
219.8	0.0214778
220	0.0214863
220.2	0.0214949
220.4	0.0215034
220.6	0.0215118
220.8	0.0215203
221	0.0215288
221.2	0.0215373
221.4	0.0215457
221.6	0.0215541
221.8	0.0215626
222	0.021571
222.2	0.0215794
222.4	0.0215878
222.6	0.0215961
222.8	0.0216045
223	0.0216128
223.2	0.0216212
223.4	0.0216295
223.6	0.0216378
223.8	0.0216461
224	0.0216544
224.2	0.0216627
224.4	0.021671
224.6	0.0216793
224.8	0.0216875
225	0.0216958
225.2	0.021704
225.4	0.0217122
225.6	0.0217204
225.8	0.0217286
226	0.0217368
226.2	0.021745
226.4	0.0217531
226.6	0.0217613
226.8	0.0217694
227	0.0217776
227.2	0.0217857
227.4	0.0217938
227.6	0.0218019
227.8	0.02181
228	0.021818
228.2	0.0218261
228.4	0.0218342
228.6	0.0218422
228.8	0.0218502
229	0.0218583
229.2	0.0218663
229.4	0.0218743
229.6	0.0218822
229.8	0.0218902
230	0.0218982
230.2	0.0219061
230.4	0.0219141
230.6	0.021922
230.8	0.0219299
231	0.0219379
231.2	0.0219458
231.4	0.0219537
231.6	0.0219615
231.8	0.0219694
232	0.0219773
232.2	0.0219851
232.4	0.0219929
232.6	0.0220008
232.8	0.0220086
233	0.0220164
233.2	0.0220242
233.4	0.022032
233.6	0.0220397
233.8	0.0220475
234	0.0220553
234.2	0.022063
234.4	0.0220707
234.6	0.0220785
234.8	0.0220862
235	0.0220939
235.2	0.0221016
235.4	0.0221092
235.6	0.0221169
235.8	0.0221246
236	0.0221322
236.2	0.0221398
236.4	0.0221475
236.6	0.0221551
236.8	0.0221627
237	0.0221703
237.2	0.0221779
237.4	0.0221854
237.6	0.022193
237.8	0.0222006
238	0.0222081
238.2	0.0222156
238.4	0.0222232
238.6	0.0222307
238.8	0.0222382
239	0.0222457
239.2	0.0222532
239.4	0.0222606
239.6	0.0222681
239.8	0.0222756
240	0.022283
240.2	0.0222904
240.4	0.0222978
240.6	0.0223053
240.8	0.0223127
241	0.0223201
241.2	0.0223274
241.4	0.0223348
241.6	0.0223422
241.8	0.0223495
242	0.0223569
242.2	0.0223642
242.4	0.0223715
242.6	0.0223788
242.8	0.0223861
243	0.0223934
243.2	0.0224007
243.4	0.022408
243.6	0.0224152
243.8	0.0224225
244	0.0224297
244.2	0.022437
244.4	0.0224442
244.6	0.0224514
244.8	0.0224586
245	0.0224658
245.2	0.022473
245.4	0.0224802
245.6	0.0224873
245.8	0.0224945
246	0.0225016
246.2	0.0225088
246.4	0.0225159
246.6	0.022523
246.8	0.0225301
247	0.0225372
247.2	0.0225443
247.4	0.0225514
247.6	0.0225584
247.8	0.0225655
248	0.0225725
248.2	0.0225796
248.4	0.0225866
248.6	0.0225936
248.8	0.0226006
249	0.0226076
249.2	0.0226146
249.4	0.0226216
249.6	0.0226286
249.8	0.0226356
250	0.0226425
250.2	0.0226495
250.4	0.0226564
250.6	0.0226633
250.8	0.0226702
251	0.0226771
251.2	0.022684
251.4	0.0226909
251.6	0.0226978
251.8	0.0227047
252	0.0227115
252.2	0.0227184
252.4	0.0227252
252.6	0.022732
252.8	0.0227389
253	0.0227457
253.2	0.0227525
253.4	0.0227593
253.6	0.0227661
253.8	0.0227728
254	0.0227796
254.2	0.0227864
254.4	0.0227931
254.6	0.0227999
254.8	0.0228066
255	0.0228133
255.2	0.02282
255.4	0.0228267
255.6	0.0228334
255.8	0.0228401
256	0.0228468
256.2	0.0228534
256.4	0.0228601
256.6	0.0228667
256.8	0.0228734
257	0.02288
257.2	0.0228866
257.4	0.0228932
257.6	0.0228998
257.8	0.0229064
258	0.022913
258.2	0.0229196
258.4	0.0229262
258.6	0.0229327
258.8	0.0229393
259	0.0229458
259.2	0.0229523
259.4	0.0229589
259.6	0.0229654
259.8	0.0229719
260	0.0229784
260.2	0.0229849
260.4	0.0229913
260.6	0.0229978
260.8	0.0230043
261	0.0230107
261.2	0.0230172
261.4	0.0230236
261.6	0.02303
261.8	0.0230365
262	0.0230429
262.2	0.0230493
262.4	0.0230556
262.6	0.023062
262.8	0.0230684
263	0.0230748
263.2	0.0230811
263.4	0.0230875
263.6	0.0230938
263.8	0.0231001
264	0.0231065
264.2	0.0231128
264.4	0.0231191
264.6	0.0231254
264.8	0.0231317
265	0.0231379
265.2	0.0231442
265.4	0.0231505
265.6	0.0231567
265.8	0.023163
266	0.0231692
266.2	0.0231754
266.4	0.0231817
266.6	0.0231879
266.8	0.0231941
267	0.0232003
267.2	0.0232064
267.4	0.0232126
267.6	0.0232188
267.8	0.0232249
268	0.0232311
268.2	0.0232372
268.4	0.0232434
268.6	0.0232495
268.8	0.0232556
269	0.0232617
269.2	0.0232678
269.4	0.0232739
269.6	0.02328
269.8	0.0232861
270	0.0232922
270.2	0.0232982
270.4	0.0233043
270.6	0.0233103
270.8	0.0233164
271	0.0233224
271.2	0.0233284
271.4	0.0233344
271.6	0.0233404
271.8	0.0233464
272	0.0233524
272.2	0.0233584
272.4	0.0233643
272.6	0.0233703
272.8	0.0233763
273	0.0233822
273.2	0.0233881
273.4	0.0233941
273.6	0.0234
273.8	0.0234059
274	0.0234118
274.2	0.0234177
274.4	0.0234236
274.6	0.0234295
274.8	0.0234354
275	0.0234412
275.2	0.0234471
275.4	0.0234529
275.6	0.0234588
275.8	0.0234646
276	0.0234704
276.2	0.0234762
276.4	0.0234821
276.6	0.0234879
276.8	0.0234936
277	0.0234994
277.2	0.0235052
277.4	0.023511
277.6	0.0235167
277.8	0.0235225
278	0.0235282
278.2	0.023534
278.4	0.0235397
278.6	0.0235454
278.8	0.0235512
279	0.0235569
279.2	0.0235626
279.4	0.0235683
279.6	0.0235739
279.8	0.0235796
280	0.0235853
280.2	0.0235909
280.4	0.0235966
280.6	0.0236022
280.8	0.0236079
281	0.0236135
281.2	0.0236191
281.4	0.0236248
281.6	0.0236304
281.8	0.023636
282	0.0236416
282.2	0.0236471
282.4	0.0236527
282.6	0.0236583
282.8	0.0236638
283	0.0236694
283.2	0.0236749
283.4	0.0236805
283.6	0.023686
283.8	0.0236915
284	0.0236971
284.2	0.0237026
284.4	0.0237081
284.6	0.0237136
284.8	0.023719
285	0.0237245
285.2	0.02373
285.4	0.0237355
285.6	0.0237409
285.8	0.0237464
286	0.0237518
286.2	0.0237572
286.4	0.0237627
286.6	0.0237681
286.8	0.0237735
287	0.0237789
287.2	0.0237843
287.4	0.0237897
287.6	0.0237951
287.8	0.0238005
288	0.0238058
288.2	0.0238112
288.4	0.0238165
288.6	0.0238219
288.8	0.0238272
289	0.0238326
289.2	0.0238379
289.4	0.0238432
289.6	0.0238485
289.8	0.0238538
290	0.0238591
290.2	0.0238644
290.4	0.0238697
290.6	0.023875
290.8	0.0238802
291	0.0238855
291.2	0.0238907
291.4	0.023896
291.6	0.0239012
291.8	0.0239064
292	0.0239117
292.2	0.0239169
292.4	0.0239221
292.6	0.0239273
292.8	0.0239325
293	0.0239377
293.2	0.0239429
293.4	0.023948
293.6	0.0239532
293.8	0.0239584
294	0.0239635
294.2	0.0239687
294.4	0.0239738
294.6	0.0239789
294.8	0.0239841
295	0.0239892
295.2	0.0239943
295.4	0.0239994
295.6	0.0240045
295.8	0.0240096
296	0.0240147
296.2	0.0240197
296.4	0.0240248
296.6	0.0240299
296.8	0.0240349
297	0.02404
297.2	0.024045
297.4	0.0240501
297.6	0.0240551
297.8	0.0240601
298	0.0240651
298.2	0.0240701
298.4	0.0240751
298.6	0.0240801
298.8	0.0240851
299	0.0240901
299.2	0.0240951
299.4	0.0241
299.6	0.024105
299.8	0.0241099
300	0.0241149
300.2	0.024122
300.4	0.0241321
300.6	0.0241451
300.8	0.024161
301	0.0241799
301.2	0.0242017
301.4	0.0242265
301.6	0.0242543
301.8	0.0242851
302	0.024319
302.2	0.024356
302.4	0.0243962
302.6	0.0244397
302.8	0.0244864
303	0.0245365
303.2	0.02459
303.4	0.024647
303.6	0.0247076
303.8	0.0247719
304	0.0248398
304.2	0.0249117
304.4	0.0249874
304.6	0.0250671
304.8	0.025151
305	0.025239
305.2	0.0253314
305.4	0.0254283
305.6	0.0255297
305.8	0.0256359
306	0.0257471
306.2	0.0258634
306.4	0.0259852
306.6	0.0261129
306.8	0.0262468
307	0.0263875
307.2	0.0265361
307.4	0.0266935
307.6	0.0268618
307.8	0.0270442
308	0.0272464
308.2	0.0274822
308.4	0.0277984
308.6	0.0286659
308.8	0.044959
309	0.0768883
309.2	0.0954165
309.4	0.101551
309.6	0.103219
309.8	0.103651
310	0.103728
310.2	0.103714
310.4	0.103668
310.6	0.103609
310.8	0.103545
311	0.103482
311.2	0.103422
311.4	0.103366
311.6	0.103314
311.8	0.103266
312	0.103223
312.2	0.103185
312.4	0.103151
312.6	0.103122
312.8	0.103097
313	0.103076
313.2	0.10306
313.4	0.103048
313.6	0.103041
313.8	0.103037
314	0.103038
314.2	0.103044
314.4	0.103053
314.6	0.103067
314.8	0.103085
315	0.103107
315.2	0.103134
315.4	0.103165
315.6	0.1032
315.8	0.10324
316	0.103284
316.2	0.103333
316.4	0.103387
316.6	0.103445
316.8	0.103509
317	0.103578
317.2	0.103652
317.4	0.103732
317.6	0.103819
317.8	0.103913
318	0.104015
318.2	0.104128
318.4	0.104253
318.6	0.104395
318.8	0.104565
319	0.104793
319.2	0.105276
319.4	0.113209
319.6	0.14142
319.8	0.161787
320	0.169197
320.2	0.171223
320.4	0.171732
320.6	0.171801
320.8	0.171744
321	0.171639
321.2	0.171512
321.4	0.171378
321.6	0.171243
321.8	0.171111
322	0.170983
322.2	0.170862
322.4	0.170746
322.6	0.170636
322.8	0.170531
323	0.170433
323.2	0.17034
323.4	0.170252
323.6	0.170169
323.8	0.170092
324	0.17002
324.2	0.169952
324.4	0.16989
324.6	0.169832
324.8	0.169779
325	0.16973
325.2	0.169686
325.4	0.169646
325.6	0.169611
325.8	0.169581
326	0.169554
326.2	0.169532
326.4	0.169514
326.6	0.169501
326.8	0.169492
327	0.169487
327.2	0.169487
327.4	0.169492
327.6	0.1695
327.8	0.169514
328	0.169532
328.2	0.169556
328.4	0.169585
328.6	0.169619
328.8	0.16966
329	0.169707
329.2	0.169763
329.4	0.169828
329.6	0.169905
329.8	0.169998
330	0.170116
330.2	0.170287
330.4	0.170664
330.6	0.176665
330.8	0.202473
331	0.222422
331.2	0.22997
331.4	0.232048
331.6	0.232553
331.8	0.232595
332	0.232493
332.2	0.232332
332.4	0.232142
332.6	0.231942
332.8	0.23174
333	0.231542
333.2	0.231349
333.4	0.231163
333.6	0.230984
333.8	0.230812
334	0.230646
334.2	0.230488
334.4	0.230335
334.6	0.230189
334.8	0.230049
335	0.229915
335.2	0.229787
335.4	0.229664
335.6	0.229547
335.8	0.229434
336	0.229327
336.2	0.229225
336.4	0.229127
336.6	0.229034
336.8	0.228946
337	0.228863
337.2	0.228784
337.4	0.228709
337.6	0.228639
337.8	0.228573
338	0.228511
338.2	0.228454
338.4	0.2284
338.6	0.228351
338.8	0.228306
339	0.228266
339.2	0.228229
339.4	0.228198
339.6	0.22817
339.8	0.228147
340	0.228129
340.2	0.228116
340.4	0.228108
340.6	0.228106
340.8	0.22811
341	0.228122
341.2	0.228142
341.4	0.228172
341.6	0.228217
341.8	0.228282
342	0.228384
342.2	0.228592
342.4	0.230154
342.6	0.249264
342.8	0.271753
343	0.282168
343.2	0.285236
343.4	0.286004
343.6	0.286106
343.8	0.285998
344	0.285804
344.2	0.285568
344.4	0.285312
344.6	0.285052
344.8	0.284794
345	0.284541
345.2	0.284296
345.4	0.284059
345.6	0.283829
345.8	0.283608
346	0.283393
346.2	0.283187
346.4	0.282987
346.6	0.282794
346.8	0.282608
347	0.282428
347.2	0.282254
347.4	0.282086
347.6	0.281923
347.8	0.281766
348	0.281615
348.2	0.281468
348.4	0.281327
348.6	0.281191
348.8	0.281059
349	0.280932
349.2	0.280809
349.4	0.280691
349.6	0.280577
349.8	0.280468
350	0.280363
350.2	0.280262
350.4	0.280165
350.6	0.280072
350.8	0.279983
351	0.279898
351.2	0.279817
351.4	0.279741
351.6	0.279668
351.8	0.279599
352	0.279535
352.2	0.279475
352.4	0.279419
352.6	0.279368
352.8	0.279322
353	0.279281
353.2	0.279246
353.4	0.279218
353.6	0.279197
353.8	0.279184
354	0.279183
354.2	0.279198
354.4	0.279237
354.6	0.279326
354.8	0.279624
355	0.285616
355.2	0.308235
355.4	0.324854
355.6	0.330969
355.8	0.33262
356	0.332973
356.2	0.332927
356.4	0.332738
356.6	0.332477
356.8	0.332181
357	0.331871
357.2	0.331559
357.4	0.331252
357.6	0.330951
357.8	0.330659
358	0.330376
358.2	0.330101
358.4	0.329835
358.6	0.329577
358.8	0.329326
359	0.329084
359.2	0.328848
359.4	0.32862
359.6	0.328398
359.8	0.328183
360	0.327974
360.2	0.327771
360.4	0.327573
360.6	0.327381
360.8	0.327195
361	0.327014
361.2	0.326837
361.4	0.326666
361.6	0.326499
361.8	0.326337
362	0.32618
362.2	0.326027
362.4	0.325878
362.6	0.325734
362.8	0.325593
363	0.325457
363.2	0.325324
363.4	0.325196
363.6	0.325071
363.8	0.324951
364	0.324834
364.2	0.324721
364.4	0.324611
364.6	0.324506
364.8	0.324404
365	0.324307
365.2	0.324213
365.4	0.324124
365.6	0.324038
365.8	0.323958
366	0.323882
366.2	0.323811
366.4	0.323745
366.6	0.323687
366.8	0.323635
367	0.323592
367.2	0.323561
367.4	0.323546
367.6	0.323556
367.8	0.32362
368	0.323948
368.2	0.331613
368.4	0.353274
368.6	0.367534
368.8	0.372499
369	0.373805
369.2	0.374044
369.4	0.373943
369.6	0.373708
369.8	0.373401
370	0.373058
370.2	0.372702
370.4	0.372344
370.6	0.371992
370.8	0.371647
371	0.371312
371.2	0.370985
371.4	0.370669
371.6	0.370361
371.8	0.370062
372	0.369771
372.2	0.369488
372.4	0.369214
372.6	0.368946
372.8	0.368686
373	0.368432
373.2	0.368185
373.4	0.367944
373.6	0.367709
373.8	0.36748
374	0.367257
374.2	0.367039
374.4	0.366826
374.6	0.366618
374.8	0.366415
375	0.366217
375.2	0.366023
375.4	0.365834
375.6	0.36565
375.8	0.365469
376	0.365293
376.2	0.365121
376.4	0.364952
376.6	0.364788
376.8	0.364627
377	0.36447
377.2	0.364317
377.4	0.364168
377.6	0.364022
377.8	0.36388
378	0.363741
378.2	0.363606
378.4	0.363474
378.6	0.363347
378.8	0.363223
379	0.363102
379.2	0.362986
379.4	0.362874
379.6	0.362766
379.8	0.362662
380	0.362564
380.2	0.362471
380.4	0.362384
380.6	0.362303
380.8	0.362231
381	0.36217
381.2	0.362123
381.4	0.362099
381.6	0.362118
381.8	0.362305
382	0.36663
382.2	0.386398
382.4	0.401899
382.6	0.407825
382.8	0.409435
383	0.409756
383.2	0.409669
383.4	0.409424
383.6	0.409093
383.8	0.408716
384	0.408321
384.2	0.407923
384.4	0.407528
384.6	0.407142
384.8	0.406765
385	0.406398
385.2	0.406042
385.4	0.405694
385.6	0.405356
385.8	0.405027
386	0.404707
386.2	0.404395
386.4	0.404091
386.6	0.403794
386.8	0.403504
387	0.403221
387.2	0.402945
387.4	0.402675
387.6	0.402412
387.8	0.402154
388	0.401902
388.2	0.401655
388.4	0.401413
388.6	0.401177
388.8	0.400945
389	0.400719
389.2	0.400496
389.4	0.400279
389.6	0.400065
389.8	0.399856
390	0.399651
390.2	0.39945
390.4	0.399252
390.6	0.399059
390.8	0.398869
391	0.398683
391.2	0.398501
391.4	0.398322
391.6	0.398147
391.8	0.397975
392	0.397806
392.2	0.397641
392.4	0.39748
392.6	0.397321
392.8	0.397167
393	0.397015
393.2	0.396868
393.4	0.396723
393.6	0.396583
393.8	0.396446
394	0.396314
394.2	0.396185
394.4	0.396061
394.6	0.395942
394.8	0.395829
395	0.395722
395.2	0.395623
395.4	0.395532
395.6	0.395454
395.8	0.395393
396	0.395362
396.2	0.395408
396.4	0.396135
396.6	0.408941
396.8	0.427371
397	0.436669
397.2	0.439501
397.4	0.440175
397.6	0.440197
397.8	0.439987
398	0.439662
398.2	0.439271
398.4	0.438849
398.6	0.438417
398.8	0.437987
399	0.437563
399.2	0.437149
399.4	0.436745
399.6	0.436351
399.8	0.435968
400	0.435594
400.2	0.43523
400.4	0.434875
400.6	0.434529
400.8	0.434191
401	0.433861
401.2	0.433538
401.4	0.433223
401.6	0.432915
401.8	0.432614
402	0.432319
402.2	0.43203
402.4	0.431747
402.6	0.431469
402.8	0.431197
403	0.430931
403.2	0.430669
403.4	0.430413
403.6	0.430161
403.8	0.429914
404	0.429671
404.2	0.429432
404.4	0.429198
404.6	0.428968
404.8	0.428742
405	0.428519
405.2	0.428301
405.4	0.428086
405.6	0.427874
405.8	0.427667
406	0.427462
406.2	0.427261
406.4	0.427064
406.6	0.426869
406.8	0.426678
407	0.426491
407.2	0.426306
407.4	0.426125
407.6	0.425947
407.8	0.425772
408	0.4256
408.2	0.425432
408.4	0.425268
408.6	0.425106
408.8	0.424949
409	0.424795
409.2	0.424645
409.4	0.4245
409.6	0.424359
409.8	0.424223
410	0.424093
410.2	0.423969
410.4	0.423854
410.6	0.423749
410.8	0.423658
411	0.423589
411.2	0.423564
411.4	0.423708
411.6	0.428073
411.8	0.446043
412	0.459593
412.2	0.464654
412.4	0.466002
412.6	0.46623
412.8	0.46609
413	0.465793
413.2	0.465404
413.4	0.464966
413.6	0.464508
413.8	0.464047
414	0.46359
414.2	0.463142
414.4	0.462704
414.6	0.462277
414.8	0.461861
415	0.461455
415.2	0.461059
415.4	0.460673
415.6	0.460295
415.8	0.459927
416	0.459567
416.2	0.459215
416.4	0.458871
416.6	0.458534
416.8	0.458204
417	0.457881
417.2	0.457565
417.4	0.457254
417.6	0.45695
417.8	0.456651
418	0.456357
418.2	0.456069
418.4	0.455786
418.6	0.455508
418.8	0.455235
419	0.454966
419.2	0.454702
419.4	0.454442
419.6	0.454186
419.8	0.453934
420	0.453686
420.2	0.453442
420.4	0.453202
420.6	0.452966
420.8	0.452732
421	0.452503
421.2	0.452277
421.4	0.452054
421.6	0.451834
421.8	0.451618
422	0.451405
422.2	0.451195
422.4	0.450988
422.6	0.450784
422.8	0.450583
423	0.450385
423.2	0.450191
423.4	0.449999
423.6	0.449811
423.8	0.449625
424	0.449443
424.2	0.449265
424.4	0.44909
424.6	0.448918
424.8	0.44875
425	0.448587
425.2	0.448427
425.4	0.448273
425.6	0.448124
425.8	0.447981
426	0.447845
426.2	0.447718
426.4	0.447604
426.6	0.447507
426.8	0.447441
427	0.447459
427.2	0.448396
427.4	0.461627
427.6	0.477791
427.8	0.485383
428	0.487612
428.2	0.488101
428.4	0.488046
428.6	0.487784
428.8	0.487406
429	0.486961
429.2	0.486485
429.4	0.485999
429.6	0.485516
429.8	0.48504
430	0.484574
430.2	0.484119
430.4	0.483675
430.6	0.483242
430.8	0.48282
431	0.482407
431.2	0.482004
431.4	0.48161
431.6	0.481225
431.8	0.480849
432	0.48048
432.2	0.480119
432.4	0.479765
432.6	0.479419
432.8	0.479079
433	0.478745
433.2	0.478417
433.4	0.478096
433.6	0.47778
433.8	0.477469
434	0.477164
434.2	0.476864
434.4	0.476569
434.6	0.476278
434.8	0.475992
435	0.475711
435.2	0.475433
435.4	0.47516
435.6	0.474891
435.8	0.474626
436	0.474364
436.2	0.474106
436.4	0.473852
436.6	0.473601
436.8	0.473354
437	0.47311
437.2	0.472869
437.4	0.472632
437.6	0.472397
437.8	0.472166
438	0.471938
438.2	0.471712
438.4	0.47149
438.6	0.471271
438.8	0.471054
439	0.470841
439.2	0.47063
439.4	0.470423
439.6	0.470218
439.8	0.470017
440	0.469818
440.2	0.469623
440.4	0.469431
440.6	0.469242
440.8	0.469057
441	0.468875
441.2	0.468698
441.4	0.468525
441.6	0.468356
441.8	0.468193
442	0.468035
442.2	0.467885
442.4	0.467744
442.6	0.467614
442.8	0.467501
443	0.467419
443.2	0.467414
443.4	0.468171
443.6	0.480287
443.8	0.496103
444	0.503741
444.2	0.506009
444.4	0.506507
444.6	0.506451
444.8	0.506181
445	0.505789
445.2	0.505327
445.4	0.504831
445.6	0.504325
445.8	0.503821
446	0.503324
446.2	0.502837
446.4	0.502361
446.6	0.501897
446.8	0.501444
447	0.501001
447.2	0.500569
447.4	0.500146
447.6	0.499733
447.8	0.499329
448	0.498933
448.2	0.498546
448.4	0.498166
448.6	0.497794
448.8	0.497429
449	0.497071
449.2	0.496719
449.4	0.496374
449.6	0.496035
449.8	0.495701
450	0.495373
450.2	0.49505
450.4	0.494733
450.6	0.49442
450.8	0.494112
451	0.493809
451.2	0.49351
451.4	0.493216
451.6	0.492925
451.8	0.492639
452	0.492357
452.2	0.492078
452.4	0.491803
452.6	0.491532
452.8	0.491264
453	0.491
453.2	0.490739
453.4	0.490481
453.6	0.490227
453.8	0.489975
454	0.489727
454.2	0.489482
454.4	0.489239
454.6	0.489
454.8	0.488763
455	0.488529
455.2	0.488298
455.4	0.48807
455.6	0.487845
455.8	0.487623
456	0.487403
456.2	0.487186
456.4	0.486972
456.6	0.486762
456.8	0.486554
457	0.486349
457.2	0.486147
457.4	0.485949
457.6	0.485754
457.8	0.485563
458	0.485377
458.2	0.485194
458.4	0.485016
458.6	0.484844
458.8	0.484679
459	0.484521
459.2	0.484373
459.4	0.484239
459.6	0.484127
459.8	0.484059
460	0.484174
460.2	0.488862
460.4	0.505096
460.6	0.516567
460.8	0.520697
461	0.52176
461.2	0.521886
461.4	0.521689
461.6	0.521337
461.8	0.520889
462	0.520389
462.2	0.519869
462.4	0.519345
462.6	0.518827
462.8	0.518318
463	0.517819
463.2	0.517332
463.4	0.516857
463.6	0.516393
463.8	0.515939
464	0.515496
464.2	0.515062
464.4	0.514638
464.6	0.514223
464.8	0.513816
465	0.513417
465.2	0.513026
465.4	0.512642
465.6	0.512266
465.8	0.511896
466	0.511533
466.2	0.511176
466.4	0.510825
466.6	0.510479
466.8	0.510139
467	0.509805
467.2	0.509475
467.4	0.509151
467.6	0.508831
467.8	0.508516
468	0.508205
468.2	0.507898
468.4	0.507596
468.6	0.507297
468.8	0.507003
469	0.506712
469.2	0.506425
469.4	0.506142
469.6	0.505861
469.8	0.505585
470	0.505311
470.2	0.505041
470.4	0.504774
470.6	0.50451
470.8	0.504249
471	0.503991
471.2	0.503736
471.4	0.503483
471.6	0.503234
471.8	0.502987
472	0.502743
472.2	0.502502
472.4	0.502263
472.6	0.502028
472.8	0.501795
473	0.501564
473.2	0.501337
473.4	0.501112
473.6	0.50089
473.8	0.500671
474	0.500455
474.2	0.500242
474.4	0.500032
474.6	0.499826
474.8	0.499623
475	0.499424
475.2	0.499229
475.4	0.499038
475.6	0.498852
475.8	0.498672
476	0.498499
476.2	0.498334
476.4	0.49818
476.6	0.498042
476.8	0.49793
477	0.497878
477.2	0.498236
477.4	0.507298
477.6	0.52318
477.8	0.531876
478	0.534638
478.2	0.535286
478.4	0.535272
478.6	0.535011
478.8	0.534611
479	0.534127
479.2	0.533601
479.4	0.533061
479.6	0.53252
479.8	0.531986
480	0.531462
480.2	0.53095
480.4	0.530449
480.6	0.529961
480.8	0.529483
481	0.529016
481.2	0.52856
481.4	0.528114
481.6	0.527677
481.8	0.527249
482	0.526829
482.2	0.526418
482.4	0.526014
482.6	0.525618
482.8	0.525229
483	0.524847
483.2	0.524472
483.4	0.524102
483.6	0.523739
483.8	0.523382
484	0.52303
484.2	0.522683
484.4	0.522341
484.6	0.522005
484.8	0.521673
485	0.521346
485.2	0.521023
485.4	0.520705
485.6	0.52039
485.8	0.52008
486	0.519773
486.2	0.519471
486.4	0.519172
486.6	0.518876
486.8	0.518584
487	0.518296
487.2	0.51801
487.4	0.517728
487.6	0.517449
487.8	0.517173
488	0.5169
488.2	0.51663
488.4	0.516363
488.6	0.516098
488.8	0.515837
489	0.515578
489.2	0.515322
489.4	0.515068
489.6	0.514817
489.8	0.514569
490	0.514324
490.2	0.514081
490.4	0.51384
490.6	0.513603
490.8	0.513368
491	0.513136
491.2	0.512906
491.4	0.51268
491.6	0.512456
491.8	0.512236
492	0.512018
492.2	0.511804
492.4	0.511593
492.6	0.511386
492.8	0.511183
493	0.510984
493.2	0.510791
493.4	0.510603
493.6	0.510422
493.8	0.51025
494	0.510088
494.2	0.509943
494.4	0.509824
494.6	0.509773
494.8	0.510248
495	0.520219
495.2	0.535278
495.4	0.543021
495.6	0.545393
495.8	0.54592
496	0.545863
496.2	0.545577
496.4	0.545159
496.6	0.544659
496.8	0.544121
497	0.543569
497.2	0.543018
497.4	0.542474
497.6	0.541941
497.8	0.541419
498	0.540909
498.2	0.540411
498.4	0.539924
498.6	0.539448
498.8	0.538983
499	0.538527
499.2	0.53808
499.4	0.537643
499.6	0.537214
499.8	0.536794
500	0.536381
500.2	0.535976
500.4	0.535578
500.6	0.535186
500.8	0.534802
501	0.534423
501.2	0.534051
501.4	0.533684
501.6	0.533323
501.8	0.532967
502	0.532616
502.2	0.532271
502.4	0.53193
502.6	0.531593
502.8	0.531261
503	0.530934
503.2	0.53061
503.4	0.530291
503.6	0.529975
503.8	0.529663
504	0.529355
504.2	0.52905
504.4	0.528749
504.6	0.528451
504.8	0.528157
505	0.527865
505.2	0.527577
505.4	0.527292
505.6	0.527009
505.8	0.52673
506	0.526453
506.2	0.526179
506.4	0.525908
506.6	0.52564
506.8	0.525374
507	0.525111
507.2	0.524851
507.4	0.524593
507.6	0.524338
507.8	0.524085
508	0.523835
508.2	0.523587
508.4	0.523342
508.6	0.5231
508.8	0.52286
509	0.522623
509.2	0.522389
509.4	0.522157
509.6	0.521929
509.8	0.521703
510	0.521481
510.2	0.521262
510.4	0.521046
510.6	0.520835
510.8	0.520627
511	0.520424
511.2	0.520227
511.4	0.520035
511.6	0.519851
511.8	0.519677
512	0.519515
512.2	0.519373
512.4	0.51927
512.6	0.519304
512.8	0.522321
513	0.537108
513.2	0.54889
513.4	0.553432
513.6	0.55464
513.8	0.554806
514	0.554613
514.2	0.554251
514.4	0.553779
514.6	0.553247
514.8	0.552689
515	0.552126
515.2	0.551567
515.4	0.551017
515.6	0.550479
515.8	0.549953
516	0.549438
516.2	0.548935
516.4	0.548443
516.6	0.547963
516.8	0.547492
517	0.547031
517.2	0.54658
517.4	0.546137
517.6	0.545703
517.8	0.545277
518	0.544858
518.2	0.544448
518.4	0.544044
518.6	0.543647
518.8	0.543256
519	0.542871
519.2	0.542493
519.4	0.54212
519.6	0.541753
519.8	0.541391
520	0.541034
520.2	0.540682
520.4	0.540335
520.6	0.539992
520.8	0.539653
521	0.539319
521.2	0.538989
521.4	0.538663
521.6	0.538341
521.8	0.538023
522	0.537708
522.2	0.537396
522.4	0.537088
522.6	0.536784
522.8	0.536482
523	0.536184
523.2	0.535889
523.4	0.535597
523.6	0.535307
523.8	0.535021
524	0.534737
524.2	0.534456
524.4	0.534178
524.6	0.533903
524.8	0.53363
525	0.53336
525.2	0.533092
525.4	0.532827
525.6	0.532564
525.8	0.532304
526	0.532046
526.2	0.531791
526.4	0.531539
526.6	0.531289
526.8	0.531041
527	0.530796
527.2	0.530554
527.4	0.530314
527.6	0.530078
527.8	0.529844
528	0.529613
528.2	0.529385
528.4	0.52916
528.6	0.528939
528.8	0.528722
529	0.528509
529.2	0.5283
529.4	0.528097
529.6	0.5279
529.8	0.527709
530	0.527529
530.2	0.52736
530.4	0.527212
530.6	0.527099
530.8	0.527109
531	0.529571
531.2	0.543885
531.4	0.555945
531.6	0.560745
531.8	0.562043
532	0.562237
532.2	0.562052
532.4	0.561692
532.6	0.561218
532.8	0.560679
533	0.560113
533.2	0.55954
533.4	0.558972
533.6	0.558412
533.8	0.557864
534	0.557327
534.2	0.556803
534.4	0.556291
534.6	0.55579
534.8	0.5553
535	0.55482
535.2	0.55435
535.4	0.55389
535.6	0.553439
535.8	0.552996
536	0.552561
536.2	0.552135
536.4	0.551716
536.6	0.551304
536.8	0.550898
537	0.5505
537.2	0.550107
537.4	0.549721
537.6	0.54934
537.8	0.548965
538	0.548595
538.2	0.548231
538.4	0.547871
538.6	0.547516
538.8	0.547166
539	0.54682
539.2	0.546479
539.4	0.546141
539.6	0.545808
539.8	0.545478
540	0.545152
540.2	0.54483
540.4	0.544512
540.6	0.544196
540.8	0.543884
541	0.543576
541.2	0.54327
541.4	0.542968
541.6	0.542668
541.8	0.542372
542	0.542078
542.2	0.541787
542.4	0.541499
542.6	0.541214
542.8	0.540931
543	0.540651
543.2	0.540373
543.4	0.540098
543.6	0.539826
543.8	0.539556
544	0.539288
544.2	0.539023
544.4	0.538761
544.6	0.5385
544.8	0.538243
545	0.537988
545.2	0.537735
545.4	0.537485
545.6	0.537237
545.8	0.536992
546	0.53675
546.2	0.536511
546.4	0.536274
546.6	0.53604
546.8	0.53581
547	0.535583
547.2	0.53536
547.4	0.53514
547.6	0.534925
547.8	0.534715
548	0.534511
548.2	0.534313
548.4	0.534123
548.6	0.533945
548.8	0.533782
549	0.533646
549.2	0.533575
549.4	0.534021
549.6	0.543555
549.8	0.557842
550	0.565159
550.2	0.567392
550.4	0.567875
550.6	0.567797
550.8	0.567494
551	0.567055
551.2	0.566532
551.4	0.565969
551.6	0.565393
551.8	0.564817
552	0.564248
552.2	0.56369
552.4	0.563144
552.6	0.56261
552.8	0.562088
553	0.561577
553.2	0.561078
553.4	0.560589
553.6	0.56011
553.8	0.559641
554	0.559181
554.2	0.55873
554.4	0.558287
554.6	0.557852
554.8	0.557425
555	0.557005
555.2	0.556592
555.4	0.556186
555.6	0.555786
555.8	0.555393
556	0.555005
556.2	0.554623
556.4	0.554246
556.6	0.553874
556.8	0.553508
557	0.553146
557.2	0.552789
557.4	0.552436
557.6	0.552088
557.8	0.551744
558	0.551404
558.2	0.551068
558.4	0.550736
558.6	0.550407
558.8	0.550082
559	0.54976
559.2	0.549442
559.4	0.549127
559.6	0.548815
559.8	0.548507
560	0.548201
560.2	0.547898
560.4	0.547599
560.6	0.547302
560.8	0.547007
561	0.546716
561.2	0.546427
561.4	0.54614
561.6	0.545857
561.8	0.545576
562	0.545297
562.2	0.545021
562.4	0.544747
562.6	0.544476
562.8	0.544207
563	0.54394
563.2	0.543676
563.4	0.543415
563.6	0.543155
563.8	0.542899
564	0.542645
564.2	0.542393
564.4	0.542144
564.6	0.541897
564.8	0.541654
565	0.541413
565.2	0.541175
565.4	0.54094
565.6	0.540709
565.8	0.540481
566	0.540256
566.2	0.540036
566.4	0.539821
566.6	0.539611
566.8	0.539407
567	0.539211
567.2	0.539025
567.4	0.538852
567.6	0.538701
567.8	0.538596
568	0.538691
568.2	0.543711
568.4	0.558373
568.6	0.568079
568.8	0.571456
569	0.572291
569.2	0.572333
569.4	0.572084
569.6	0.571681
569.8	0.571176
570	0.570619
570.2	0.570041
570.4	0.569459
570.6	0.568883
570.8	0.568317
571	0.567763
571.2	0.567221
571.4	0.566691
571.6	0.566172
571.8	0.565665
572	0.565168
572.2	0.564682
572.4	0.564206
572.6	0.563739
572.8	0.563281
573	0.562831
573.2	0.56239
573.4	0.561956
573.6	0.56153
573.8	0.56111
574	0.560698
574.2	0.560292
574.4	0.559892
574.6	0.559498
574.8	0.55911
575	0.558728
575.2	0.55835
575.4	0.557978
575.6	0.557611
575.8	0.557248
576	0.55689
576.2	0.556537
576.4	0.556187
576.6	0.555842
576.8	0.555501
577	0.555163
577.2	0.554829
577.4	0.554499
577.6	0.554172
577.8	0.553849
578	0.553529
578.2	0.553212
578.4	0.552898
578.6	0.552588
578.8	0.55228
579	0.551975
579.2	0.551673
579.4	0.551374
579.6	0.551077
579.8	0.550784
580	0.550492
580.2	0.550204
580.4	0.549917
580.6	0.549634
580.8	0.549353
581	0.549074
581.2	0.548798
581.4	0.548524
581.6	0.548252
581.8	0.547983
582	0.547716
582.2	0.547452
582.4	0.54719
582.6	0.546931
582.8	0.546674
583	0.546419
583.2	0.546167
583.4	0.545918
583.6	0.545671
583.8	0.545428
584	0.545187
584.2	0.544949
584.4	0.544714
584.6	0.544483
584.8	0.544256
585	0.544033
585.2	0.543814
585.4	0.5436
585.6	0.543393
585.8	0.543193
586	0.543003
586.2	0.542826
586.4	0.542669
586.6	0.542553
586.8	0.542595
587	0.546315
587.2	0.560592
587.4	0.571034
587.6	0.574861
587.8	0.575839
588	0.575927
588.2	0.575697
588.4	0.575305
588.6	0.574805
588.8	0.574248
589	0.573667
589.2	0.573082
589.4	0.572501
589.6	0.57193
589.8	0.57137
590	0.570823
590.2	0.570287
590.4	0.569764
590.6	0.569252
590.8	0.56875
591	0.568259
591.2	0.567778
591.4	0.567307
591.6	0.566844
591.8	0.56639
592	0.565944
592.2	0.565506
592.4	0.565075
592.6	0.564652
592.8	0.564235
593	0.563825
593.2	0.563421
593.4	0.563023
593.6	0.562631
593.8	0.562244
594	0.561863
594.2	0.561487
594.4	0.561116
594.6	0.560749
594.8	0.560387
595	0.56003
595.2	0.559677
595.4	0.559327
595.6	0.558982
595.8	0.558641
596	0.558303
596.2	0.55797
596.4	0.557639
596.6	0.557312
596.8	0.556988
597	0.556668
597.2	0.556351
597.4	0.556036
597.6	0.555725
597.8	0.555416
598	0.555111
598.2	0.554808
598.4	0.554508
598.6	0.55421
598.8	0.553915
599	0.553623
599.2	0.553333
599.4	0.553046
599.6	0.552761
599.8	0.552479
600	0.552199
600.2	0.551921
600.4	0.551646
600.6	0.551373
600.8	0.551103
601	0.550835
601.2	0.550569
601.4	0.550306
601.6	0.550045
601.8	0.549786
602	0.54953
602.2	0.549277
602.4	0.549026
602.6	0.548778
602.8	0.548533
603	0.548291
603.2	0.548051
603.4	0.547815
603.6	0.547583
603.8	0.547354
604	0.54713
604.2	0.54691
604.4	0.546696
604.6	0.546488
604.8	0.546287
605	0.546097
605.2	0.545921
605.4	0.545769
605.6	0.545667
605.8	0.545827
606	0.55224
606.2	0.566827
606.4	0.575631
606.6	0.578566
606.8	0.579266
607	0.579261
607.2	0.578988
607.4	0.578565
607.6	0.578045
607.8	0.577475
608	0.576886
608.2	0.576294
608.4	0.575709
608.6	0.575135
608.8	0.574572
609	0.574022
609.2	0.573483
609.4	0.572957
609.6	0.572442
609.8	0.571938
610	0.571444
610.2	0.57096
610.4	0.570486
610.6	0.57002
610.8	0.569564
611	0.569115
611.2	0.568674
611.4	0.568241
611.6	0.567814
611.8	0.567395
612	0.566982
612.2	0.566575
612.4	0.566174
612.6	0.56578
612.8	0.56539
613	0.565006
613.2	0.564627
613.4	0.564253
613.6	0.563884
613.8	0.563519
614	0.563159
614.2	0.562803
614.4	0.562451
614.6	0.562103
614.8	0.561759
615	0.561419
615.2	0.561082
615.4	0.560749
615.6	0.560419
615.8	0.560092
616	0.559769
616.2	0.559449
616.4	0.559132
616.6	0.558817
616.8	0.558506
617	0.558197
617.2	0.557892
617.4	0.557589
617.6	0.557288
617.8	0.556991
618	0.556695
618.2	0.556403
618.4	0.556112
618.6	0.555825
618.8	0.555539
619	0.555256
619.2	0.554976
619.4	0.554698
619.6	0.554422
619.8	0.554148
620	0.553877
620.2	0.553608
620.4	0.553342
620.6	0.553078
620.8	0.552816
621	0.552557
621.2	0.5523
621.4	0.552046
621.6	0.551795
621.8	0.551546
622	0.5513
622.2	0.551057
622.4	0.550817
622.6	0.550581
622.8	0.550348
623	0.550119
623.2	0.549895
623.4	0.549675
623.6	0.549462
623.8	0.549255
624	0.549057
624.2	0.54887
624.4	0.548701
624.6	0.548562
624.8	0.548511
625	0.549573
625.2	0.561504
625.4	0.574212
625.6	0.579843
625.8	0.581439
626	0.581724
626.2	0.58157
626.4	0.581221
626.6	0.580746
626.8	0.580197
627	0.579614
627.2	0.579021
627.4	0.57843
627.6	0.577848
627.8	0.577277
628	0.576718
628.2	0.576171
628.4	0.575636
628.6	0.575113
628.8	0.574601
629	0.5741
629.2	0.573609
629.4	0.573127
629.6	0.572655
629.8	0.572192
630	0.571737
630.2	0.571289
630.4	0.57085
630.6	0.570418
630.8	0.569993
631	0.569574
631.2	0.569162
631.4	0.568756
631.6	0.568356
631.8	0.567962
632	0.567573
632.2	0.567189
632.4	0.56681
632.6	0.566436
632.8	0.566067
633	0.565702
633.2	0.565342
633.4	0.564986
633.6	0.564634
633.8	0.564285
634	0.563941
634.2	0.5636
634.4	0.563263
634.6	0.562929
634.8	0.562599
635	0.562272
635.2	0.561948
635.4	0.561627
635.6	0.561309
635.8	0.560994
636	0.560682
636.2	0.560372
636.4	0.560066
636.6	0.559762
636.8	0.55946
637	0.559162
637.2	0.558865
637.4	0.558572
637.6	0.55828
637.8	0.557992
638	0.557705
638.2	0.557421
638.4	0.557139
638.6	0.55686
638.8	0.556583
639	0.556308
639.2	0.556036
639.4	0.555766
639.6	0.555498
639.8	0.555233
640	0.55497
640.2	0.554709
640.4	0.554451
640.6	0.554196
640.8	0.553943
641	0.553693
641.2	0.553446
641.4	0.553202
641.6	0.552961
641.8	0.552723
642	0.552489
642.2	0.552259
642.4	0.552033
642.6	0.551812
642.8	0.551597
643	0.551389
643.2	0.55119
643.4	0.551002
643.6	0.550832
643.8	0.550694
644	0.550647
644.2	0.551882
644.4	0.564179
644.6	0.576641
644.8	0.582051
645	0.583572
645.2	0.583832
645.4	0.583668
645.6	0.583313
645.8	0.582832
646	0.582279
646.2	0.581692
646.4	0.581095
646.6	0.580502
646.8	0.579917
647	0.579343
647.2	0.578781
647.4	0.578232
647.6	0.577695
647.8	0.577169
648	0.576655
648.2	0.576151
648.4	0.575658
648.6	0.575174
648.8	0.5747
649	0.574234
649.2	0.573777
649.4	0.573327
649.6	0.572886
649.8	0.572451
650	0.572024
650.2	0.571603
650.4	0.571189
650.6	0.570781
650.8	0.570379
651	0.569982
651.2	0.569591
651.4	0.569205
651.6	0.568825
651.8	0.568449
652	0.568078
652.2	0.567711
652.4	0.567348
652.6	0.56699
652.8	0.566636
653	0.566286
653.2	0.565939
653.4	0.565596
653.6	0.565257
653.8	0.564921
654	0.564589
654.2	0.56426
654.4	0.563934
654.6	0.563611
654.8	0.563291
655	0.562974
655.2	0.56266
655.4	0.562349
655.6	0.56204
655.8	0.561734
656	0.561431
656.2	0.56113
656.4	0.560832
656.6	0.560536
656.8	0.560243
657	0.559952
657.2	0.559664
657.4	0.559377
657.6	0.559094
657.8	0.558812
658	0.558533
658.2	0.558256
658.4	0.557982
658.6	0.55771
658.8	0.55744
659	0.557173
659.2	0.556908
659.4	0.556645
659.6	0.556385
659.8	0.556127
660	0.555872
660.2	0.55562
660.4	0.55537
660.6	0.555123
660.8	0.554879
661	0.554639
661.2	0.554402
661.4	0.554169
661.6	0.55394
661.8	0.553716
662	0.553497
662.2	0.553285
662.4	0.55308
662.6	0.552886
662.8	0.552706
663	0.55255
663.2	0.552447
663.4	0.552645
663.6	0.559671
663.8	0.574003
664	0.58231
664.2	0.585024
664.4	0.585657
664.6	0.585627
664.8	0.58534
665	0.584905
665.2	0.584374
665.4	0.583795
665.6	0.583197
665.8	0.582598
666	0.582006
666.2	0.581424
666.4	0.580854
666.6	0.580297
666.8	0.579751
667	0.579218
667.2	0.578696
667.4	0.578185
667.6	0.577685
667.8	0.577194
668	0.576714
668.2	0.576241
668.4	0.575778
668.6	0.575323
668.8	0.574876
669	0.574436
669.2	0.574003
669.4	0.573578
669.6	0.573158
669.8	0.572746
670	0.572339
670.2	0.571938
670.4	0.571542
670.6	0.571152
670.8	0.570767
671	0.570387
671.2	0.570011
671.4	0.569641
671.6	0.569274
671.8	0.568913
672	0.568555
672.2	0.568201
672.4	0.567851
672.6	0.567504
672.8	0.567162
673	0.566822
673.2	0.566487
673.4	0.566154
673.6	0.565825
673.8	0.565499
674	0.565176
674.2	0.564856
674.4	0.564538
674.6	0.564224
674.8	0.563912
675	0.563603
675.2	0.563297
675.4	0.562993
675.6	0.562692
675.8	0.562393
676	0.562097
676.2	0.561804
676.4	0.561512
676.6	0.561223
676.8	0.560936
677	0.560652
677.2	0.56037
677.4	0.56009
677.6	0.559813
677.8	0.559538
678	0.559265
678.2	0.558995
678.4	0.558727
678.6	0.558461
678.8	0.558197
679	0.557937
679.2	0.557678
679.4	0.557423
679.6	0.557169
679.8	0.556919
680	0.556672
680.2	0.556427
680.4	0.556186
680.6	0.555949
680.8	0.555715
681	0.555486
681.2	0.555261
681.4	0.555042
681.6	0.55483
681.8	0.554625
682	0.554431
682.2	0.554253
682.4	0.5541
682.6	0.55401
682.8	0.554373
683	0.563119
683.2	0.576929
683.4	0.584159
683.6	0.586391
683.8	0.586874
684	0.586791
684.2	0.586478
684.4	0.586026
684.6	0.585485
684.8	0.584901
685	0.584302
685.2	0.583704
685.4	0.583112
685.6	0.582532
685.8	0.581963
686	0.581407
686.2	0.580863
686.4	0.580331
686.6	0.57981
686.8	0.5793
687	0.578801
687.2	0.578311
687.4	0.577831
687.6	0.577359
687.8	0.576897
688	0.576442
688.2	0.575995
688.4	0.575556
688.6	0.575123
688.8	0.574698
689	0.574279
689.2	0.573866
689.4	0.573459
689.6	0.573058
689.8	0.572662
690	0.572272
690.2	0.571887
690.4	0.571507
690.6	0.571131
690.8	0.57076
691	0.570394
691.2	0.570032
691.4	0.569673
691.6	0.569319
691.8	0.568969
692	0.568622
692.2	0.568279
692.4	0.567939
692.6	0.567603
692.8	0.56727
693	0.566941
693.2	0.566614
693.4	0.56629
693.6	0.56597
693.8	0.565652
694	0.565337
694.2	0.565025
694.4	0.564715
694.6	0.564408
694.8	0.564104
695	0.563802
695.2	0.563503
695.4	0.563206
695.6	0.562911
695.8	0.562619
696	0.56233
696.2	0.562042
696.4	0.561757
696.6	0.561475
696.8	0.561194
697	0.560916
697.2	0.56064
697.4	0.560367
697.6	0.560095
697.8	0.559827
698	0.55956
698.2	0.559296
698.4	0.559034
698.6	0.558775
698.8	0.558519
699	0.558265
699.2	0.558014
699.4	0.557765
699.6	0.55752
699.8	0.557278
700	0.55704
700.2	0.556797
700.4	0.556546
700.6	0.556286
700.8	0.556018
701	0.55574
701.2	0.555453
701.4	0.555157
701.6	0.554851
701.8	0.554537
702	0.554213
702.2	0.553879
702.4	0.553537
702.6	0.553185
702.8	0.552824
703	0.552454
703.2	0.552074
703.4	0.551686
703.6	0.551289
703.8	0.550883
704	0.550468
704.2	0.550044
704.4	0.549611
704.6	0.549169
704.8	0.548719
705	0.54826
705.2	0.547793
705.4	0.547317
705.6	0.546832
705.8	0.54634
706	0.545839
706.2	0.54533
706.4	0.544813
706.6	0.544288
706.8	0.543755
707	0.543214
707.2	0.542666
707.4	0.54211
707.6	0.541547
707.8	0.540977
708	0.540399
708.2	0.539815
708.4	0.539223
708.6	0.538625
708.8	0.53802
709	0.537409
709.2	0.536791
709.4	0.536167
709.6	0.535537
709.8	0.5349
710	0.534258
710.2	0.533611
710.4	0.532957
710.6	0.532299
710.8	0.531634
711	0.530965
711.2	0.530291
711.4	0.529612
711.6	0.528928
711.8	0.528239
712	0.527546
712.2	0.526848
712.4	0.526146
712.6	0.52544
712.8	0.52473
713	0.524016
713.2	0.523299
713.4	0.522577
713.6	0.521853
713.8	0.521124
714	0.520393
714.2	0.519658
714.4	0.51892
714.6	0.518179
714.8	0.517436
715	0.51669
715.2	0.515941
715.4	0.515189
715.6	0.514435
715.8	0.513679
716	0.51292
716.2	0.51216
716.4	0.511397
716.6	0.510633
716.8	0.509866
717	0.509098
717.2	0.508328
717.4	0.507557
717.6	0.506784
717.8	0.506009
718	0.505234
718.2	0.504457
718.4	0.503679
718.6	0.502899
718.8	0.502119
719	0.501338
719.2	0.500556
719.4	0.499773
719.6	0.498989
719.8	0.498205
720	0.49742
720.2	0.496634
720.4	0.495848
720.6	0.495061
720.8	0.494274
721	0.493487
721.2	0.492699
721.4	0.491912
721.6	0.491124
721.8	0.490335
722	0.489547
722.2	0.488759
722.4	0.487971
722.6	0.487183
722.8	0.486395
723	0.485607
723.2	0.484819
723.4	0.484032
723.6	0.483245
723.8	0.482458
724	0.481671
724.2	0.480885
724.4	0.4801
724.6	0.479314
724.8	0.47853
725	0.477745
725.2	0.476962
725.4	0.476179
725.6	0.475396
725.8	0.474614
726	0.473833
726.2	0.473053
726.4	0.472273
726.6	0.471494
726.8	0.470716
727	0.469938
727.2	0.469162
727.4	0.468386
727.6	0.467611
727.8	0.466837
728	0.466064
728.2	0.465292
728.4	0.464521
728.6	0.46375
728.8	0.462981
729	0.462213
729.2	0.461446
729.4	0.460679
729.6	0.459914
729.8	0.45915
730	0.458387
730.2	0.457625
730.4	0.456864
730.6	0.456104
730.8	0.455346
731	0.454588
731.2	0.453832
731.4	0.453077
731.6	0.452323
731.8	0.45157
732	0.450818
732.2	0.450068
732.4	0.449318
732.6	0.44857
732.8	0.447824
733	0.447078
733.2	0.446334
733.4	0.445591
733.6	0.444849
733.8	0.444108
734	0.443369
734.2	0.442631
734.4	0.441894
734.6	0.441159
734.8	0.440425
735	0.439692
735.2	0.43896
735.4	0.43823
735.6	0.437501
735.8	0.436774
736	0.436048
736.2	0.435323
736.4	0.434599
736.6	0.433877
736.8	0.433156
737	0.432436
737.2	0.431718
737.4	0.431001
737.6	0.430286
737.8	0.429571
738	0.428859
738.2	0.428147
738.4	0.427437
738.6	0.426728
738.8	0.426021
739	0.425315
739.2	0.42461
739.4	0.423907
739.6	0.423205
739.8	0.422504
740	0.421805
740.2	0.421107
740.4	0.42041
740.6	0.419715
740.8	0.419021
741	0.418329
741.2	0.417638
741.4	0.416948
741.6	0.41626
741.8	0.415573
742	0.414887
742.2	0.414203
742.4	0.41352
742.6	0.412838
742.8	0.412158
743	0.411479
743.2	0.410802
743.4	0.410126
743.6	0.409451
743.8	0.408778
744	0.408106
744.2	0.407435
744.4	0.406766
744.6	0.406098
744.8	0.405431
745	0.404766
745.2	0.404102
745.4	0.403439
745.6	0.402778
745.8	0.402118
746	0.40146
746.2	0.400803
746.4	0.400147
746.6	0.399492
746.8	0.398839
747	0.398187
747.2	0.397537
747.4	0.396887
747.6	0.396239
747.8	0.395593
748	0.394948
748.2	0.394304
748.4	0.393661
748.6	0.39302
748.8	0.39238
749	0.391741
749.2	0.391104
749.4	0.390468
749.6	0.389833
749.8	0.3892
750	0.388567
750.2	0.387937
750.4	0.387307
750.6	0.386679
750.8	0.386052
751	0.385426
751.2	0.384802
751.4	0.384178
751.6	0.383557
751.8	0.382936
752	0.382317
752.2	0.381699
752.4	0.381082
752.6	0.380467
752.8	0.379852
753	0.379239
753.2	0.378628
753.4	0.378017
753.6	0.377408
753.8	0.3768
754	0.376193
754.2	0.375588
754.4	0.374984
754.6	0.374381
754.8	0.373779
755	0.373178
755.2	0.372579
755.4	0.371981
755.6	0.371384
755.8	0.370789
756	0.370194
756.2	0.369601
756.4	0.369009
756.6	0.368419
756.8	0.367829
757	0.367241
757.2	0.366654
757.4	0.366068
757.6	0.365483
757.8	0.364899
758	0.364317
758.2	0.363736
758.4	0.363156
758.6	0.362577
758.8	0.362
759	0.361423
759.2	0.360848
759.4	0.360274
759.6	0.359701
759.8	0.35913
760	0.358559
760.2	0.35799
760.4	0.357422
760.6	0.356855
760.8	0.356289
761	0.355724
761.2	0.35516
761.4	0.354598
761.6	0.354037
761.8	0.353476
762	0.352917
762.2	0.35236
762.4	0.351803
762.6	0.351247
762.8	0.350693
763	0.350139
763.2	0.349587
763.4	0.349036
763.6	0.348486
763.8	0.347937
764	0.347389
764.2	0.346843
764.4	0.346297
764.6	0.345753
764.8	0.345209
765	0.344667
765.2	0.344126
765.4	0.343586
765.6	0.343047
765.8	0.342509
766	0.341972
766.2	0.341436
766.4	0.340902
766.6	0.340368
766.8	0.339836
767	0.339304
767.2	0.338774
767.4	0.338245
767.6	0.337716
767.8	0.337189
768	0.336663
768.2	0.336138
768.4	0.335614
768.6	0.335091
768.8	0.334569
769	0.334049
769.2	0.333529
769.4	0.33301
769.6	0.332492
769.8	0.331976
770	0.33146
770.2	0.330945
770.4	0.330432
770.6	0.329919
770.8	0.329408
771	0.328897
771.2	0.328388
771.4	0.327879
771.6	0.327372
771.8	0.326865
772	0.32636
772.2	0.325856
772.4	0.325352
772.6	0.32485
772.8	0.324348
773	0.323848
773.2	0.323348
773.4	0.32285
773.6	0.322352
773.8	0.321856
774	0.321361
774.2	0.320866
774.4	0.320373
774.6	0.31988
774.8	0.319388
775	0.318898
775.2	0.318408
775.4	0.31792
775.6	0.317432
775.8	0.316945
776	0.316459
776.2	0.315975
776.4	0.315491
776.6	0.315008
776.8	0.314526
777	0.314045
777.2	0.313565
777.4	0.313086
777.6	0.312608
777.8	0.31213
778	0.311654
778.2	0.311179
778.4	0.310704
778.6	0.310231
778.8	0.309758
779	0.309287
779.2	0.308816
779.4	0.308346
779.6	0.307877
779.8	0.307409
780	0.306942
780.2	0.306476
780.4	0.306011
780.6	0.305547
780.8	0.305083
781	0.304621
781.2	0.304159
781.4	0.303699
781.6	0.303239
781.8	0.30278
782	0.302322
782.2	0.301865
782.4	0.301409
782.6	0.300954
782.8	0.300499
783	0.300046
783.2	0.299593
783.4	0.299141
783.6	0.29869
783.8	0.29824
784	0.297791
784.2	0.297343
784.4	0.296895
784.6	0.296449
784.8	0.296003
785	0.295558
785.2	0.295114
785.4	0.294671
785.6	0.294229
785.8	0.293787
786	0.293347
786.2	0.292907
786.4	0.292468
786.6	0.29203
786.8	0.291593
787	0.291157
787.2	0.290721
787.4	0.290287
787.6	0.289853
787.8	0.28942
788	0.288988
788.2	0.288557
788.4	0.288126
788.6	0.287697
788.8	0.287268
789	0.28684
789.2	0.286413
789.4	0.285986
789.6	0.285561
789.8	0.285136
790	0.284712
790.2	0.284289
790.4	0.283867
790.6	0.283445
790.8	0.283024
791	0.282605
791.2	0.282185
791.4	0.281767
791.6	0.28135
791.8	0.280933
792	0.280517
792.2	0.280102
792.4	0.279688
792.6	0.279274
792.8	0.278861
793	0.27845
793.2	0.278038
793.4	0.277628
793.6	0.277218
793.8	0.27681
794	0.276402
794.2	0.275994
794.4	0.275588
794.6	0.275182
794.8	0.274777
795	0.274373
795.2	0.273969
795.4	0.273567
795.6	0.273165
795.8	0.272764
796	0.272363
796.2	0.271964
796.4	0.271565
796.6	0.271167
796.8	0.270769
797	0.270373
797.2	0.269977
797.4	0.269582
797.6	0.269187
797.8	0.268794
798	0.268401
798.2	0.268009
798.4	0.267617
798.6	0.267226
798.8	0.266836
799	0.266447
799.2	0.266059
799.4	0.265671
799.6	0.265284
799.8	0.264898
800	0.264512
800.2	0.264127
800.4	0.263743
800.6	0.26336
800.8	0.262977
801	0.262595
801.2	0.262214
801.4	0.261833
801.6	0.261453
801.8	0.261074
802	0.260696
802.2	0.260318
802.4	0.259941
802.6	0.259565
802.8	0.259189
803	0.258814
803.2	0.25844
803.4	0.258066
803.6	0.257693
803.8	0.257321
804	0.25695
804.2	0.256579
804.4	0.256209
804.6	0.25584
804.8	0.255471
805	0.255103
805.2	0.254736
805.4	0.254369
805.6	0.254003
805.8	0.253638
806	0.253273
806.2	0.252909
806.4	0.252546
806.6	0.252183
806.8	0.251821
807	0.25146
807.2	0.251099
807.4	0.25074
807.6	0.25038
807.8	0.250022
808	0.249664
808.2	0.249306
808.4	0.24895
808.6	0.248594
808.8	0.248239
809	0.247884
809.2	0.24753
809.4	0.247177
809.6	0.246824
809.8	0.246472
810	0.24612
810.2	0.24577
810.4	0.24542
810.6	0.24507
810.8	0.244721
811	0.244373
811.2	0.244025
811.4	0.243679
811.6	0.243332
811.8	0.242987
812	0.242642
812.2	0.242297
812.4	0.241953
812.6	0.24161
812.8	0.241268
813	0.240926
813.2	0.240585
813.4	0.240244
813.6	0.239904
813.8	0.239565
814	0.239226
814.2	0.238888
814.4	0.23855
814.6	0.238213
814.8	0.237877
815	0.237541
815.2	0.237206
815.4	0.236872
815.6	0.236538
815.8	0.236205
816	0.235872
816.2	0.23554
816.4	0.235208
816.6	0.234878
816.8	0.234547
817	0.234218
817.2	0.233889
817.4	0.23356
817.6	0.233232
817.8	0.232905
818	0.232578
818.2	0.232252
818.4	0.231927
818.6	0.231602
818.8	0.231278
819	0.230954
819.2	0.230631
819.4	0.230308
819.6	0.229986
819.8	0.229665
820	0.229344
820.2	0.229024
820.4	0.228704
820.6	0.228385
820.8	0.228066
821	0.227748
821.2	0.227431
821.4	0.227114
821.6	0.226798
821.8	0.226482
822	0.226167
822.2	0.225853
822.4	0.225539
822.6	0.225225
822.8	0.224912
823	0.2246
823.2	0.224288
823.4	0.223977
823.6	0.223667
823.8	0.223357
824	0.223047
824.2	0.222738
824.4	0.22243
824.6	0.222122
824.8	0.221815
825	0.221508
825.2	0.221202
825.4	0.220896
825.6	0.220591
825.8	0.220286
826	0.219982
826.2	0.219679
826.4	0.219376
826.6	0.219073
826.8	0.218772
827	0.21847
827.2	0.21817
827.4	0.217869
827.6	0.21757
827.8	0.21727
828	0.216972
828.2	0.216674
828.4	0.216376
828.6	0.216079
828.8	0.215782
829	0.215486
829.2	0.215191
829.4	0.214896
829.6	0.214602
829.8	0.214308
830	0.214014
830.2	0.213721
830.4	0.213429
830.6	0.213137
830.8	0.212846
831	0.212555
831.2	0.212265
831.4	0.211975
831.6	0.211686
831.8	0.211397
832	0.211109
832.2	0.210821
832.4	0.210534
832.6	0.210247
832.8	0.209961
833	0.209675
833.2	0.20939
833.4	0.209105
833.6	0.208821
833.8	0.208537
834	0.208254
834.2	0.207971
834.4	0.207689
834.6	0.207407
834.8	0.207126
835	0.206845
835.2	0.206565
835.4	0.206285
835.6	0.206006
835.8	0.205727
836	0.205449
836.2	0.205171
836.4	0.204894
836.6	0.204617
836.8	0.204341
837	0.204065
837.2	0.20379
837.4	0.203515
837.6	0.20324
837.8	0.202966
838	0.202693
838.2	0.20242
838.4	0.202147
838.6	0.201875
838.8	0.201604
839	0.201333
839.2	0.201062
839.4	0.200792
839.6	0.200522
839.8	0.200253
840	0.199985
840.2	0.199716
840.4	0.199449
840.6	0.199181
840.8	0.198914
841	0.198648
841.2	0.198382
841.4	0.198117
841.6	0.197852
841.8	0.197587
842	0.197323
842.2	0.197059
842.4	0.196796
842.6	0.196534
842.8	0.196271
843	0.196009
843.2	0.195748
843.4	0.195487
843.6	0.195227
843.8	0.194967
844	0.194707
844.2	0.194448
844.4	0.19419
844.6	0.193931
844.8	0.193674
845	0.193416
845.2	0.193159
845.4	0.192903
845.6	0.192647
845.8	0.192392
846	0.192136
846.2	0.191882
846.4	0.191628
846.6	0.191374
846.8	0.19112
847	0.190868
847.2	0.190615
847.4	0.190363
847.6	0.190111
847.8	0.18986
848	0.18961
848.2	0.189359
848.4	0.189109
848.6	0.18886
848.8	0.188611
849	0.188362
849.2	0.188114
849.4	0.187866
849.6	0.187619
849.8	0.187372
850	0.187126
850.2	0.18688
850.4	0.186634
850.6	0.186389
850.8	0.186144
851	0.1859
851.2	0.185656
851.4	0.185412
851.6	0.185169
851.8	0.184927
852	0.184684
852.2	0.184443
852.4	0.184201
852.6	0.18396
852.8	0.183719
853	0.183479
853.2	0.183239
853.4	0.183
853.6	0.182761
853.8	0.182522
854	0.182284
854.2	0.182047
854.4	0.181809
854.6	0.181572
854.8	0.181336
855	0.1811
855.2	0.180864
855.4	0.180628
855.6	0.180394
855.8	0.180159
856	0.179925
856.2	0.179691
856.4	0.179458
856.6	0.179225
856.8	0.178992
857	0.17876
857.2	0.178528
857.4	0.178297
857.6	0.178066
857.8	0.177835
858	0.177605
858.2	0.177375
858.4	0.177146
858.6	0.176917
858.8	0.176688
859	0.17646
859.2	0.176232
859.4	0.176005
859.6	0.175778
859.8	0.175551
860	0.175324
860.2	0.175099
860.4	0.174873
860.6	0.174648
860.8	0.174423
861	0.174199
861.2	0.173974
861.4	0.173751
861.6	0.173527
861.8	0.173305
862	0.173082
862.2	0.17286
862.4	0.172638
862.6	0.172417
862.8	0.172196
863	0.171975
863.2	0.171755
863.4	0.171535
863.6	0.171315
863.8	0.171096
864	0.170877
864.2	0.170659
864.4	0.17044
864.6	0.170223
864.8	0.170005
865	0.169788
865.2	0.169572
865.4	0.169355
865.6	0.16914
865.8	0.168924
866	0.168709
866.2	0.168494
866.4	0.16828
866.6	0.168065
866.8	0.167852
867	0.167638
867.2	0.167425
867.4	0.167213
867.6	0.167
867.8	0.166788
868	0.166577
868.2	0.166365
868.4	0.166155
868.6	0.165944
868.8	0.165734
869	0.165524
869.2	0.165314
869.4	0.165105
869.6	0.164897
869.8	0.164688
870	0.16448
870.2	0.164272
870.4	0.164065
870.6	0.163858
870.8	0.163651
871	0.163445
871.2	0.163239
871.4	0.163033
871.6	0.162828
871.8	0.162623
872	0.162418
872.2	0.162214
872.4	0.16201
872.6	0.161806
872.8	0.161603
873	0.1614
873.2	0.161197
873.4	0.160995
873.6	0.160793
873.8	0.160591
874	0.16039
874.2	0.160189
874.4	0.159988
874.6	0.159788
874.8	0.159588
875	0.159388
875.2	0.159189
875.4	0.15899
875.6	0.158791
875.8	0.158593
876	0.158395
876.2	0.158197
876.4	0.158
876.6	0.157803
876.8	0.157606
877	0.15741
877.2	0.157214
877.4	0.157018
877.6	0.156823
877.8	0.156628
878	0.156433
878.2	0.156239
878.4	0.156045
878.6	0.155851
878.8	0.155657
879	0.155464
879.2	0.155271
879.4	0.155079
879.6	0.154887
879.8	0.154695
880	0.154503
880.2	0.154312
880.4	0.154121
880.6	0.153931
880.8	0.15374
881	0.15355
881.2	0.153361
881.4	0.153171
881.6	0.152982
881.8	0.152793
882	0.152605
882.2	0.152417
882.4	0.152229
882.6	0.152042
882.8	0.151854
883	0.151667
883.2	0.151481
883.4	0.151295
883.6	0.151109
883.8	0.150923
884	0.150738
884.2	0.150553
884.4	0.150368
884.6	0.150183
884.8	0.149999
885	0.149815
885.2	0.149632
885.4	0.149448
885.6	0.149266
885.8	0.149083
886	0.148901
886.2	0.148718
886.4	0.148537
886.6	0.148355
886.8	0.148174
887	0.147993
887.2	0.147813
887.4	0.147632
887.6	0.147452
887.8	0.147273
888	0.147093
888.2	0.146914
888.4	0.146735
888.6	0.146557
888.8	0.146379
889	0.146201
889.2	0.146023
889.4	0.145846
889.6	0.145669
889.8	0.145492
890	0.145315
890.2	0.145139
890.4	0.144963
890.6	0.144787
890.8	0.144612
891	0.144437
891.2	0.144262
891.4	0.144088
891.6	0.143914
891.8	0.14374
892	0.143566
892.2	0.143393
892.4	0.143219
892.6	0.143047
892.8	0.142874
893	0.142702
893.2	0.14253
893.4	0.142358
893.6	0.142187
893.8	0.142016
894	0.141845
894.2	0.141674
894.4	0.141504
894.6	0.141334
894.8	0.141164
895	0.140995
895.2	0.140825
895.4	0.140656
895.6	0.140488
895.8	0.140319
896	0.140151
896.2	0.139983
896.4	0.139816
896.6	0.139649
896.8	0.139481
897	0.139315
897.2	0.139148
897.4	0.138982
897.6	0.138816
897.8	0.13865
898	0.138485
898.2	0.13832
898.4	0.138155
898.6	0.13799
898.8	0.137826
899	0.137662
899.2	0.137498
899.4	0.137334
899.6	0.137171
899.8	0.137008
900	0.136845
900.2	0.136683
900.4	0.13652
900.6	0.136358
900.8	0.136197
901	0.136035
901.2	0.135874
901.4	0.135713
901.6	0.135552
901.8	0.135392
902	0.135232
902.2	0.135072
902.4	0.134912
902.6	0.134753
902.8	0.134594
903	0.134435
903.2	0.134276
903.4	0.134118
903.6	0.133959
903.8	0.133801
904	0.133644
904.2	0.133486
904.4	0.133329
904.6	0.133172
904.8	0.133016
905	0.132859
905.2	0.132703
905.4	0.132547
905.6	0.132392
905.8	0.132236
906	0.132081
906.2	0.131926
906.4	0.131772
906.6	0.131617
906.8	0.131463
907	0.131309
907.2	0.131156
907.4	0.131002
907.6	0.130849
907.8	0.130696
908	0.130543
908.2	0.130391
908.4	0.130239
908.6	0.130087
908.8	0.129935
909	0.129784
909.2	0.129632
909.4	0.129481
909.6	0.129331
909.8	0.12918
910	0.12903
910.2	0.12888
910.4	0.12873
910.6	0.128581
910.8	0.128431
911	0.128282
911.2	0.128133
911.4	0.127985
911.6	0.127836
911.8	0.127688
912	0.12754
912.2	0.127393
912.4	0.127245
912.6	0.127098
912.8	0.126951
913	0.126804
913.2	0.126658
913.4	0.126512
913.6	0.126366
913.8	0.12622
914	0.126074
914.2	0.125929
914.4	0.125784
914.6	0.125639
914.8	0.125494
915	0.12535
915.2	0.125206
915.4	0.125062
915.6	0.124918
915.8	0.124775
916	0.124631
916.2	0.124488
916.4	0.124345
916.6	0.124203
916.8	0.12406
917	0.123918
917.2	0.123776
917.4	0.123635
917.6	0.123493
917.8	0.123352
918	0.123211
918.2	0.12307
918.4	0.12293
918.6	0.122789
918.8	0.122649
919	0.122509
919.2	0.122369
919.4	0.12223
919.6	0.122091
919.8	0.121952
920	0.121813
920.2	0.121674
920.4	0.121536
920.6	0.121398
920.8	0.12126
921	0.121122
921.2	0.120984
921.4	0.120847
921.6	0.12071
921.8	0.120573
922	0.120437
922.2	0.1203
922.4	0.120164
922.6	0.120028
922.8	0.119892
923	0.119757
923.2	0.119621
923.4	0.119486
923.6	0.119351
923.8	0.119216
924	0.119082
924.2	0.118948
924.4	0.118813
924.6	0.11868
924.8	0.118546
925	0.118412
925.2	0.118279
925.4	0.118146
925.6	0.118013
925.8	0.117881
926	0.117748
926.2	0.117616
926.4	0.117484
926.6	0.117352
926.8	0.117221
927	0.117089
927.2	0.116958
927.4	0.116827
927.6	0.116696
927.8	0.116566
928	0.116435
928.2	0.116305
928.4	0.116175
928.6	0.116045
928.8	0.115916
929	0.115787
929.2	0.115657
929.4	0.115528
929.6	0.1154
929.8	0.115271
930	0.115143
930.2	0.115015
930.4	0.114887
930.6	0.114759
930.8	0.114631
931	0.114504
931.2	0.114377
931.4	0.11425
931.6	0.114123
931.8	0.113997
932	0.11387
932.2	0.113744
932.4	0.113618
932.6	0.113492
932.8	0.113367
933	0.113242
933.2	0.113116
933.4	0.112991
933.6	0.112867
933.8	0.112742
934	0.112618
934.2	0.112493
934.4	0.112369
934.6	0.112246
934.8	0.112122
935	0.111998
935.2	0.111875
935.4	0.111752
935.6	0.111629
935.8	0.111507
936	0.111384
936.2	0.111262
936.4	0.11114
936.6	0.111018
936.8	0.110896
937	0.110775
937.2	0.110653
937.4	0.110532
937.6	0.110411
937.8	0.11029
938	0.11017
938.2	0.110049
938.4	0.109929
938.6	0.109809
938.8	0.109689
939	0.10957
939.2	0.10945
939.4	0.109331
939.6	0.109212
939.8	0.109093
940	0.108974
940.2	0.108856
940.4	0.108737
940.6	0.108619
940.8	0.108501
941	0.108383
941.2	0.108265
941.4	0.108148
941.6	0.108031
941.8	0.107914
942	0.107797
942.2	0.10768
942.4	0.107563
942.6	0.107447
942.8	0.107331
943	0.107215
943.2	0.107099
943.4	0.106983
943.6	0.106868
943.8	0.106753
944	0.106637
944.2	0.106523
944.4	0.106408
944.6	0.106293
944.8	0.106179
945	0.106065
945.2	0.10595
945.4	0.105837
945.6	0.105723
945.8	0.105609
946	0.105496
946.2	0.105383
946.4	0.10527
946.6	0.105157
946.8	0.105044
947	0.104932
947.2	0.104819
947.4	0.104707
947.6	0.104595
947.8	0.104484
948	0.104372
948.2	0.10426
948.4	0.104149
948.6	0.104038
948.8	0.103927
949	0.103816
949.2	0.103706
949.4	0.103595
949.6	0.103485
949.8	0.103375
950	0.103265
950.2	0.103155
950.4	0.103046
950.6	0.102936
950.8	0.102827
951	0.102718
951.2	0.102609
951.4	0.1025
951.6	0.102392
951.8	0.102283
952	0.102175
952.2	0.102067
952.4	0.101959
952.6	0.101851
952.8	0.101744
953	0.101636
953.2	0.101529
953.4	0.101422
953.6	0.101315
953.8	0.101208
954	0.101102
954.2	0.100995
954.4	0.100889
954.6	0.100783
954.8	0.100677
955	0.100571
955.2	0.100465
955.4	0.10036
955.6	0.100255
955.8	0.10015
956	0.100045
956.2	0.0999397
956.4	0.0998351
956.6	0.0997306
956.8	0.0996262
957	0.0995221
957.2	0.099418
957.4	0.0993142
957.6	0.0992105
957.8	0.0991069
958	0.0990035
958.2	0.0989003
958.4	0.0987972
958.6	0.0986943
958.8	0.0985915
959	0.0984889
959.2	0.0983865
959.4	0.0982842
959.6	0.0981821
959.8	0.0980801
960	0.0979782
960.2	0.0978766
960.4	0.0977751
960.6	0.0976737
960.8	0.0975725
961	0.0974715
961.2	0.0973706
961.4	0.0972698
961.6	0.0971692
961.8	0.0970688
962	0.0969685
962.2	0.0968684
962.4	0.0967684
962.6	0.0966686
962.8	0.0965689
963	0.0964694
963.2	0.09637
963.4	0.0962708
963.6	0.0961717
963.8	0.0960728
964	0.095974
964.2	0.0958754
964.4	0.0957769
964.6	0.0956786
964.8	0.0955804
965	0.0954824
965.2	0.0953845
965.4	0.0952868
965.6	0.0951892
965.8	0.0950918
966	0.0949945
966.2	0.0948974
966.4	0.0948004
966.6	0.0947036
966.8	0.0946069
967	0.0945103
967.2	0.094414
967.4	0.0943177
967.6	0.0942216
967.8	0.0941256
968	0.0940298
968.2	0.0939341
968.4	0.0938386
968.6	0.0937432
968.8	0.093648
969	0.0935529
969.2	0.093458
969.4	0.0933632
969.6	0.0932685
969.8	0.093174
970	0.0930796
970.2	0.0929854
970.4	0.0928913
970.6	0.0927974
970.8	0.0927036
971	0.0926099
971.2	0.0925164
971.4	0.092423
971.6	0.0923298
971.8	0.0922367
972	0.0921437
972.2	0.0920509
972.4	0.0919582
972.6	0.0918657
972.8	0.0917733
973	0.091681
973.2	0.0915889
973.4	0.0914969
973.6	0.0914051
973.8	0.0913134
974	0.0912218
974.2	0.0911304
974.4	0.0910391
974.6	0.090948
974.8	0.090857
975	0.0907661
975.2	0.0906754
975.4	0.0905848
975.6	0.0904943
975.8	0.090404
976	0.0903138
976.2	0.0902237
976.4	0.0901338
976.6	0.090044
976.8	0.0899544
977	0.0898649
977.2	0.0897755
977.4	0.0896863
977.6	0.0895971
977.8	0.0895082
978	0.0894193
978.2	0.0893306
978.4	0.089242
978.6	0.0891536
978.8	0.0890653
979	0.0889771
979.2	0.0888891
979.4	0.0888012
979.6	0.0887134
979.8	0.0886258
980	0.0885382
980.2	0.0884509
980.4	0.0883636
980.6	0.0882765
980.8	0.0881895
981	0.0881027
981.2	0.0880159
981.4	0.0879293
981.6	0.0878429
981.8	0.0877565
982	0.0876703
982.2	0.0875842
982.4	0.0874983
982.6	0.0874125
982.8	0.0873268
983	0.0872412
983.2	0.0871558
983.4	0.0870705
983.6	0.0869853
983.8	0.0869003
984	0.0868153
984.2	0.0867305
984.4	0.0866459
984.6	0.0865613
984.8	0.0864769
985	0.0863926
985.2	0.0863085
985.4	0.0862244
985.6	0.0861405
985.8	0.0860567
986	0.0859731
986.2	0.0858896
986.4	0.0858062
986.6	0.0857229
986.8	0.0856397
987	0.0855567
987.2	0.0854738
987.4	0.085391
987.6	0.0853083
987.8	0.0852258
988	0.0851434
988.2	0.0850611
988.4	0.0849789
988.6	0.0848969
988.8	0.084815
989	0.0847332
989.2	0.0846515
989.4	0.0845699
989.6	0.0844885
989.8	0.0844072
990	0.084326
990.2	0.0842449
990.4	0.084164
990.6	0.0840831
990.8	0.0840024
991	0.0839219
991.2	0.0838414
991.4	0.0837611
991.6	0.0836808
991.8	0.0836007
992	0.0835207
992.2	0.0834409
992.4	0.0833611
992.6	0.0832815
992.8	0.083202
993	0.0831226
993.2	0.0830433
993.4	0.0829642
993.6	0.0828851
993.8	0.0828062
994	0.0827274
994.2	0.0826487
994.4	0.0825702
994.6	0.0824917
994.8	0.0824134
995	0.0823352
995.2	0.0822571
995.4	0.0821791
995.6	0.0821012
995.8	0.0820235
996	0.0819458
996.2	0.0818683
996.4	0.0817909
996.6	0.0817136
996.8	0.0816365
997	0.0815594
997.2	0.0814825
997.4	0.0814056
997.6	0.0813289
997.8	0.0812523
998	0.0811758
998.2	0.0810995
998.4	0.0810232
998.6	0.0809471
998.8	0.080871
999	0.0807951
999.2	0.0807193
999.4	0.0806436
999.6	0.080568
999.8	0.0804926
1000	0.0804172
