label:PY[0].soma.v(0.5)
5001
0	-70
0.2	-70
0.4	-70
0.6	-70.0001
0.8	-70.0001
1	-70.0002
1.2	-70.0002
1.4	-70.0003
1.6	-70.0004
1.8	-70.0006
2	-70.0007
2.2	-70.0008
2.4	-70.001
2.6	-70.0012
2.8	-70.0013
3	-70.0015
3.2	-70.0017
3.4	-70.0019
3.6	-70.0022
3.8	-70.0024
4	-70.0026
4.2	-70.0029
4.4	-70.0032
4.6	-70.0034
4.8	-70.0037
5	-70.004
5.2	-70.0043
5.4	-70.0046
5.6	-70.0049
5.8	-70.0053
6	-70.0056
6.2	-70.006
6.4	-70.0063
6.6	-70.0067
6.8	-70.007
7	-70.0074
7.2	-70.0078
7.4	-70.0082
7.6	-70.0086
7.8	-70.009
8	-70.0094
8.2	-70.0098
8.4	-70.0102
8.6	-70.0107
8.8	-70.0111
9	-70.0115
9.2	-70.012
9.4	-70.0124
9.6	-70.0129
9.8	-70.0134
10	-70.0138
10.2	-70.0143
10.4	-70.0148
10.6	-70.0153
10.8	-70.0158
11	-70.0163
11.2	-70.0167
11.4	-70.0173
11.6	-70.0178
11.8	-70.0183
12	-70.0188
12.2	-70.0193
12.4	-70.0198
12.6	-70.0204
12.8	-70.0209
13	-70.0214
13.2	-70.022
13.4	-70.0225
13.6	-70.023
13.8	-70.0236
14	-70.0241
14.2	-70.0247
14.4	-70.0253
14.6	-70.0258
14.8	-70.0264
15	-70.0269
15.2	-70.0275
15.4	-70.0281
15.6	-70.0287
15.8	-70.0292
16	-70.0298
16.2	-70.0304
16.4	-70.031
16.6	-70.0316
16.8	-70.0322
17	-70.0327
17.2	-70.0333
17.4	-70.0339
17.6	-70.0345
17.8	-70.0351
18	-70.0357
18.2	-70.0363
18.4	-70.0369
18.6	-70.0375
18.8	-70.0381
19	-70.0388
19.2	-70.0394
19.4	-70.04
19.6	-70.0406
19.8	-70.0412
20	-70.0418
20.2	-70.0424
20.4	-70.0431
20.6	-70.0437
20.8	-70.0443
21	-70.0449
21.2	-70.0455
21.4	-70.0462
21.6	-70.0468
21.8	-70.0474
22	-70.048
22.2	-70.0487
22.4	-70.0493
22.6	-70.0499
22.8	-70.0506
23	-70.0512
23.2	-70.0518
23.4	-70.0525
23.6	-70.0531
23.8	-70.0537
24	-70.0544
24.2	-70.055
24.4	-70.0556
24.6	-70.0563
24.8	-70.0569
25	-70.0576
25.2	-70.0582
25.4	-70.0588
25.6	-70.0595
25.8	-70.0601
26	-70.0607
26.2	-70.0614
26.4	-70.062
26.6	-70.0627
26.8	-70.0633
27	-70.0639
27.2	-70.0646
27.4	-70.0652
27.6	-70.0659
27.8	-70.0665
28	-70.0672
28.2	-70.0678
28.4	-70.0684
28.6	-70.0691
28.8	-70.0697
29	-70.0704
29.2	-70.071
29.4	-70.0716
29.6	-70.0723
29.8	-70.0729
30	-70.0736
30.2	-70.0742
30.4	-70.0749
30.6	-70.0755
30.8	-70.0761
31	-70.0768
31.2	-70.0774
31.4	-70.0781
31.6	-70.0787
31.8	-70.0793
32	-70.08
32.2	-70.0806
32.4	-70.0813
32.6	-70.0819
32.8	-70.0825
33	-70.0832
33.2	-70.0838
33.4	-70.0844
33.6	-70.0851
33.8	-70.0857
34	-70.0864
34.2	-70.087
34.4	-70.0876
34.6	-70.0883
34.8	-70.0889
35	-70.0895
35.2	-70.0902
35.4	-70.0908
35.6	-70.0914
35.8	-70.0921
36	-70.0927
36.2	-70.0933
36.4	-70.094
36.6	-70.0946
36.8	-70.0952
37	-70.0959
37.2	-70.0965
37.4	-70.0971
37.6	-70.0978
37.8	-70.0984
38	-70.099
38.2	-70.0997
38.4	-70.1003
38.6	-70.1009
38.8	-70.1015
39	-70.1022
39.2	-70.1028
39.4	-70.1034
39.6	-70.104
39.8	-70.1047
40	-70.1053
40.2	-70.1059
40.4	-70.1065
40.6	-70.1072
40.8	-70.1078
41	-70.1084
41.2	-70.109
41.4	-70.1096
41.6	-70.1103
41.8	-70.1109
42	-70.1115
42.2	-70.1121
42.4	-70.1127
42.6	-70.1133
42.8	-70.114
43	-70.1146
43.2	-70.1152
43.4	-70.1158
43.6	-70.1164
43.8	-70.117
44	-70.1176
44.2	-70.1182
44.4	-70.1189
44.6	-70.1195
44.8	-70.1201
45	-70.1207
45.2	-70.1213
45.4	-70.1219
45.6	-70.1225
45.8	-70.1231
46	-70.1237
46.2	-70.1243
46.4	-70.1249
46.6	-70.1255
46.8	-70.1261
47	-70.1267
47.2	-70.1273
47.4	-70.1279
47.6	-70.1285
47.8	-70.1291
48	-70.1297
48.2	-70.1303
48.4	-70.1309
48.6	-70.1315
48.8	-70.1321
49	-70.1327
49.2	-70.1333
49.4	-70.1339
49.6	-70.1345
49.8	-70.1351
50	-70.1357
50.2	-70.1363
50.4	-70.1369
50.6	-70.1374
50.8	-70.138
51	-70.1386
51.2	-70.1392
51.4	-70.1398
51.6	-70.1404
51.8	-70.141
52	-70.1415
52.2	-70.1421
52.4	-70.1427
52.6	-70.1433
52.8	-70.1439
53	-70.1445
53.2	-70.145
53.4	-70.1456
53.6	-70.1462
53.8	-70.1468
54	-70.1474
54.2	-70.1479
54.4	-70.1485
54.6	-70.1491
54.8	-70.1497
55	-70.1502
55.2	-70.1508
55.4	-70.1514
55.6	-70.1519
55.8	-70.1525
56	-70.1531
56.2	-70.1537
56.4	-70.1542
56.6	-70.1548
56.8	-70.1554
57	-70.1559
57.2	-70.1565
57.4	-70.1571
57.6	-70.1576
57.8	-70.1582
58	-70.1587
58.2	-70.1593
58.4	-70.1599
58.6	-70.1604
58.8	-70.161
59	-70.1616
59.2	-70.1621
59.4	-70.1627
59.6	-70.1632
59.8	-70.1638
60	-70.1643
60.2	-70.1649
60.4	-70.1654
60.6	-70.166
60.8	-70.1665
61	-70.1671
61.2	-70.1677
61.4	-70.1682
61.6	-70.1688
61.8	-70.1693
62	-70.1699
62.2	-70.1704
62.4	-70.1709
62.6	-70.1715
62.8	-70.172
63	-70.1726
63.2	-70.1731
63.4	-70.1737
63.6	-70.1742
63.8	-70.1748
64	-70.1753
64.2	-70.1758
64.4	-70.1764
64.6	-70.1769
64.8	-70.1775
65	-70.178
65.2	-70.1785
65.4	-70.1791
65.6	-70.1796
65.8	-70.1801
66	-70.1807
66.2	-70.1812
66.4	-70.1817
66.6	-70.1823
66.8	-70.1828
67	-70.1833
67.2	-70.1839
67.4	-70.1844
67.6	-70.1849
67.8	-70.1854
68	-70.186
68.2	-70.1865
68.4	-70.187
68.6	-70.1876
68.8	-70.1881
69	-70.1886
69.2	-70.1891
69.4	-70.1896
69.6	-70.1902
69.8	-70.1907
70	-70.1912
70.2	-70.1917
70.4	-70.1922
70.6	-70.1928
70.8	-70.1933
71	-70.1938
71.2	-70.1943
71.4	-70.1948
71.6	-70.1953
71.8	-70.1959
72	-70.1964
72.2	-70.1969
72.4	-70.1974
72.6	-70.1979
72.8	-70.1984
73	-70.1989
73.2	-70.1994
73.4	-70.1999
73.6	-70.2005
73.8	-70.201
74	-70.2015
74.2	-70.202
74.4	-70.2025
74.6	-70.203
74.8	-70.2035
75	-70.204
75.2	-70.2045
75.4	-70.205
75.6	-70.2055
75.8	-70.206
76	-70.2065
76.2	-70.207
76.4	-70.2075
76.6	-70.208
76.8	-70.2085
77	-70.209
77.2	-70.2095
77.4	-70.21
77.6	-70.2105
77.8	-70.211
78	-70.2114
78.2	-70.2119
78.4	-70.2124
78.6	-70.2129
78.8	-70.2134
79	-70.2139
79.2	-70.2144
79.4	-70.2149
79.6	-70.2154
79.8	-70.2159
80	-70.2163
80.2	-70.2168
80.4	-70.2173
80.6	-70.2178
80.8	-70.2183
81	-70.2188
81.2	-70.2192
81.4	-70.2197
81.6	-70.2202
81.8	-70.2207
82	-70.2212
82.2	-70.2216
82.4	-70.2221
82.6	-70.2226
82.8	-70.2231
83	-70.2236
83.2	-70.224
83.4	-70.2245
83.6	-70.225
83.8	-70.2255
84	-70.2259
84.2	-70.2264
84.4	-70.2269
84.6	-70.2273
84.8	-70.2278
85	-70.2283
85.2	-70.2288
85.4	-70.2292
85.6	-70.2297
85.8	-70.2302
86	-70.2306
86.2	-70.2311
86.4	-70.2316
86.6	-70.232
86.8	-70.2325
87	-70.2329
87.2	-70.2334
87.4	-70.2339
87.6	-70.2343
87.8	-70.2348
88	-70.2353
88.2	-70.2357
88.4	-70.2362
88.6	-70.2366
88.8	-70.2371
89	-70.2375
89.2	-70.238
89.4	-70.2385
89.6	-70.2389
89.8	-70.2394
90	-70.2398
90.2	-70.2403
90.4	-70.2407
90.6	-70.2412
90.8	-70.2416
91	-70.2421
91.2	-70.2425
91.4	-70.243
91.6	-70.2434
91.8	-70.2439
92	-70.2443
92.2	-70.2448
92.4	-70.2452
92.6	-70.2457
92.8	-70.2461
93	-70.2466
93.2	-70.247
93.4	-70.2475
93.6	-70.2479
93.8	-70.2483
94	-70.2488
94.2	-70.2492
94.4	-70.2497
94.6	-70.2501
94.8	-70.2505
95	-70.251
95.2	-70.2514
95.4	-70.2519
95.6	-70.2523
95.8	-70.2527
96	-70.2532
96.2	-70.2536
96.4	-70.254
96.6	-70.2545
96.8	-70.2549
97	-70.2553
97.2	-70.2558
97.4	-70.2562
97.6	-70.2566
97.8	-70.2571
98	-70.2575
98.2	-70.2579
98.4	-70.2584
98.6	-70.2588
98.8	-70.2592
99	-70.2596
99.2	-70.2601
99.4	-70.2605
99.6	-70.2609
99.8	-70.2613
100	-70.2618
100.2	-70.2622
100.4	-70.2626
100.6	-70.263
100.8	-70.2635
101	-70.2639
101.2	-70.2643
101.4	-70.2647
101.6	-70.2651
101.8	-70.2656
102	-70.266
102.2	-70.2664
102.4	-70.2668
102.6	-70.2672
102.8	-70.2676
103	-70.2681
103.2	-70.2685
103.4	-70.2689
103.6	-70.2693
103.8	-70.2697
104	-70.2701
104.2	-70.2705
104.4	-70.271
104.6	-70.2714
104.8	-70.2718
105	-70.2722
105.2	-70.2726
105.4	-70.273
105.6	-70.2734
105.8	-70.2738
106	-70.2742
106.2	-70.2746
106.4	-70.275
106.6	-70.2754
106.8	-70.2759
107	-70.2763
107.2	-70.2767
107.4	-70.2771
107.6	-70.2775
107.8	-70.2779
108	-70.2783
108.2	-70.2787
108.4	-70.2791
108.6	-70.2795
108.8	-70.2799
109	-70.2803
109.2	-70.2807
109.4	-70.2811
109.6	-70.2815
109.8	-70.2819
110	-70.2823
110.2	-70.2827
110.4	-70.2831
110.6	-70.2834
110.8	-70.2838
111	-70.2842
111.2	-70.2846
111.4	-70.285
111.6	-70.2854
111.8	-70.2858
112	-70.2862
112.2	-70.2866
112.4	-70.287
112.6	-70.2874
112.8	-70.2878
113	-70.2881
113.2	-70.2885
113.4	-70.2889
113.6	-70.2893
113.8	-70.2897
114	-70.2901
114.2	-70.2905
114.4	-70.2908
114.6	-70.2912
114.8	-70.2916
115	-70.292
115.2	-70.2924
115.4	-70.2928
115.6	-70.2931
115.8	-70.2935
116	-70.2939
116.2	-70.2943
116.4	-70.2947
116.6	-70.295
116.8	-70.2954
117	-70.2958
117.2	-70.2962
117.4	-70.2965
117.6	-70.2969
117.8	-70.2973
118	-70.2977
118.2	-70.298
118.4	-70.2984
118.6	-70.2988
118.8	-70.2992
119	-70.2995
119.2	-70.2999
119.4	-70.3003
119.6	-70.3007
119.8	-70.301
120	-70.3014
120.2	-70.3018
120.4	-70.3021
120.6	-70.3025
120.8	-70.3029
121	-70.3032
121.2	-70.3036
121.4	-70.304
121.6	-70.3043
121.8	-70.3047
122	-70.3051
122.2	-70.3054
122.4	-70.3058
122.6	-70.3062
122.8	-70.3065
123	-70.3069
123.2	-70.3072
123.4	-70.3076
123.6	-70.308
123.8	-70.3083
124	-70.3087
124.2	-70.309
124.4	-70.3094
124.6	-70.3098
124.8	-70.3101
125	-70.3105
125.2	-70.3108
125.4	-70.3112
125.6	-70.3115
125.8	-70.3119
126	-70.3123
126.2	-70.3126
126.4	-70.313
126.6	-70.3133
126.8	-70.3137
127	-70.314
127.2	-70.3144
127.4	-70.3147
127.6	-70.3151
127.8	-70.3154
128	-70.3158
128.2	-70.3161
128.4	-70.3165
128.6	-70.3168
128.8	-70.3172
129	-70.3175
129.2	-70.3179
129.4	-70.3182
129.6	-70.3186
129.8	-70.3189
130	-70.3193
130.2	-70.3196
130.4	-70.32
130.6	-70.3203
130.8	-70.3206
131	-70.321
131.2	-70.3213
131.4	-70.3217
131.6	-70.322
131.8	-70.3223
132	-70.3227
132.2	-70.323
132.4	-70.3234
132.6	-70.3237
132.8	-70.3241
133	-70.3244
133.2	-70.3247
133.4	-70.3251
133.6	-70.3254
133.8	-70.3257
134	-70.3261
134.2	-70.3264
134.4	-70.3267
134.6	-70.3271
134.8	-70.3274
135	-70.3277
135.2	-70.3281
135.4	-70.3284
135.6	-70.3287
135.8	-70.3291
136	-70.3294
136.2	-70.3297
136.4	-70.3301
136.6	-70.3304
136.8	-70.3307
137	-70.3311
137.2	-70.3314
137.4	-70.3317
137.6	-70.332
137.8	-70.3324
138	-70.3327
138.2	-70.333
138.4	-70.3334
138.6	-70.3337
138.8	-70.334
139	-70.3343
139.2	-70.3347
139.4	-70.335
139.6	-70.3353
139.8	-70.3356
140	-70.3359
140.2	-70.3363
140.4	-70.3366
140.6	-70.3369
140.8	-70.3372
141	-70.3376
141.2	-70.3379
141.4	-70.3382
141.6	-70.3385
141.8	-70.3388
142	-70.3391
142.2	-70.3395
142.4	-70.3398
142.6	-70.3401
142.8	-70.3404
143	-70.3407
143.2	-70.341
143.4	-70.3414
143.6	-70.3417
143.8	-70.342
144	-70.3423
144.2	-70.3426
144.4	-70.3429
144.6	-70.3432
144.8	-70.3436
145	-70.3439
145.2	-70.3442
145.4	-70.3445
145.6	-70.3448
145.8	-70.3451
146	-70.3454
146.2	-70.3457
146.4	-70.346
146.6	-70.3464
146.8	-70.3467
147	-70.347
147.2	-70.3473
147.4	-70.3476
147.6	-70.3479
147.8	-70.3482
148	-70.3485
148.2	-70.3488
148.4	-70.3491
148.6	-70.3494
148.8	-70.3497
149	-70.35
149.2	-70.3503
149.4	-70.3506
149.6	-70.3509
149.8	-70.3512
150	-70.3515
150.2	-70.3518
150.4	-70.3521
150.6	-70.3524
150.8	-70.3527
151	-70.353
151.2	-70.3533
151.4	-70.3536
151.6	-70.3539
151.8	-70.3542
152	-70.3545
152.2	-70.3548
152.4	-70.3551
152.6	-70.3554
152.8	-70.3557
153	-70.356
153.2	-70.3563
153.4	-70.3566
153.6	-70.3569
153.8	-70.3572
154	-70.3575
154.2	-70.3578
154.4	-70.3581
154.6	-70.3583
154.8	-70.3586
155	-70.3589
155.2	-70.3592
155.4	-70.3595
155.6	-70.3598
155.8	-70.3601
156	-70.3604
156.2	-70.3607
156.4	-70.361
156.6	-70.3612
156.8	-70.3615
157	-70.3618
157.2	-70.3621
157.4	-70.3624
157.6	-70.3627
157.8	-70.363
158	-70.3633
158.2	-70.3635
158.4	-70.3638
158.6	-70.3641
158.8	-70.3644
159	-70.3647
159.2	-70.365
159.4	-70.3652
159.6	-70.3655
159.8	-70.3658
160	-70.3661
160.2	-70.3664
160.4	-70.3666
160.6	-70.3669
160.8	-70.3672
161	-70.3675
161.2	-70.3678
161.4	-70.368
161.6	-70.3683
161.8	-70.3686
162	-70.3689
162.2	-70.3691
162.4	-70.3694
162.6	-70.3697
162.8	-70.37
163	-70.3703
163.2	-70.3705
163.4	-70.3708
163.6	-70.3711
163.8	-70.3714
164	-70.3716
164.2	-70.3719
164.4	-70.3722
164.6	-70.3724
164.8	-70.3727
165	-70.373
165.2	-70.3733
165.4	-70.3735
165.6	-70.3738
165.8	-70.3741
166	-70.3743
166.2	-70.3746
166.4	-70.3749
166.6	-70.3752
166.8	-70.3754
167	-70.3757
167.2	-70.376
167.4	-70.3762
167.6	-70.3765
167.8	-70.3768
168	-70.377
168.2	-70.3773
168.4	-70.3776
168.6	-70.3778
168.8	-70.3781
169	-70.3783
169.2	-70.3786
169.4	-70.3789
169.6	-70.3791
169.8	-70.3794
170	-70.3797
170.2	-70.3799
170.4	-70.3802
170.6	-70.3805
170.8	-70.3807
171	-70.381
171.2	-70.3812
171.4	-70.3815
171.6	-70.3818
171.8	-70.382
172	-70.3823
172.2	-70.3825
172.4	-70.3828
172.6	-70.383
172.8	-70.3833
173	-70.3836
173.2	-70.3838
173.4	-70.3841
173.6	-70.3843
173.8	-70.3846
174	-70.3848
174.2	-70.3851
174.4	-70.3854
174.6	-70.3856
174.8	-70.3859
175	-70.3861
175.2	-70.3864
175.4	-70.3866
175.6	-70.3869
175.8	-70.3871
176	-70.3874
176.2	-70.3876
176.4	-70.3879
176.6	-70.3881
176.8	-70.3884
177	-70.3886
177.2	-70.3889
177.4	-70.3891
177.6	-70.3894
177.8	-70.3896
178	-70.3899
178.2	-70.3901
178.4	-70.3904
178.6	-70.3906
178.8	-70.3909
179	-70.3911
179.2	-70.3914
179.4	-70.3916
179.6	-70.3919
179.8	-70.3921
180	-70.3924
180.2	-70.3926
180.4	-70.3928
180.6	-70.3931
180.8	-70.3933
181	-70.3936
181.2	-70.3938
181.4	-70.3941
181.6	-70.3943
181.8	-70.3945
182	-70.3948
182.2	-70.395
182.4	-70.3953
182.6	-70.3955
182.8	-70.3958
183	-70.396
183.2	-70.3962
183.4	-70.3965
183.6	-70.3967
183.8	-70.397
184	-70.3972
184.2	-70.3974
184.4	-70.3977
184.6	-70.3979
184.8	-70.3981
185	-70.3984
185.2	-70.3986
185.4	-70.3989
185.6	-70.3991
185.8	-70.3993
186	-70.3996
186.2	-70.3998
186.4	-70.4
186.6	-70.4003
186.8	-70.4005
187	-70.4007
187.2	-70.401
187.4	-70.4012
187.6	-70.4014
187.8	-70.4017
188	-70.4019
188.2	-70.4021
188.4	-70.4024
188.6	-70.4026
188.8	-70.4028
189	-70.4031
189.2	-70.4033
189.4	-70.4035
189.6	-70.4037
189.8	-70.404
190	-70.4042
190.2	-70.4044
190.4	-70.4047
190.6	-70.4049
190.8	-70.4051
191	-70.4053
191.2	-70.4056
191.4	-70.4058
191.6	-70.406
191.8	-70.4062
192	-70.4065
192.2	-70.4067
192.4	-70.4069
192.6	-70.4072
192.8	-70.4074
193	-70.4076
193.2	-70.4078
193.4	-70.4081
193.6	-70.4083
193.8	-70.4085
194	-70.4087
194.2	-70.4089
194.4	-70.4092
194.6	-70.4094
194.8	-70.4096
195	-70.4098
195.2	-70.4101
195.4	-70.4103
195.6	-70.4105
195.8	-70.4107
196	-70.4109
196.2	-70.4112
196.4	-70.4114
196.6	-70.4116
196.8	-70.4118
197	-70.412
197.2	-70.4122
197.4	-70.4125
197.6	-70.4127
197.8	-70.4129
198	-70.4131
198.2	-70.4133
198.4	-70.4136
198.6	-70.4138
198.8	-70.414
199	-70.4142
199.2	-70.4144
199.4	-70.4146
199.6	-70.4148
199.8	-70.4151
200	-70.4153
200.2	-70.4155
200.4	-70.4157
200.6	-70.4159
200.8	-70.4161
201	-70.4163
201.2	-70.4165
201.4	-70.4168
201.6	-70.417
201.8	-70.4172
202	-70.4174
202.2	-70.4176
202.4	-70.4178
202.6	-70.418
202.8	-70.4182
203	-70.4184
203.2	-70.4187
203.4	-70.4189
203.6	-70.4191
203.8	-70.4193
204	-70.4195
204.2	-70.4197
204.4	-70.4199
204.6	-70.4201
204.8	-70.4203
205	-70.4205
205.2	-70.4207
205.4	-70.4209
205.6	-70.4211
205.8	-70.4213
206	-70.4216
206.2	-70.4218
206.4	-70.422
206.6	-70.4222
206.8	-70.4224
207	-70.4226
207.2	-70.4228
207.4	-70.423
207.6	-70.4232
207.8	-70.4234
208	-70.4236
208.2	-70.4238
208.4	-70.424
208.6	-70.4242
208.8	-70.4244
209	-70.4246
209.2	-70.4248
209.4	-70.425
209.6	-70.4252
209.8	-70.4254
210	-70.4256
210.2	-70.4258
210.4	-70.426
210.6	-70.4262
210.8	-70.4264
211	-70.4266
211.2	-70.4268
211.4	-70.427
211.6	-70.4272
211.8	-70.4274
212	-70.4276
212.2	-70.4278
212.4	-70.428
212.6	-70.4282
212.8	-70.4284
213	-70.4286
213.2	-70.4288
213.4	-70.429
213.6	-70.4292
213.8	-70.4293
214	-70.4295
214.2	-70.4297
214.4	-70.4299
214.6	-70.4301
214.8	-70.4303
215	-70.4305
215.2	-70.4307
215.4	-70.4309
215.6	-70.4311
215.8	-70.4313
216	-70.4315
216.2	-70.4317
216.4	-70.4319
216.6	-70.432
216.8	-70.4322
217	-70.4324
217.2	-70.4326
217.4	-70.4328
217.6	-70.433
217.8	-70.4332
218	-70.4334
218.2	-70.4336
218.4	-70.4337
218.6	-70.4339
218.8	-70.4341
219	-70.4343
219.2	-70.4345
219.4	-70.4347
219.6	-70.4349
219.8	-70.4351
220	-70.4352
220.2	-70.4354
220.4	-70.4356
220.6	-70.4358
220.8	-70.436
221	-70.4362
221.2	-70.4364
221.4	-70.4365
221.6	-70.4367
221.8	-70.4369
222	-70.4371
222.2	-70.4373
222.4	-70.4375
222.6	-70.4377
222.8	-70.4378
223	-70.438
223.2	-70.4382
223.4	-70.4384
223.6	-70.4386
223.8	-70.4387
224	-70.4389
224.2	-70.4391
224.4	-70.4393
224.6	-70.4395
224.8	-70.4397
225	-70.4398
225.2	-70.44
225.4	-70.4402
225.6	-70.4404
225.8	-70.4406
226	-70.4407
226.2	-70.4409
226.4	-70.4411
226.6	-70.4413
226.8	-70.4414
227	-70.4416
227.2	-70.4418
227.4	-70.442
227.6	-70.4422
227.8	-70.4423
228	-70.4425
228.2	-70.4427
228.4	-70.4429
228.6	-70.443
228.8	-70.4432
229	-70.4434
229.2	-70.4436
229.4	-70.4437
229.6	-70.4439
229.8	-70.4441
230	-70.4443
230.2	-70.4444
230.4	-70.4446
230.6	-70.4448
230.8	-70.445
231	-70.4451
231.2	-70.4453
231.4	-70.4455
231.6	-70.4456
231.8	-70.4458
232	-70.446
232.2	-70.4462
232.4	-70.4463
232.6	-70.4465
232.8	-70.4467
233	-70.4468
233.2	-70.447
233.4	-70.4472
233.6	-70.4473
233.8	-70.4475
234	-70.4477
234.2	-70.4479
234.4	-70.448
234.6	-70.4482
234.8	-70.4484
235	-70.4485
235.2	-70.4487
235.4	-70.4489
235.6	-70.449
235.8	-70.4492
236	-70.4494
236.2	-70.4495
236.4	-70.4497
236.6	-70.4499
236.8	-70.45
237	-70.4502
237.2	-70.4504
237.4	-70.4505
237.6	-70.4507
237.8	-70.4509
238	-70.451
238.2	-70.4512
238.4	-70.4514
238.6	-70.4515
238.8	-70.4517
239	-70.4519
239.2	-70.452
239.4	-70.4522
239.6	-70.4523
239.8	-70.4525
240	-70.4527
240.2	-70.4528
240.4	-70.453
240.6	-70.4532
240.8	-70.4533
241	-70.4535
241.2	-70.4536
241.4	-70.4538
241.6	-70.454
241.8	-70.4541
242	-70.4543
242.2	-70.4544
242.4	-70.4546
242.6	-70.4548
242.8	-70.4549
243	-70.4551
243.2	-70.4552
243.4	-70.4554
243.6	-70.4556
243.8	-70.4557
244	-70.4559
244.2	-70.456
244.4	-70.4562
244.6	-70.4564
244.8	-70.4565
245	-70.4567
245.2	-70.4568
245.4	-70.457
245.6	-70.4571
245.8	-70.4573
246	-70.4574
246.2	-70.4576
246.4	-70.4578
246.6	-70.4579
246.8	-70.4581
247	-70.4582
247.2	-70.4584
247.4	-70.4585
247.6	-70.4587
247.8	-70.4588
248	-70.459
248.2	-70.4592
248.4	-70.4593
248.6	-70.4595
248.8	-70.4596
249	-70.4598
249.2	-70.4599
249.4	-70.4601
249.6	-70.4602
249.8	-70.4604
250	-70.4605
250.2	-70.4607
250.4	-70.4608
250.6	-70.461
250.8	-70.4611
251	-70.4613
251.2	-70.4614
251.4	-70.4616
251.6	-70.4617
251.8	-70.4619
252	-70.462
252.2	-70.4622
252.4	-70.4623
252.6	-70.4625
252.8	-70.4626
253	-70.4628
253.2	-70.4629
253.4	-70.4631
253.6	-70.4632
253.8	-70.4634
254	-70.4635
254.2	-70.4637
254.4	-70.4638
254.6	-70.464
254.8	-70.4641
255	-70.4643
255.2	-70.4644
255.4	-70.4645
255.6	-70.4647
255.8	-70.4648
256	-70.465
256.2	-70.4651
256.4	-70.4653
256.6	-70.4654
256.8	-70.4656
257	-70.4657
257.2	-70.4659
257.4	-70.466
257.6	-70.4661
257.8	-70.4663
258	-70.4664
258.2	-70.4666
258.4	-70.4667
258.6	-70.4669
258.8	-70.467
259	-70.4671
259.2	-70.4673
259.4	-70.4674
259.6	-70.4676
259.8	-70.4677
260	-70.4679
260.2	-70.468
260.4	-70.4681
260.6	-70.4683
260.8	-70.4684
261	-70.4686
261.2	-70.4687
261.4	-70.4688
261.6	-70.469
261.8	-70.4691
262	-70.4693
262.2	-70.4694
262.4	-70.4695
262.6	-70.4697
262.8	-70.4698
263	-70.47
263.2	-70.4701
263.4	-70.4702
263.6	-70.4704
263.8	-70.4705
264	-70.4707
264.2	-70.4708
264.4	-70.4709
264.6	-70.4711
264.8	-70.4712
265	-70.4713
265.2	-70.4715
265.4	-70.4716
265.6	-70.4717
265.8	-70.4719
266	-70.472
266.2	-70.4722
266.4	-70.4723
266.6	-70.4724
266.8	-70.4726
267	-70.4727
267.2	-70.4728
267.4	-70.473
267.6	-70.4731
267.8	-70.4732
268	-70.4734
268.2	-70.4735
268.4	-70.4736
268.6	-70.4738
268.8	-70.4739
269	-70.474
269.2	-70.4742
269.4	-70.4743
269.6	-70.4744
269.8	-70.4746
270	-70.4747
270.2	-70.4748
270.4	-70.475
270.6	-70.4751
270.8	-70.4752
271	-70.4754
271.2	-70.4755
271.4	-70.4756
271.6	-70.4758
271.8	-70.4759
272	-70.476
272.2	-70.4762
272.4	-70.4763
272.6	-70.4764
272.8	-70.4765
273	-70.4767
273.2	-70.4768
273.4	-70.4769
273.6	-70.4771
273.8	-70.4772
274	-70.4773
274.2	-70.4774
274.4	-70.4776
274.6	-70.4777
274.8	-70.4778
275	-70.478
275.2	-70.4781
275.4	-70.4782
275.6	-70.4783
275.8	-70.4785
276	-70.4786
276.2	-70.4787
276.4	-70.4789
276.6	-70.479
276.8	-70.4791
277	-70.4792
277.2	-70.4794
277.4	-70.4795
277.6	-70.4796
277.8	-70.4797
278	-70.4799
278.2	-70.48
278.4	-70.4801
278.6	-70.4802
278.8	-70.4804
279	-70.4805
279.2	-70.4806
279.4	-70.4807
279.6	-70.4809
279.8	-70.481
280	-70.4811
280.2	-70.4812
280.4	-70.4813
280.6	-70.4815
280.8	-70.4816
281	-70.4817
281.2	-70.4818
281.4	-70.482
281.6	-70.4821
281.8	-70.4822
282	-70.4823
282.2	-70.4825
282.4	-70.4826
282.6	-70.4827
282.8	-70.4828
283	-70.4829
283.2	-70.4831
283.4	-70.4832
283.6	-70.4833
283.8	-70.4834
284	-70.4835
284.2	-70.4837
284.4	-70.4838
284.6	-70.4839
284.8	-70.484
285	-70.4841
285.2	-70.4843
285.4	-70.4844
285.6	-70.4845
285.8	-70.4846
286	-70.4847
286.2	-70.4849
286.4	-70.485
286.6	-70.4851
286.8	-70.4852
287	-70.4853
287.2	-70.4854
287.4	-70.4856
287.6	-70.4857
287.8	-70.4858
288	-70.4859
288.2	-70.486
288.4	-70.4861
288.6	-70.4863
288.8	-70.4864
289	-70.4865
289.2	-70.4866
289.4	-70.4867
289.6	-70.4868
289.8	-70.487
290	-70.4871
290.2	-70.4872
290.4	-70.4873
290.6	-70.4874
290.8	-70.4875
291	-70.4876
291.2	-70.4878
291.4	-70.4879
291.6	-70.488
291.8	-70.4881
292	-70.4882
292.2	-70.4883
292.4	-70.4884
292.6	-70.4886
292.8	-70.4887
293	-70.4888
293.2	-70.4889
293.4	-70.489
293.6	-70.4891
293.8	-70.4892
294	-70.4893
294.2	-70.4895
294.4	-70.4896
294.6	-70.4897
294.8	-70.4898
295	-70.4899
295.2	-70.49
295.4	-70.4901
295.6	-70.4902
295.8	-70.4904
296	-70.4905
296.2	-70.4906
296.4	-70.4907
296.6	-70.4908
296.8	-70.4909
297	-70.491
297.2	-70.4911
297.4	-70.4912
297.6	-70.4913
297.8	-70.4915
298	-70.4916
298.2	-70.4917
298.4	-70.4918
298.6	-70.4919
298.8	-70.492
299	-70.4921
299.2	-70.4922
299.4	-70.4923
299.6	-70.4924
299.8	-70.4925
300	-70.4927
300.2	-69.4722
300.4	-68.4722
300.6	-67.4922
300.8	-66.5318
301	-65.5907
301.2	-64.6685
301.4	-63.7648
301.6	-62.8791
301.8	-62.0112
302	-61.1607
302.2	-60.3272
302.4	-59.5104
302.6	-58.71
302.8	-57.9254
303	-57.1564
303.2	-56.4025
303.4	-55.6632
303.6	-54.9379
303.8	-54.226
304	-53.5266
304.2	-52.8385
304.4	-52.1604
304.6	-51.4902
304.8	-50.8254
305	-50.1624
305.2	-49.4965
305.4	-48.8209
305.6	-48.126
305.8	-47.3976
306	-46.6138
306.2	-45.7384
306.4	-44.7061
306.6	-43.3823
306.8	-41.4296
307	-37.6562
307.2	-23.809
307.4	35.0928
307.6	43.9215
307.8	30.9346
308	7.59881
308.2	-16.5019
308.4	-35.1347
308.6	-50.3488
308.8	-59.2258
309	-63.2662
309.2	-64.8526
309.4	-65.2243
309.6	-64.9928
309.8	-64.4621
310	-63.7848
310.2	-63.0388
310.4	-62.2641
310.6	-61.4816
310.8	-60.7024
311	-59.9321
311.2	-59.1737
311.4	-58.4288
311.6	-57.698
311.8	-56.9816
312	-56.2794
312.2	-55.5912
312.4	-54.9167
312.6	-54.2552
312.8	-53.6062
313	-52.9687
313.2	-52.3415
313.4	-51.7233
313.6	-51.1122
313.8	-50.5058
314	-49.9007
314.2	-49.2926
314.4	-48.6758
314.6	-48.042
314.8	-47.3796
315	-46.671
315.2	-45.8885
315.4	-44.9848
315.6	-43.8694
315.8	-42.3408
316	-39.8233
316.2	-33.7203
316.4	0.712445
316.6	42.8256
316.8	38.9649
317	19.6961
317.2	-5.28806
317.4	-26.7036
317.6	-43.5217
317.8	-55.6036
318	-61.5976
318.2	-64.1796
318.4	-65.0632
318.6	-65.1034
318.8	-64.724
319	-64.1373
319.2	-63.4507
319.4	-62.7194
319.6	-61.972
319.8	-61.2234
320	-60.4814
320.2	-59.7501
320.4	-59.0317
320.6	-58.3271
320.8	-57.6368
321	-56.9607
321.2	-56.2988
321.4	-55.6507
321.6	-55.016
321.8	-54.3943
322	-53.7848
322.2	-53.1869
322.4	-52.5994
322.6	-52.0214
322.8	-51.4512
323	-50.887
323.2	-50.3264
323.4	-49.7663
323.6	-49.2025
323.8	-48.6297
324	-48.0404
324.2	-47.4242
324.4	-46.7659
324.6	-46.0415
324.8	-45.2115
325	-44.2035
325.2	-42.8644
325.4	-40.796
325.6	-36.4977
325.8	-18.3483
326	38.4385
326.2	42.4997
326.4	27.2607
326.6	3.09382
326.8	-20.2488
327	-38.1709
327.2	-52.4596
327.4	-60.2535
327.6	-63.7476
327.8	-65.0876
328	-65.3625
328.2	-65.1096
328.4	-64.5959
328.6	-63.9558
328.8	-63.2577
329	-62.5368
329.2	-61.8113
329.4	-61.0907
329.6	-60.3801
329.8	-59.682
330	-58.9976
330.2	-58.3274
330.4	-57.6715
330.6	-57.0299
330.8	-56.4024
331	-55.7885
331.2	-55.1879
331.4	-54.6001
331.6	-54.0244
331.8	-53.4603
332	-52.9069
332.2	-52.3632
332.4	-51.828
332.6	-51.2999
332.8	-50.777
333	-50.2572
333.2	-49.7375
333.4	-49.2143
333.6	-48.6829
333.8	-48.1367
334	-47.567
334.2	-46.9611
334.4	-46.3
334.6	-45.553
334.8	-44.6666
335	-43.5364
335.2	-41.919
335.4	-39.0684
335.6	-31.1152
335.8	16.3948
336	44.0719
336.2	36.2553
336.4	15.1748
336.6	-9.67383
336.8	-29.9672
337	-46.367
337.2	-57.2902
337.4	-62.5104
337.6	-64.7122
337.8	-65.4221
338	-65.3945
338.2	-65.0025
338.4	-64.432
338.6	-63.7773
338.8	-63.0863
339	-62.3839
339.2	-61.6829
339.4	-60.99
339.6	-60.3087
339.8	-59.6406
340	-58.9866
340.2	-58.3469
340.4	-57.7215
340.6	-57.1102
340.8	-56.5128
341	-55.9288
341.2	-55.3579
341.4	-54.7997
341.6	-54.2535
341.8	-53.7187
342	-53.1947
342.2	-52.6806
342.4	-52.1755
342.6	-51.6781
342.8	-51.1872
343	-50.7009
343.2	-50.2173
343.4	-49.7337
343.6	-49.2469
343.8	-48.7527
344	-48.2456
344.2	-47.7182
344.4	-47.1601
344.6	-46.5561
344.8	-45.8826
345	-45.1004
345.2	-44.1374
345.4	-42.8422
345.6	-40.8204
345.8	-36.5924
346	-18.7567
346.2	38.37
346.4	42.5738
346.6	27.4598
346.8	3.37272
347	-20.0137
347.2	-38.0151
347.4	-52.4332
347.6	-60.3267
347.8	-63.8794
348	-65.2624
348.2	-65.5758
348.4	-65.3609
348.6	-64.8863
348.8	-64.2863
349	-63.6293
349.2	-62.9502
349.4	-62.2671
349.6	-61.5892
349.8	-60.9214
350	-60.2662
350.2	-59.6247
350.4	-58.9973
350.6	-58.3843
350.8	-57.7854
351	-57.2005
351.2	-56.6293
351.4	-56.0713
351.6	-55.5262
351.8	-54.9935
352	-54.4727
352.2	-53.9634
352.4	-53.4647
352.6	-52.9761
352.8	-52.4967
353	-52.0255
353.2	-51.5615
353.4	-51.1033
353.6	-50.6493
353.8	-50.1977
354	-49.7462
354.2	-49.2917
354.4	-48.8308
354.6	-48.3586
354.8	-47.8691
355	-47.3535
355.2	-46.7998
355.4	-46.1897
355.6	-45.4941
355.8	-44.6625
356	-43.597
356.2	-42.0742
356.4	-39.43
356.6	-32.4309
356.8	9.77228
357	43.8372
357.2	37.5629
357.4	17.3101
357.6	-7.58007
357.8	-28.4096
358	-45.1208
358.2	-56.6932
358.4	-62.3161
358.6	-64.729
358.8	-65.5573
359	-65.6047
359.2	-65.267
359.4	-64.7415
359.6	-64.1272
359.8	-63.4746
360	-62.8097
360.2	-62.1457
360.4	-61.4897
360.6	-60.845
360.8	-60.2135
361	-59.5959
361.2	-58.9926
361.4	-58.4035
361.6	-57.8283
361.8	-57.2669
362	-56.719
362.2	-56.1841
362.4	-55.6618
362.6	-55.1518
362.8	-54.6535
363	-54.1664
363.2	-53.69
363.4	-53.2237
363.6	-52.7666
363.8	-52.3181
364	-51.8771
364.2	-51.4427
364.4	-51.0135
364.6	-50.5881
364.8	-50.1647
365	-49.7412
365.2	-49.3151
365.4	-48.8831
365.6	-48.4411
365.8	-47.9838
366	-47.5039
366.2	-46.9914
366.4	-46.4316
366.6	-45.8019
366.8	-45.0646
367	-44.1514
367.2	-42.9197
367.4	-41.0057
367.6	-37.0922
367.8	-21.6632
368	36.4829
368.2	43.0363
368.4	28.889
368.6	5.1217
368.8	-18.5898
369	-36.8719
369.2	-51.6989
369.4	-60.0278
369.6	-63.8141
369.8	-65.3244
370	-65.7145
370.2	-65.5527
370.4	-65.12
370.6	-64.5568
370.8	-63.9342
371	-63.2884
371.2	-62.638
371.4	-61.9927
371.6	-61.3572
371.8	-60.7342
372	-60.1248
372.2	-59.5294
372.4	-58.9482
372.6	-58.381
372.8	-57.8277
373	-57.2878
373.2	-56.7612
373.4	-56.2473
373.6	-55.7459
373.8	-55.2564
374	-54.7785
374.2	-54.3116
374.4	-53.8552
374.6	-53.4088
374.8	-52.9717
375	-52.5431
375.2	-52.1224
375.4	-51.7085
375.6	-51.3005
375.8	-50.8971
376	-50.4969
376.2	-50.0983
376.4	-49.6994
376.6	-49.2977
376.8	-48.8904
377	-48.4736
377.2	-48.0428
377.4	-47.5914
377.6	-47.1109
377.8	-46.5887
378	-46.006
378.2	-45.3325
378.4	-44.5152
378.6	-43.4503
378.8	-41.8962
379	-39.1136
379.2	-31.2832
379.4	16.0695
379.6	44.1014
379.8	36.3134
380	15.3406
380.2	-9.47152
380.4	-29.8311
380.6	-46.3559
380.8	-57.4084
381	-62.7042
381.2	-64.9621
381.4	-65.7246
381.6	-65.7516
381.8	-65.4172
382	-64.9072
382.2	-64.3151
382.4	-63.6882
382.6	-63.0508
382.8	-62.4154
383	-61.7883
383.2	-61.1729
383.4	-60.5707
383.6	-59.9824
383.8	-59.4082
384	-58.848
384.2	-58.3017
384.4	-57.769
384.6	-57.2495
384.8	-56.7429
385	-56.2489
385.2	-55.7669
385.4	-55.2967
385.6	-54.8378
385.8	-54.3897
386	-53.9518
386.2	-53.5238
386.4	-53.1049
386.6	-52.6945
386.8	-52.292
387	-51.8964
387.2	-51.507
387.4	-51.1227
387.6	-50.7423
387.8	-50.3645
388	-49.9876
388.2	-49.6099
388.4	-49.229
388.6	-48.8422
388.8	-48.446
389	-48.036
389.2	-47.6064
389.4	-47.149
389.6	-46.6527
389.8	-46.1004
390	-45.4656
390.2	-44.7024
390.4	-43.724
390.6	-42.338
390.8	-40.0024
391	-34.3439
391.2	-2.8813
391.4	42.4509
391.6	39.4287
391.8	20.7072
392	-4.16367
392.2	-25.8733
392.4	-42.9643
392.6	-55.4913
392.8	-61.7816
393	-64.5463
393.2	-65.5673
393.4	-65.7297
393.6	-65.4692
393.8	-65.0023
394	-64.4375
394.2	-63.8298
394.4	-63.2074
394.6	-62.5848
394.8	-61.9693
395	-61.3648
395.2	-60.7731
395.4	-60.195
395.6	-59.6309
395.8	-59.0808
396	-58.5444
396.2	-58.0215
396.4	-57.5118
396.6	-57.015
396.8	-56.5306
397	-56.0584
397.2	-55.5978
397.4	-55.1486
397.6	-54.7102
397.8	-54.2822
398	-53.8641
398.2	-53.4554
398.4	-53.0556
398.6	-52.6639
398.8	-52.2797
399	-51.9023
399.2	-51.5309
399.4	-51.1644
399.6	-50.8019
399.8	-50.4421
400	-50.0836
400.2	-49.7248
400.4	-49.3638
400.6	-48.9981
400.8	-48.6249
401	-48.2406
401.2	-47.8403
401.4	-47.418
401.6	-46.9649
401.8	-46.4687
402	-45.9107
402.2	-45.2606
402.4	-44.466
402.6	-43.4232
402.8	-41.8924
403	-39.1404
403.2	-31.3979
403.4	15.6287
403.6	44.0912
403.8	36.3821
404	15.4752
404.2	-9.32813
404.4	-29.7285
404.6	-46.3028
404.8	-57.4201
405	-62.7545
405.2	-65.0376
405.4	-65.8207
405.6	-65.8672
405.8	-65.5525
406	-65.0625
406.2	-64.4909
406.4	-63.8847
406.6	-63.2683
406.8	-62.6539
407	-62.0479
407.2	-61.4536
407.4	-60.8723
407.6	-60.3049
407.8	-59.7514
408	-59.2118
408.2	-58.686
408.4	-58.1735
408.6	-57.6742
408.8	-57.1877
409	-56.7136
409.2	-56.2514
409.4	-55.801
409.6	-55.3617
409.8	-54.9333
410	-54.5153
410.2	-54.1071
410.4	-53.7085
410.6	-53.3187
410.8	-52.9373
411	-52.5637
411.2	-52.1972
411.4	-51.8371
411.6	-51.4826
411.8	-51.1328
412	-50.7867
412.2	-50.4432
412.4	-50.101
412.6	-49.7587
412.8	-49.4143
413	-49.0659
413.2	-48.7109
413.4	-48.346
413.6	-47.9672
413.8	-47.5691
414	-47.1446
414.2	-46.6835
414.4	-46.1709
414.6	-45.5836
414.8	-44.8828
415	-43.9974
415.2	-42.7773
415.4	-40.8338
415.6	-36.715
415.8	-19.3255
416	38.2345
416.2	42.6072
416.4	27.6287
416.6	3.6522
416.8	-19.7698
417	-37.8783
417.2	-52.4737
417.4	-60.4937
417.6	-64.1258
417.8	-65.5738
418	-65.9505
418.2	-65.8014
418.4	-65.3954
418.6	-64.8668
418.8	-64.2829
419	-63.6782
419.2	-63.0701
419.4	-62.4677
419.6	-61.8754
419.8	-61.2956
420	-60.7292
420.2	-60.1768
420.4	-59.6382
420.6	-59.1134
420.8	-58.6021
421	-58.1041
421.2	-57.6189
421.4	-57.1463
421.6	-56.6858
421.8	-56.2371
422	-55.7998
422.2	-55.3736
422.4	-54.9579
422.6	-54.5525
422.8	-54.1567
423	-53.7703
423.2	-53.3926
423.4	-53.0232
423.6	-52.6615
423.8	-52.3069
424	-51.9587
424.2	-51.6162
424.4	-51.2787
424.6	-50.9451
424.8	-50.6146
425	-50.2861
425.2	-49.9582
425.4	-49.6294
425.6	-49.2981
425.8	-48.9621
426	-48.6189
426.2	-48.2653
426.4	-47.8972
426.6	-47.5095
426.8	-47.0949
427	-46.6434
427.2	-46.1402
427.4	-45.5623
427.6	-44.8713
427.8	-43.9967
428	-42.7904
428.2	-40.8701
428.4	-36.819
428.6	-19.9557
428.8	37.8647
429	42.7072
429.2	27.9247
429.4	4.01354
429.6	-19.4758
429.8	-37.641
430	-52.3249
430.2	-60.4358
430.4	-64.1163
430.6	-65.5908
430.8	-65.9837
431	-65.846
431.2	-65.4493
431.4	-64.9288
431.6	-64.3527
431.8	-63.7554
432	-63.1547
432.2	-62.5595
432.4	-61.9744
432.6	-61.4018
432.8	-60.8426
433	-60.2971
433.2	-59.7656
433.4	-59.2477
433.6	-58.7434
433.8	-58.2521
434	-57.7738
434.2	-57.3078
434.4	-56.8541
434.6	-56.412
434.8	-55.9813
435	-55.5616
435.2	-55.1525
435.4	-54.7536
435.6	-54.3645
435.8	-53.9846
436	-53.6137
436.2	-53.2511
436.4	-52.8963
436.6	-52.5489
436.8	-52.2082
437	-51.8736
437.2	-51.5443
437.4	-51.2197
437.6	-50.8988
437.8	-50.5807
438	-50.2644
438.2	-49.9487
438.4	-49.6321
438.6	-49.3131
438.8	-48.9897
439	-48.6595
439.2	-48.3197
439.4	-47.9666
439.6	-47.5954
439.8	-47.1999
440	-46.7711
440.2	-46.2964
440.4	-45.7564
440.6	-45.1195
440.8	-44.3302
441	-43.278
441.2	-41.7013
441.4	-38.7746
441.6	-29.9585
441.8	21.6142
442	44.0177
442.2	34.7515
442.4	13.0276
442.6	-11.6575
442.8	-31.4951
443	-47.7454
443.2	-58.1695
443.4	-63.1053
443.6	-65.2019
443.8	-65.9042
444	-65.9223
444.2	-65.6052
444.4	-65.1262
444.6	-64.5723
444.8	-63.9874
445	-63.3939
445.2	-62.8034
445.4	-62.2216
445.6	-61.6515
445.8	-61.0945
446	-60.5512
446.2	-60.0217
446.4	-59.5058
446.6	-59.0034
446.8	-58.5143
447	-58.038
447.2	-57.5742
447.4	-57.1226
447.6	-56.6828
447.8	-56.2544
448	-55.8371
448.2	-55.4305
448.4	-55.0342
448.6	-54.6478
448.8	-54.2708
449	-53.9029
449.2	-53.5436
449.4	-53.1923
449.6	-52.8487
449.8	-52.5122
450	-52.1821
450.2	-51.858
450.4	-51.539
450.6	-51.2246
450.8	-50.9138
451	-50.6059
451.2	-50.2998
451.4	-49.9943
451.6	-49.6883
451.8	-49.3802
452	-49.0683
452.2	-48.7504
452.4	-48.4241
452.6	-48.086
452.8	-47.732
453	-47.3567
453.2	-46.9527
453.4	-46.5095
453.6	-46.0115
453.8	-45.4344
454	-44.7369
454.2	-43.8424
454.4	-42.5863
454.6	-40.5286
454.8	-35.9306
455	-14.1628
455.2	40.3052
455.4	41.5152
455.6	25.0376
455.8	0.627867
456	-22.1862
456.2	-39.9049
456.4	-53.7841
456.6	-61.115
456.8	-64.4051
457	-65.6945
457.2	-66.003
457.4	-65.8302
457.6	-65.4231
457.8	-64.9045
458	-64.3365
458.2	-63.7505
458.4	-63.1627
458.6	-62.5811
458.8	-62.0101
459	-61.4515
459.2	-60.9063
459.4	-60.3749
459.6	-59.8572
459.8	-59.353
460	-58.8622
460.2	-58.3843
460.4	-57.9191
460.6	-57.4662
460.8	-57.0253
461	-56.5959
461.2	-56.1778
461.4	-55.7705
461.6	-55.3737
461.8	-54.9869
462	-54.6099
462.2	-54.2421
462.4	-53.8832
462.6	-53.5327
462.8	-53.1901
463	-52.855
463.2	-52.5268
463.4	-52.2051
463.6	-51.8891
463.8	-51.5783
464	-51.272
464.2	-50.9695
464.4	-50.6698
464.6	-50.3722
464.8	-50.0755
465	-49.7786
465.2	-49.4802
465.4	-49.1786
465.6	-48.872
465.8	-48.5581
466	-48.2342
466.2	-47.8967
466.4	-47.541
466.6	-47.161
466.8	-46.7482
467	-46.2905
467.2	-45.7693
467.4	-45.1548
467.6	-44.395
467.8	-43.3876
468	-41.8962
468.2	-39.2026
468.4	-31.6558
468.6	14.5042
468.8	44.0579
469	36.5676
469.2	15.81
469.4	-8.98333
469.6	-29.4764
469.8	-46.1417
470	-57.3957
470.2	-62.8122
470.4	-65.1452
470.6	-65.9653
470.8	-66.0444
471	-65.7608
471.2	-65.302
471.4	-64.7617
471.6	-64.1872
471.8	-63.6025
472	-63.02
472.2	-62.4458
472.4	-61.883
472.6	-61.3333
472.8	-60.7971
473	-60.2747
473.2	-59.7659
473.4	-59.2706
473.6	-58.7885
473.8	-58.3192
474	-57.8624
474.2	-57.4177
474.4	-56.9849
474.6	-56.5634
474.8	-56.1531
475	-55.7534
475.2	-55.3641
475.4	-54.9847
475.6	-54.6148
475.8	-54.2541
476	-53.9021
476.2	-53.5584
476.4	-53.2226
476.6	-52.8942
476.8	-52.5726
477	-52.2574
477.2	-51.948
477.4	-51.6438
477.6	-51.3441
477.8	-51.0483
478	-50.7555
478.2	-50.465
478.4	-50.1758
478.6	-49.8867
478.8	-49.5967
479	-49.3042
479.2	-49.0077
479.4	-48.7051
479.6	-48.394
479.8	-48.0714
480	-47.7334
480.2	-47.3751
480.4	-46.9895
480.6	-46.5672
480.8	-46.094
481	-45.5484
481.2	-44.8943
481.4	-44.0668
481.6	-42.9315
481.8	-41.1522
482	-37.5512
482.2	-24.1563
482.4	34.0487
482.6	43.271
482.8	30.0499
483	6.62293
483.2	-17.339
483.4	-35.9052
483.6	-51.0995
483.8	-59.8387
484	-63.8582
484.2	-65.51
484.4	-66.0007
484.6	-65.9217
484.8	-65.5646
485	-65.0742
485.2	-64.5233
485.4	-63.9488
485.6	-63.3695
485.8	-62.795
486	-62.2302
486.2	-61.6774
486.4	-61.1378
486.6	-60.6119
486.8	-60.0996
487	-59.6008
487.2	-59.1153
487.4	-58.6427
487.6	-58.1828
487.8	-57.7352
488	-57.2996
488.2	-56.8755
488.4	-56.4627
488.6	-56.0607
488.8	-55.6693
489	-55.288
489.2	-54.9164
489.4	-54.5541
489.6	-54.2009
489.8	-53.8562
490	-53.5196
490.2	-53.1907
490.4	-52.8691
490.6	-52.5541
490.8	-52.2455
491	-51.9425
491.2	-51.6446
491.4	-51.3511
491.6	-51.0615
491.8	-50.7749
492	-50.4906
492.2	-50.2077
492.4	-49.925
492.6	-49.6416
492.8	-49.356
493	-49.0668
493.2	-48.772
493.4	-48.4695
493.6	-48.1565
493.8	-47.8295
494	-47.484
494.2	-47.114
494.4	-46.711
494.6	-46.2631
494.8	-45.7522
495	-45.1487
495.2	-44.4017
495.4	-43.4114
495.6	-41.9482
495.8	-39.3228
496	-32.1102
496.2	12.0985
496.4	43.9666
496.6	37.019
496.8	16.5392
497	-8.2713
497.2	-28.9427
497.4	-45.7023
497.6	-57.1732
497.8	-62.7239
498	-65.1257
498.2	-65.9825
498.4	-66.0828
498.6	-65.8132
498.8	-65.3647
499	-64.833
499.2	-64.2662
499.4	-63.6888
499.6	-63.1133
499.8	-62.546
500	-61.9901
500.2	-61.4471
500.4	-60.9176
500.6	-60.4018
500.8	-59.8996
501	-59.4107
501.2	-58.935
501.4	-58.4721
501.6	-58.0216
501.8	-57.5832
502	-57.1565
502.2	-56.7412
502.4	-56.3369
502.6	-55.9433
502.8	-55.56
503	-55.1866
503.2	-54.8227
503.4	-54.468
503.6	-54.1221
503.8	-53.7845
504	-53.4549
504.2	-53.1327
504.4	-52.8176
504.6	-52.5091
504.8	-52.2067
505	-51.9097
505.2	-51.6178
505.4	-51.3302
505.6	-51.0462
505.8	-50.7653
506	-50.4865
506.2	-50.2091
506.4	-49.932
506.6	-49.6541
506.8	-49.3743
507	-49.0909
507.2	-48.8022
507.4	-48.5062
507.6	-48.2002
507.8	-47.881
508	-47.5443
508.2	-47.1846
508.4	-46.7942
508.6	-46.3621
508.8	-45.872
509	-45.2981
509.2	-44.5962
509.4	-43.6828
509.6	-42.3749
509.8	-40.165
510	-34.9058
510.2	-6.81333
510.4	41.8246
510.6	39.9777
510.8	21.8719
511	-2.89375
511.2	-24.9165
511.4	-42.2078
511.6	-55.1397
511.8	-61.7182
512	-64.6415
512.2	-65.7604
512.4	-65.9939
512.6	-65.7931
512.8	-65.3811
513	-64.8692
513.2	-64.3137
513.4	-63.7432
513.6	-63.1722
513.8	-62.6082
514	-62.0549
514.2	-61.5142
514.4	-60.9867
514.6	-60.4728
514.8	-59.9724
515	-59.4854
515.2	-59.0114
515.4	-58.5503
515.6	-58.1015
515.8	-57.6648
516	-57.2399
516.2	-56.8263
516.4	-56.4238
516.6	-56.0319
516.8	-55.6503
517	-55.2786
517.2	-54.9165
517.4	-54.5636
517.6	-54.2194
517.8	-53.8837
518	-53.5559
518.2	-53.2357
518.4	-52.9226
518.6	-52.6162
518.8	-52.316
519	-52.0214
519.2	-51.732
519.4	-51.4471
519.6	-51.1661
519.8	-50.8883
520	-50.6131
520.2	-50.3396
520.4	-50.0669
520.6	-49.794
520.8	-49.5197
521	-49.2428
521.2	-48.9617
521.4	-48.6745
521.6	-48.3791
521.8	-48.0725
522	-47.7514
522.2	-47.411
522.4	-47.0453
522.6	-46.6458
522.8	-46.1999
523	-45.6891
523.2	-45.083
523.4	-44.3281
523.6	-43.3195
523.8	-41.812
524	-39.0506
524.2	-31.0915
524.4	17.231
524.6	44.0838
524.8	35.922
525	14.8229
525.2	-9.93014
525.4	-30.1942
525.6	-46.7494
525.8	-57.729
526	-62.982
526.2	-65.2388
526.4	-66.0269
526.6	-66.0959
526.8	-65.8136
527	-65.3618
527.2	-64.8314
527.4	-64.2683
527.6	-63.6959
527.8	-63.1259
528	-62.5645
528.2	-62.0145
528.4	-61.4775
528.6	-60.9539
528.8	-60.444
529	-59.9477
529.2	-59.4646
529.4	-58.9946
529.6	-58.5373
529.8	-58.0924
530	-57.6595
530.2	-57.2382
530.4	-56.8283
530.6	-56.4292
530.8	-56.0408
531	-55.6627
531.2	-55.2943
531.4	-54.9355
531.6	-54.5859
531.8	-54.2449
532	-53.9123
532.2	-53.5877
532.4	-53.2706
532.6	-52.9606
532.8	-52.6572
533	-52.36
533.2	-52.0685
533.4	-51.7822
533.6	-51.5004
533.8	-51.2226
534	-50.9482
534.2	-50.6764
534.4	-50.4065
534.6	-50.1377
534.8	-49.8689
535	-49.5991
535.2	-49.3271
535.4	-49.0514
535.6	-48.7704
535.8	-48.482
536	-48.1836
536.2	-47.8721
536.4	-47.5435
536.6	-47.1924
536.8	-46.8113
537	-46.3899
537.2	-45.9127
537.4	-45.3553
537.6	-44.6764
537.8	-43.7995
538	-42.5596
538.2	-40.5159
538.4	-35.9255
538.6	-14.1029
538.8	40.333
539	41.4616
539.2	24.9516
539.4	0.547623
539.6	-22.2472
539.8	-39.9748
540	-53.8592
540.2	-61.1858
540.4	-64.4783
540.6	-65.776
540.8	-66.0967
541	-65.9388
541.2	-65.5482
541.4	-65.0473
541.6	-64.4975
541.8	-63.9301
542	-63.361
542.2	-62.7983
542.4	-62.2459
542.6	-61.706
542.8	-61.1793
543	-60.6662
543.2	-60.1667
543.4	-59.6805
543.6	-59.2075
543.8	-58.7472
544	-58.2995
544.2	-57.8639
544.4	-57.44
544.6	-57.0276
544.8	-56.6262
545	-56.2355
545.2	-55.8553
545.4	-55.4849
545.6	-55.1243
545.8	-54.7729
546	-54.4303
546.2	-54.0963
546.4	-53.7704
546.6	-53.4522
546.8	-53.1413
547	-52.8373
547.2	-52.5397
547.4	-52.248
547.6	-51.9617
547.8	-51.6803
548	-51.4033
548.2	-51.13
548.4	-50.8598
548.6	-50.592
548.8	-50.3258
549	-50.0604
549.2	-49.7947
549.4	-49.5277
549.6	-49.2582
549.8	-48.9847
550	-48.7055
550.2	-48.4184
550.4	-48.1208
550.6	-47.8096
550.8	-47.4804
551	-47.1278
551.2	-46.7439
551.4	-46.3178
551.6	-45.8331
551.8	-45.2638
552	-44.5652
552.2	-43.6531
552.4	-42.3417
552.6	-40.1142
552.8	-34.7627
553	-5.75663
553.2	42.0025
553.4	39.7751
553.6	21.4807
553.8	-3.30704
554	-25.2304
554.2	-42.4819
554.4	-55.308
554.6	-61.8063
554.8	-64.6914
555	-65.7939
555.2	-66.0221
555.4	-65.8215
555.6	-65.4126
555.8	-64.9054
556	-64.3554
556.2	-63.7907
556.4	-63.2257
556.6	-62.6679
556.8	-62.1207
557	-61.586
557.2	-61.0646
557.4	-60.5567
557.6	-60.0623
557.8	-59.5812
558	-59.1131
558.2	-58.6576
558.4	-58.2146
558.6	-57.7835
558.8	-57.3642
559	-56.9561
559.2	-56.559
559.4	-56.1725
559.6	-55.7962
559.8	-55.4298
560	-55.073
560.2	-54.7253
560.4	-54.3864
560.6	-54.056
560.8	-53.7335
561	-53.4186
561.2	-53.111
561.4	-52.8101
561.6	-52.5156
561.8	-52.2268
562	-51.9435
562.2	-51.665
562.4	-51.3907
562.6	-51.1202
562.8	-50.8526
563	-50.5875
563.2	-50.3239
563.4	-50.0611
563.6	-49.798
563.8	-49.5337
564	-49.2669
564.2	-48.9962
564.4	-48.7199
564.6	-48.4359
564.8	-48.1418
565	-47.8343
565.2	-47.5094
565.4	-47.1618
565.6	-46.7839
565.8	-46.3655
566	-45.8908
566.2	-45.3355
566.4	-44.658
566.6	-43.7812
566.8	-42.5386
567	-40.4841
567.2	-35.8438
567.4	-13.542
567.6	40.4756
567.8	41.3289
568	24.671
568.2	0.22757
568.4	-22.4995
568.6	-40.1882
568.8	-53.9899
569	-61.2461
569.2	-64.5048
569.4	-65.7875
569.6	-66.1024
569.8	-65.9434
570	-65.5538
570.2	-65.0551
570.4	-64.5082
570.6	-63.9439
570.8	-63.378
571	-62.8185
571.2	-62.2695
571.4	-61.7328
571.6	-61.2094
571.8	-60.6996
572	-60.2032
572.2	-59.7202
572.4	-59.2503
572.6	-58.7931
572.8	-58.3484
573	-57.9158
573.2	-57.4949
573.4	-57.0854
573.6	-56.6869
573.8	-56.2991
574	-55.9216
574.2	-55.5541
574.4	-55.1962
574.6	-54.8475
574.8	-54.5078
575	-54.1765
575.2	-53.8533
575.4	-53.5379
575.6	-53.2298
575.8	-52.9285
576	-52.6338
576.2	-52.345
576.4	-52.0618
576.6	-51.7836
576.8	-51.5098
577	-51.24
577.2	-50.9735
577.4	-50.7097
577.6	-50.4478
577.8	-50.187
578	-49.9265
578.2	-49.6653
578.4	-49.4022
578.6	-49.136
578.8	-48.8652
579	-48.5878
579.2	-48.3017
579.4	-48.0042
579.6	-47.6918
579.8	-47.3598
580	-47.0023
580.2	-46.6108
580.4	-46.1729
580.6	-45.6702
580.8	-45.0726
581	-44.3273
581.2	-43.3308
581.4	-41.8423
581.6	-39.1255
581.8	-31.3875
582	15.8837
582.2	44.0697
582.4	36.2221
582.6	15.2957
582.8	-9.46998
583	-29.8482
583.2	-46.4759
583.4	-57.602
583.6	-62.9415
583.8	-65.2423
584	-66.0543
584.2	-66.1377
584.4	-65.8652
584.6	-65.4212
584.8	-64.8975
585	-64.3407
585.2	-63.7743
585.4	-63.2103
585.6	-62.6546
585.8	-62.1104
586	-61.5791
586.2	-61.0612
586.4	-60.5569
586.6	-60.0661
586.8	-59.5885
587	-59.124
587.2	-58.672
587.4	-58.2324
587.6	-57.8048
587.8	-57.3887
588	-56.984
588.2	-56.5901
588.4	-56.2068
588.6	-55.8337
588.8	-55.4704
589	-55.1166
589.2	-54.7719
589.4	-54.436
589.6	-54.1085
589.8	-53.7889
590	-53.477
590.2	-53.1723
590.4	-52.8743
590.6	-52.5827
590.8	-52.297
591	-52.0167
591.2	-51.7412
591.4	-51.4702
591.6	-51.203
591.8	-50.939
592	-50.6775
592.2	-50.4178
592.4	-50.1592
592.6	-49.9007
592.8	-49.6415
593	-49.3803
593.2	-49.1158
593.4	-48.8466
593.6	-48.5709
593.8	-48.2863
594	-47.9902
594.2	-47.6791
594.4	-47.3484
594.6	-46.992
594.8	-46.6014
595	-46.1645
595.2	-45.6625
595.4	-45.0653
595.6	-44.32
595.8	-43.3227
596	-41.8313
596.2	-39.1041
596.4	-31.3057
596.6	16.2775
596.8	44.0741
597	36.1311
597.2	15.156
597.4	-9.60422
597.6	-29.9498
597.8	-46.5611
598	-57.6476
598.2	-62.9635
598.4	-65.2532
598.6	-66.0601
598.8	-66.1416
599	-65.8687
599.2	-65.425
599.4	-64.9022
599.6	-64.3463
599.8	-63.781
600	-63.218
600.2	-62.6635
600.4	-62.1204
600.6	-61.5902
600.8	-61.0735
601	-60.5703
601.2	-60.0806
601.4	-59.6041
601.6	-59.1406
601.8	-58.6898
602	-58.2512
602.2	-57.8246
602.4	-57.4096
602.6	-57.0058
602.8	-56.6129
603	-56.2306
603.2	-55.8585
603.4	-55.4961
603.6	-55.1433
603.8	-54.7996
604	-54.4646
604.2	-54.1381
604.4	-53.8195
604.6	-53.5085
604.8	-53.2047
605	-52.9078
605.2	-52.6172
605.4	-52.3325
605.6	-52.0532
605.8	-51.7789
606	-51.509
606.2	-51.243
606.4	-50.9803
606.6	-50.7202
606.8	-50.462
607	-50.205
607.2	-49.9484
607.4	-49.6911
607.6	-49.4321
607.8	-49.1702
608	-48.9039
608.2	-48.6314
608.4	-48.3508
608.6	-48.0593
608.8	-47.7538
609	-47.43
609.2	-47.0823
609.4	-46.7029
609.6	-46.2808
609.8	-45.7994
610	-45.2324
610.2	-44.5347
610.4	-43.6206
610.6	-42.3009
610.8	-40.0451
611	-34.5579
611.2	-4.2427
611.4	42.2492
611.6	39.5104
611.8	20.9688
612	-3.84367
612.2	-25.636
612.4	-42.835
612.6	-55.5212
612.8	-61.9151
613	-64.749
613.2	-65.8281
613.4	-66.0466
613.6	-65.8435
613.8	-65.4355
614	-64.9311
614.2	-64.3848
614.4	-63.8244
614.6	-63.2639
614.8	-62.7106
615	-62.168
615.2	-61.638
615.4	-61.1212
615.6	-60.6178
615.8	-60.1279
616	-59.6513
616.2	-59.1875
616.4	-58.7365
616.6	-58.2977
616.8	-57.8709
617	-57.4557
617.2	-57.0518
617.4	-56.6588
617.6	-56.2764
617.8	-55.9041
618	-55.5418
618.2	-55.1889
618.4	-54.8451
618.6	-54.5102
618.8	-54.1836
619	-53.8651
619.2	-53.5542
619.4	-53.2506
619.6	-52.9538
619.8	-52.6634
620	-52.379
620.2	-52.1001
620.4	-51.8262
620.6	-51.5568
620.8	-51.2913
621	-51.0293
621.2	-50.77
621.4	-50.5127
621.6	-50.2568
621.8	-50.0014
622	-49.7456
622.2	-49.4884
622.4	-49.2285
622.6	-48.9646
622.8	-48.695
623	-48.4177
623.2	-48.1304
623.4	-47.8299
623.6	-47.5123
623.8	-47.1725
624	-46.8033
624.2	-46.3948
624.4	-45.9321
624.6	-45.3923
624.8	-44.7365
625	-43.8938
625.2	-42.7139
625.4	-40.8075
625.6	-36.7214
625.8	-19.3419
626	38.2732
626.2	42.5247
626.4	27.5008
626.6	3.54525
626.8	-19.8477
627	-37.9799
627.2	-52.6158
627.4	-60.6452
627.6	-64.2915
627.8	-65.7624
628	-66.1693
628.2	-66.0558
628.4	-65.6892
628.6	-65.2022
628.8	-64.6614
629	-64.1006
629.2	-63.5367
629.4	-62.9786
629.6	-62.4306
629.8	-61.8949
630	-61.3723
630.2	-60.8632
630.4	-60.3677
630.6	-59.8856
630.8	-59.4165
631	-58.9603
631.2	-58.5165
631.4	-58.0849
631.6	-57.665
631.8	-57.2565
632	-56.8592
632.2	-56.4725
632.4	-56.0962
632.6	-55.7299
632.8	-55.3733
633	-55.026
633.2	-54.6876
633.4	-54.3579
633.6	-54.0363
633.8	-53.7225
634	-53.4162
634.2	-53.117
634.4	-52.8243
634.6	-52.5379
634.8	-52.2571
635	-51.9817
635.2	-51.7111
635.4	-51.4447
635.6	-51.182
635.8	-50.9224
636	-50.6653
636.2	-50.4099
636.4	-50.1556
636.6	-49.9014
636.8	-49.6464
637	-49.3895
637.2	-49.1295
637.4	-48.8649
637.6	-48.594
637.8	-48.3146
638	-48.0241
638.2	-47.7192
638.4	-47.3956
638.6	-47.0476
638.8	-46.6673
639	-46.2433
639.2	-45.7586
639.4	-45.186
639.6	-44.4785
639.8	-43.5465
640	-42.1891
640.2	-39.8315
640.4	-33.8835
640.6	0.664503
640.8	42.9573
641	38.7608
641.2	19.5463
641.4	-5.30279
641.6	-26.7292
641.8	-43.7884
642	-56.0882
642.2	-62.1999
642.4	-64.8909
642.6	-65.899
642.8	-66.0824
643	-65.862
643.2	-65.4459
643.4	-64.9379
643.6	-64.3905
643.8	-63.8302
644	-63.2705
644.2	-62.7183
644.4	-62.1771
644.6	-61.6484
644.8	-61.133
645	-60.6311
645.2	-60.1427
645.4	-59.6674
645.6	-59.2051
645.8	-58.7555
646	-58.3181
646.2	-57.8926
646.4	-57.4788
646.6	-57.0762
646.8	-56.6845
647	-56.3034
647.2	-55.9324
647.4	-55.5713
647.6	-55.2197
647.8	-54.8772
648	-54.5435
648.2	-54.2181
648.4	-53.9008
648.6	-53.5912
648.8	-53.2888
649	-52.9933
649.2	-52.7042
649.4	-52.421
649.6	-52.1434
649.8	-51.8709
650	-51.603
650.2	-51.339
650.4	-51.0786
650.6	-50.8209
650.8	-50.5655
651	-50.3116
651.2	-50.0583
651.4	-49.8049
651.6	-49.5502
651.8	-49.2933
652	-49.0327
652.2	-48.7669
652.4	-48.4941
652.6	-48.212
652.8	-47.9177
653	-47.6078
653.2	-47.2773
653.4	-46.9201
653.6	-46.5272
653.8	-46.0856
654	-45.5757
654.2	-44.965
654.4	-44.1961
654.6	-43.1538
654.8	-41.5621
655	-38.531
655.2	-28.9544
655.4	24.8047
655.6	43.8195
655.8	33.5759
656	11.3629
656.2	-13.1946
656.4	-32.6774
656.6	-48.6964
656.8	-58.6736
657	-63.3675
657.2	-65.3585
657.4	-66.0239
657.6	-66.0396
657.8	-65.7378
658	-65.2833
658.2	-64.7585
658.4	-64.2052
658.6	-63.6445
658.8	-63.0872
659	-62.539
659.2	-62.0023
659.4	-61.4785
659.6	-60.9681
659.8	-60.4712
660	-59.9876
660.2	-59.5172
660.4	-59.0596
660.6	-58.6146
660.8	-58.1817
661	-57.7606
661.2	-57.351
661.4	-56.9525
661.6	-56.5648
661.8	-56.1875
662	-55.8203
662.2	-55.4628
662.4	-55.1147
662.6	-54.7756
662.8	-54.4451
663	-54.1229
663.2	-53.8086
663.4	-53.5018
663.6	-53.2022
663.8	-52.9092
664	-52.6226
664.2	-52.3418
664.4	-52.0664
664.6	-51.7959
664.8	-51.5298
665	-51.2676
665.2	-51.0087
665.4	-50.7525
665.6	-50.4982
665.8	-50.2453
666	-49.9928
666.2	-49.7398
666.4	-49.4855
666.6	-49.2284
666.8	-48.9674
667	-48.7008
667.2	-48.4267
667.4	-48.1427
667.6	-47.8457
667.8	-47.5321
668	-47.1968
668.2	-46.8329
668.4	-46.4308
668.6	-45.9764
668.8	-45.4477
669	-44.8084
669.2	-43.9919
669.4	-42.8608
669.6	-41.0679
669.8	-37.3811
670	-23.2372
670.2	35.1516
670.4	43.1254
670.6	29.4795
670.8	5.93514
671	-17.9023
671.2	-36.3748
671.4	-51.4786
671.6	-60.0707
671.8	-64.0138
672	-65.6335
672.2	-66.1156
672.4	-66.0406
672.6	-65.6942
672.8	-65.2182
673	-64.6836
673.2	-64.1265
673.4	-63.5652
673.6	-63.0089
673.8	-62.4623
674	-61.9278
674.2	-61.4063
674.4	-60.8983
674.6	-60.4039
674.8	-59.9227
675	-59.4547
675.2	-58.9994
675.4	-58.5566
675.6	-58.1259
675.8	-57.707
676	-57.2995
676.2	-56.9031
676.4	-56.5174
676.6	-56.142
676.8	-55.7767
677	-55.421
677.2	-55.0746
677.4	-54.7372
677.6	-54.4084
677.8	-54.0878
678	-53.775
678.2	-53.4697
678.4	-53.1715
678.6	-52.8799
678.8	-52.5946
679	-52.3151
679.2	-52.0409
679.4	-51.7715
679.6	-51.5065
679.8	-51.2453
680	-50.9874
680.2	-50.732
680.4	-50.4786
680.6	-50.2265
680.8	-49.9747
681	-49.7224
681.2	-49.4686
681.4	-49.2121
681.6	-48.9515
681.8	-48.6852
682	-48.4113
682.2	-48.1273
682.4	-47.8304
682.6	-47.5165
682.8	-47.1807
683	-46.816
683.2	-46.4126
683.4	-45.9563
683.6	-45.4246
683.8	-44.7804
684	-43.9556
684.2	-42.8084
684.4	-40.9774
684.6	-37.1572
684.8	-21.9622
685	36.403
685.2	42.9526
685.4	28.8131
685.6	5.12257
685.8	-18.5669
686	-36.9201
686.2	-51.8794
686.4	-60.2813
686.6	-64.1226
686.8	-65.691
687	-66.1473
687.2	-66.0593
687.4	-65.7063
687.6	-65.227
687.8	-64.6909
688	-64.1331
688.2	-63.5716
688.4	-63.0153
688.6	-62.4689
688.8	-61.9347
689	-61.4135
689.2	-60.9058
689.4	-60.4117
689.6	-59.9309
689.8	-59.4632
690	-59.0082
690.2	-58.5658
690.4	-58.1354
690.6	-57.7168
690.8	-57.3096
691	-56.9135
691.2	-56.5281
691.4	-56.1531
691.6	-55.788
691.8	-55.4327
692	-55.0866
692.2	-54.7495
692.4	-54.421
692.6	-54.1007
692.8	-53.7883
693	-53.4833
693.2	-53.1854
693.4	-52.8941
693.6	-52.6091
693.8	-52.33
694	-52.0561
694.2	-51.7872
694.4	-51.5226
694.6	-51.2618
694.8	-51.0043
695	-50.7495
695.2	-50.4966
695.4	-50.245
695.6	-49.9939
695.8	-49.7423
696	-49.4893
696.2	-49.2337
696.4	-48.9742
696.6	-48.7092
696.8	-48.4367
697	-48.1544
697.2	-47.8595
697.4	-47.5481
697.6	-47.2153
697.8	-46.8545
698	-46.4563
698.2	-46.007
698.4	-45.4852
698.6	-44.856
698.8	-44.0559
699	-42.955
699.2	-41.2308
699.4	-37.7747
699.6	-25.3468
699.8	32.4036
700	43.3622
700.2	30.2681
700.4	6.81755
700.6	-17.4001
700.8	-36.4175
701	-52.2146
701.2	-61.4205
701.4	-65.9763
701.6	-68.2636
701.8	-69.4731
702	-70.1713
702.2	-70.6258
702.4	-70.9626
702.6	-71.2408
702.8	-71.4881
703	-71.7177
703.2	-71.9355
703.4	-72.1447
703.6	-72.3466
703.8	-72.5419
704	-72.7313
704.2	-72.9148
704.4	-73.0928
704.6	-73.2654
704.8	-73.4328
705	-73.5952
705.2	-73.7526
705.4	-73.9053
705.6	-74.0533
705.8	-74.1969
706	-74.3361
706.2	-74.471
706.4	-74.6019
706.6	-74.7287
706.8	-74.8516
707	-74.9708
707.2	-75.0863
707.4	-75.1982
707.6	-75.3066
707.8	-75.4117
708	-75.5136
708.2	-75.6122
708.4	-75.7078
708.6	-75.8003
708.8	-75.89
709	-75.9768
709.2	-76.0609
709.4	-76.1423
709.6	-76.2211
709.8	-76.2974
710	-76.3713
710.2	-76.4428
710.4	-76.5119
710.6	-76.5788
710.8	-76.6436
711	-76.7062
711.2	-76.7667
711.4	-76.8253
711.6	-76.8819
711.8	-76.9366
712	-76.9895
712.2	-77.0406
712.4	-77.09
712.6	-77.1377
712.8	-77.1838
713	-77.2282
713.2	-77.2712
713.4	-77.3126
713.6	-77.3526
713.8	-77.3911
714	-77.4283
714.2	-77.4642
714.4	-77.4987
714.6	-77.532
714.8	-77.564
715	-77.5949
715.2	-77.6246
715.4	-77.6532
715.6	-77.6807
715.8	-77.7071
716	-77.7325
716.2	-77.7569
716.4	-77.7803
716.6	-77.8028
716.8	-77.8244
717	-77.845
717.2	-77.8648
717.4	-77.8838
717.6	-77.9019
717.8	-77.9192
718	-77.9358
718.2	-77.9516
718.4	-77.9667
718.6	-77.981
718.8	-77.9947
719	-78.0077
719.2	-78.0201
719.4	-78.0318
719.6	-78.0429
719.8	-78.0534
720	-78.0633
720.2	-78.0727
720.4	-78.0815
720.6	-78.0898
720.8	-78.0975
721	-78.1048
721.2	-78.1116
721.4	-78.1179
721.6	-78.1237
721.8	-78.1291
722	-78.134
722.2	-78.1386
722.4	-78.1427
722.6	-78.1464
722.8	-78.1497
723	-78.1527
723.2	-78.1553
723.4	-78.1575
723.6	-78.1594
723.8	-78.1609
724	-78.1622
724.2	-78.1631
724.4	-78.1637
724.6	-78.164
724.8	-78.164
725	-78.1637
725.2	-78.1632
725.4	-78.1623
725.6	-78.1613
725.8	-78.16
726	-78.1584
726.2	-78.1566
726.4	-78.1546
726.6	-78.1523
726.8	-78.1498
727	-78.1471
727.2	-78.1443
727.4	-78.1412
727.6	-78.1379
727.8	-78.1344
728	-78.1308
728.2	-78.127
728.4	-78.123
728.6	-78.1188
728.8	-78.1145
729	-78.11
729.2	-78.1054
729.4	-78.1006
729.6	-78.0957
729.8	-78.0906
730	-78.0854
730.2	-78.0801
730.4	-78.0746
730.6	-78.0691
730.8	-78.0634
731	-78.0576
731.2	-78.0516
731.4	-78.0456
731.6	-78.0395
731.8	-78.0332
732	-78.0269
732.2	-78.0205
732.4	-78.0139
732.6	-78.0073
732.8	-78.0006
733	-77.9938
733.2	-77.9869
733.4	-77.98
733.6	-77.973
733.8	-77.9659
734	-77.9587
734.2	-77.9514
734.4	-77.9441
734.6	-77.9367
734.8	-77.9293
735	-77.9218
735.2	-77.9142
735.4	-77.9066
735.6	-77.8989
735.8	-77.8912
736	-77.8834
736.2	-77.8756
736.4	-77.8677
736.6	-77.8597
736.8	-77.8518
737	-77.8437
737.2	-77.8357
737.4	-77.8276
737.6	-77.8194
737.8	-77.8112
738	-77.803
738.2	-77.7948
738.4	-77.7865
738.6	-77.7782
738.8	-77.7698
739	-77.7614
739.2	-77.753
739.4	-77.7446
739.6	-77.7361
739.8	-77.7276
740	-77.7191
740.2	-77.7106
740.4	-77.702
740.6	-77.6934
740.8	-77.6848
741	-77.6762
741.2	-77.6675
741.4	-77.6588
741.6	-77.6502
741.8	-77.6415
742	-77.6327
742.2	-77.624
742.4	-77.6153
742.6	-77.6065
742.8	-77.5977
743	-77.5889
743.2	-77.5801
743.4	-77.5713
743.6	-77.5625
743.8	-77.5537
744	-77.5448
744.2	-77.536
744.4	-77.5271
744.6	-77.5182
744.8	-77.5094
745	-77.5005
745.2	-77.4916
745.4	-77.4827
745.6	-77.4738
745.8	-77.4649
746	-77.456
746.2	-77.4471
746.4	-77.4382
746.6	-77.4293
746.8	-77.4203
747	-77.4114
747.2	-77.4025
747.4	-77.3936
747.6	-77.3847
747.8	-77.3757
748	-77.3668
748.2	-77.3579
748.4	-77.3489
748.6	-77.34
748.8	-77.3311
749	-77.3222
749.2	-77.3132
749.4	-77.3043
749.6	-77.2954
749.8	-77.2865
750	-77.2776
750.2	-77.2687
750.4	-77.2597
750.6	-77.2508
750.8	-77.2419
751	-77.233
751.2	-77.2241
751.4	-77.2152
751.6	-77.2064
751.8	-77.1975
752	-77.1886
752.2	-77.1797
752.4	-77.1709
752.6	-77.162
752.8	-77.1531
753	-77.1443
753.2	-77.1354
753.4	-77.1266
753.6	-77.1178
753.8	-77.1089
754	-77.1001
754.2	-77.0913
754.4	-77.0825
754.6	-77.0737
754.8	-77.0649
755	-77.0561
755.2	-77.0473
755.4	-77.0385
755.6	-77.0298
755.8	-77.021
756	-77.0123
756.2	-77.0035
756.4	-76.9948
756.6	-76.986
756.8	-76.9773
757	-76.9686
757.2	-76.9599
757.4	-76.9512
757.6	-76.9425
757.8	-76.9338
758	-76.9252
758.2	-76.9165
758.4	-76.9078
758.6	-76.8992
758.8	-76.8906
759	-76.8819
759.2	-76.8733
759.4	-76.8647
759.6	-76.8561
759.8	-76.8475
760	-76.8389
760.2	-76.8304
760.4	-76.8218
760.6	-76.8132
760.8	-76.8047
761	-76.7962
761.2	-76.7876
761.4	-76.7791
761.6	-76.7706
761.8	-76.7621
762	-76.7536
762.2	-76.7451
762.4	-76.7367
762.6	-76.7282
762.8	-76.7197
763	-76.7113
763.2	-76.7029
763.4	-76.6945
763.6	-76.6861
763.8	-76.6777
764	-76.6693
764.2	-76.6609
764.4	-76.6525
764.6	-76.6441
764.8	-76.6358
765	-76.6274
765.2	-76.6191
765.4	-76.6108
765.6	-76.6025
765.8	-76.5942
766	-76.5859
766.2	-76.5776
766.4	-76.5694
766.6	-76.5611
766.8	-76.5528
767	-76.5446
767.2	-76.5364
767.4	-76.5282
767.6	-76.52
767.8	-76.5117
768	-76.5036
768.2	-76.4954
768.4	-76.4872
768.6	-76.4791
768.8	-76.4709
769	-76.4628
769.2	-76.4547
769.4	-76.4465
769.6	-76.4384
769.8	-76.4303
770	-76.4223
770.2	-76.4142
770.4	-76.4061
770.6	-76.3981
770.8	-76.39
771	-76.382
771.2	-76.374
771.4	-76.366
771.6	-76.358
771.8	-76.35
772	-76.342
772.2	-76.334
772.4	-76.3261
772.6	-76.3181
772.8	-76.3102
773	-76.3023
773.2	-76.2943
773.4	-76.2864
773.6	-76.2785
773.8	-76.2707
774	-76.2628
774.2	-76.2549
774.4	-76.2471
774.6	-76.2392
774.8	-76.2314
775	-76.2236
775.2	-76.2157
775.4	-76.2079
775.6	-76.2001
775.8	-76.1924
776	-76.1846
776.2	-76.1768
776.4	-76.1691
776.6	-76.1613
776.8	-76.1536
777	-76.1459
777.2	-76.1382
777.4	-76.1305
777.6	-76.1228
777.8	-76.1151
778	-76.1075
778.2	-76.0998
778.4	-76.0922
778.6	-76.0845
778.8	-76.0769
779	-76.0693
779.2	-76.0617
779.4	-76.0541
779.6	-76.0465
779.8	-76.0389
780	-76.0314
780.2	-76.0238
780.4	-76.0163
780.6	-76.0087
780.8	-76.0012
781	-75.9937
781.2	-75.9862
781.4	-75.9787
781.6	-75.9712
781.8	-75.9637
782	-75.9563
782.2	-75.9488
782.4	-75.9414
782.6	-75.9339
782.8	-75.9265
783	-75.9191
783.2	-75.9117
783.4	-75.9043
783.6	-75.8969
783.8	-75.8896
784	-75.8822
784.2	-75.8749
784.4	-75.8675
784.6	-75.8602
784.8	-75.8529
785	-75.8456
785.2	-75.8382
785.4	-75.831
785.6	-75.8237
785.8	-75.8164
786	-75.8092
786.2	-75.8019
786.4	-75.7947
786.6	-75.7874
786.8	-75.7802
787	-75.773
787.2	-75.7658
787.4	-75.7586
787.6	-75.7514
787.8	-75.7442
788	-75.7371
788.2	-75.7299
788.4	-75.7228
788.6	-75.7157
788.8	-75.7085
789	-75.7014
789.2	-75.6943
789.4	-75.6872
789.6	-75.6801
789.8	-75.6731
790	-75.666
790.2	-75.659
790.4	-75.6519
790.6	-75.6449
790.8	-75.6378
791	-75.6308
791.2	-75.6238
791.4	-75.6168
791.6	-75.6098
791.8	-75.6029
792	-75.5959
792.2	-75.5889
792.4	-75.582
792.6	-75.5751
792.8	-75.5681
793	-75.5612
793.2	-75.5543
793.4	-75.5474
793.6	-75.5405
793.8	-75.5336
794	-75.5267
794.2	-75.5199
794.4	-75.513
794.6	-75.5062
794.8	-75.4994
795	-75.4925
795.2	-75.4857
795.4	-75.4789
795.6	-75.4721
795.8	-75.4653
796	-75.4586
796.2	-75.4518
796.4	-75.445
796.6	-75.4383
796.8	-75.4315
797	-75.4248
797.2	-75.4181
797.4	-75.4114
797.6	-75.4047
797.8	-75.398
798	-75.3913
798.2	-75.3846
798.4	-75.378
798.6	-75.3713
798.8	-75.3646
799	-75.358
799.2	-75.3514
799.4	-75.3448
799.6	-75.3382
799.8	-75.3316
800	-75.325
800.2	-75.3184
800.4	-75.3118
800.6	-75.3052
800.8	-75.2987
801	-75.2921
801.2	-75.2856
801.4	-75.2791
801.6	-75.2726
801.8	-75.266
802	-75.2595
802.2	-75.253
802.4	-75.2466
802.6	-75.2401
802.8	-75.2336
803	-75.2272
803.2	-75.2207
803.4	-75.2143
803.6	-75.2078
803.8	-75.2014
804	-75.195
804.2	-75.1886
804.4	-75.1822
804.6	-75.1758
804.8	-75.1695
805	-75.1631
805.2	-75.1567
805.4	-75.1504
805.6	-75.144
805.8	-75.1377
806	-75.1314
806.2	-75.1251
806.4	-75.1188
806.6	-75.1125
806.8	-75.1062
807	-75.0999
807.2	-75.0936
807.4	-75.0874
807.6	-75.0811
807.8	-75.0749
808	-75.0686
808.2	-75.0624
808.4	-75.0562
808.6	-75.05
808.8	-75.0438
809	-75.0376
809.2	-75.0314
809.4	-75.0252
809.6	-75.0191
809.8	-75.0129
810	-75.0067
810.2	-75.0006
810.4	-74.9945
810.6	-74.9883
810.8	-74.9822
811	-74.9761
811.2	-74.97
811.4	-74.9639
811.6	-74.9578
811.8	-74.9518
812	-74.9457
812.2	-74.9397
812.4	-74.9336
812.6	-74.9276
812.8	-74.9215
813	-74.9155
813.2	-74.9095
813.4	-74.9035
813.6	-74.8975
813.8	-74.8915
814	-74.8855
814.2	-74.8795
814.4	-74.8736
814.6	-74.8676
814.8	-74.8617
815	-74.8557
815.2	-74.8498
815.4	-74.8439
815.6	-74.838
815.8	-74.8321
816	-74.8262
816.2	-74.8203
816.4	-74.8144
816.6	-74.8085
816.8	-74.8026
817	-74.7968
817.2	-74.7909
817.4	-74.7851
817.6	-74.7793
817.8	-74.7734
818	-74.7676
818.2	-74.7618
818.4	-74.756
818.6	-74.7502
818.8	-74.7444
819	-74.7387
819.2	-74.7329
819.4	-74.7271
819.6	-74.7214
819.8	-74.7156
820	-74.7099
820.2	-74.7042
820.4	-74.6984
820.6	-74.6927
820.8	-74.687
821	-74.6813
821.2	-74.6756
821.4	-74.67
821.6	-74.6643
821.8	-74.6586
822	-74.653
822.2	-74.6473
822.4	-74.6417
822.6	-74.636
822.8	-74.6304
823	-74.6248
823.2	-74.6192
823.4	-74.6136
823.6	-74.608
823.8	-74.6024
824	-74.5968
824.2	-74.5912
824.4	-74.5857
824.6	-74.5801
824.8	-74.5746
825	-74.569
825.2	-74.5635
825.4	-74.558
825.6	-74.5524
825.8	-74.5469
826	-74.5414
826.2	-74.5359
826.4	-74.5304
826.6	-74.525
826.8	-74.5195
827	-74.514
827.2	-74.5086
827.4	-74.5031
827.6	-74.4977
827.8	-74.4923
828	-74.4868
828.2	-74.4814
828.4	-74.476
828.6	-74.4706
828.8	-74.4652
829	-74.4598
829.2	-74.4544
829.4	-74.4491
829.6	-74.4437
829.8	-74.4383
830	-74.433
830.2	-74.4276
830.4	-74.4223
830.6	-74.417
830.8	-74.4116
831	-74.4063
831.2	-74.401
831.4	-74.3957
831.6	-74.3904
831.8	-74.3851
832	-74.3799
832.2	-74.3746
832.4	-74.3693
832.6	-74.3641
832.8	-74.3588
833	-74.3536
833.2	-74.3484
833.4	-74.3431
833.6	-74.3379
833.8	-74.3327
834	-74.3275
834.2	-74.3223
834.4	-74.3171
834.6	-74.3119
834.8	-74.3067
835	-74.3016
835.2	-74.2964
835.4	-74.2913
835.6	-74.2861
835.8	-74.281
836	-74.2758
836.2	-74.2707
836.4	-74.2656
836.6	-74.2605
836.8	-74.2554
837	-74.2503
837.2	-74.2452
837.4	-74.2401
837.6	-74.235
837.8	-74.23
838	-74.2249
838.2	-74.2199
838.4	-74.2148
838.6	-74.2098
838.8	-74.2047
839	-74.1997
839.2	-74.1947
839.4	-74.1897
839.6	-74.1847
839.8	-74.1797
840	-74.1747
840.2	-74.1697
840.4	-74.1647
840.6	-74.1597
840.8	-74.1548
841	-74.1498
841.2	-74.1449
841.4	-74.1399
841.6	-74.135
841.8	-74.1301
842	-74.1251
842.2	-74.1202
842.4	-74.1153
842.6	-74.1104
842.8	-74.1055
843	-74.1006
843.2	-74.0957
843.4	-74.0909
843.6	-74.086
843.8	-74.0811
844	-74.0763
844.2	-74.0714
844.4	-74.0666
844.6	-74.0618
844.8	-74.0569
845	-74.0521
845.2	-74.0473
845.4	-74.0425
845.6	-74.0377
845.8	-74.0329
846	-74.0281
846.2	-74.0233
846.4	-74.0186
846.6	-74.0138
846.8	-74.009
847	-74.0043
847.2	-73.9995
847.4	-73.9948
847.6	-73.9901
847.8	-73.9853
848	-73.9806
848.2	-73.9759
848.4	-73.9712
848.6	-73.9665
848.8	-73.9618
849	-73.9571
849.2	-73.9524
849.4	-73.9477
849.6	-73.9431
849.8	-73.9384
850	-73.9337
850.2	-73.9291
850.4	-73.9245
850.6	-73.9198
850.8	-73.9152
851	-73.9106
851.2	-73.9059
851.4	-73.9013
851.6	-73.8967
851.8	-73.8921
852	-73.8875
852.2	-73.883
852.4	-73.8784
852.6	-73.8738
852.8	-73.8692
853	-73.8647
853.2	-73.8601
853.4	-73.8556
853.6	-73.851
853.8	-73.8465
854	-73.842
854.2	-73.8374
854.4	-73.8329
854.6	-73.8284
854.8	-73.8239
855	-73.8194
855.2	-73.8149
855.4	-73.8104
855.6	-73.806
855.8	-73.8015
856	-73.797
856.2	-73.7926
856.4	-73.7881
856.6	-73.7837
856.8	-73.7792
857	-73.7748
857.2	-73.7704
857.4	-73.7659
857.6	-73.7615
857.8	-73.7571
858	-73.7527
858.2	-73.7483
858.4	-73.7439
858.6	-73.7395
858.8	-73.7352
859	-73.7308
859.2	-73.7264
859.4	-73.7221
859.6	-73.7177
859.8	-73.7134
860	-73.709
860.2	-73.7047
860.4	-73.7003
860.6	-73.696
860.8	-73.6917
861	-73.6874
861.2	-73.6831
861.4	-73.6788
861.6	-73.6745
861.8	-73.6702
862	-73.6659
862.2	-73.6616
862.4	-73.6574
862.6	-73.6531
862.8	-73.6488
863	-73.6446
863.2	-73.6403
863.4	-73.6361
863.6	-73.6319
863.8	-73.6276
864	-73.6234
864.2	-73.6192
864.4	-73.615
864.6	-73.6108
864.8	-73.6066
865	-73.6024
865.2	-73.5982
865.4	-73.594
865.6	-73.5898
865.8	-73.5857
866	-73.5815
866.2	-73.5773
866.4	-73.5732
866.6	-73.569
866.8	-73.5649
867	-73.5607
867.2	-73.5566
867.4	-73.5525
867.6	-73.5484
867.8	-73.5443
868	-73.5401
868.2	-73.536
868.4	-73.532
868.6	-73.5279
868.8	-73.5238
869	-73.5197
869.2	-73.5156
869.4	-73.5116
869.6	-73.5075
869.8	-73.5034
870	-73.4994
870.2	-73.4953
870.4	-73.4913
870.6	-73.4873
870.8	-73.4832
871	-73.4792
871.2	-73.4752
871.4	-73.4712
871.6	-73.4672
871.8	-73.4632
872	-73.4592
872.2	-73.4552
872.4	-73.4512
872.6	-73.4472
872.8	-73.4433
873	-73.4393
873.2	-73.4353
873.4	-73.4314
873.6	-73.4274
873.8	-73.4235
874	-73.4195
874.2	-73.4156
874.4	-73.4117
874.6	-73.4077
874.8	-73.4038
875	-73.3999
875.2	-73.396
875.4	-73.3921
875.6	-73.3882
875.8	-73.3843
876	-73.3804
876.2	-73.3765
876.4	-73.3727
876.6	-73.3688
876.8	-73.3649
877	-73.3611
877.2	-73.3572
877.4	-73.3534
877.6	-73.3495
877.8	-73.3457
878	-73.3419
878.2	-73.338
878.4	-73.3342
878.6	-73.3304
878.8	-73.3266
879	-73.3228
879.2	-73.319
879.4	-73.3152
879.6	-73.3114
879.8	-73.3076
880	-73.3038
880.2	-73.3001
880.4	-73.2963
880.6	-73.2925
880.8	-73.2888
881	-73.285
881.2	-73.2813
881.4	-73.2775
881.6	-73.2738
881.8	-73.2701
882	-73.2663
882.2	-73.2626
882.4	-73.2589
882.6	-73.2552
882.8	-73.2515
883	-73.2478
883.2	-73.2441
883.4	-73.2404
883.6	-73.2367
883.8	-73.233
884	-73.2293
884.2	-73.2257
884.4	-73.222
884.6	-73.2183
884.8	-73.2147
885	-73.211
885.2	-73.2074
885.4	-73.2038
885.6	-73.2001
885.8	-73.1965
886	-73.1929
886.2	-73.1892
886.4	-73.1856
886.6	-73.182
886.8	-73.1784
887	-73.1748
887.2	-73.1712
887.4	-73.1676
887.6	-73.164
887.8	-73.1605
888	-73.1569
888.2	-73.1533
888.4	-73.1498
888.6	-73.1462
888.8	-73.1426
889	-73.1391
889.2	-73.1356
889.4	-73.132
889.6	-73.1285
889.8	-73.1249
890	-73.1214
890.2	-73.1179
890.4	-73.1144
890.6	-73.1109
890.8	-73.1074
891	-73.1039
891.2	-73.1004
891.4	-73.0969
891.6	-73.0934
891.8	-73.0899
892	-73.0864
892.2	-73.083
892.4	-73.0795
892.6	-73.076
892.8	-73.0726
893	-73.0691
893.2	-73.0657
893.4	-73.0622
893.6	-73.0588
893.8	-73.0554
894	-73.0519
894.2	-73.0485
894.4	-73.0451
894.6	-73.0417
894.8	-73.0383
895	-73.0349
895.2	-73.0315
895.4	-73.0281
895.6	-73.0247
895.8	-73.0213
896	-73.0179
896.2	-73.0145
896.4	-73.0112
896.6	-73.0078
896.8	-73.0044
897	-73.0011
897.2	-72.9977
897.4	-72.9944
897.6	-72.991
897.8	-72.9877
898	-72.9843
898.2	-72.981
898.4	-72.9777
898.6	-72.9744
898.8	-72.971
899	-72.9677
899.2	-72.9644
899.4	-72.9611
899.6	-72.9578
899.8	-72.9545
900	-72.9512
900.2	-72.948
900.4	-72.9447
900.6	-72.9414
900.8	-72.9381
901	-72.9349
901.2	-72.9316
901.4	-72.9284
901.6	-72.9251
901.8	-72.9219
902	-72.9186
902.2	-72.9154
902.4	-72.9121
902.6	-72.9089
902.8	-72.9057
903	-72.9025
903.2	-72.8992
903.4	-72.896
903.6	-72.8928
903.8	-72.8896
904	-72.8864
904.2	-72.8832
904.4	-72.88
904.6	-72.8768
904.8	-72.8737
905	-72.8705
905.2	-72.8673
905.4	-72.8642
905.6	-72.861
905.8	-72.8578
906	-72.8547
906.2	-72.8515
906.4	-72.8484
906.6	-72.8452
906.8	-72.8421
907	-72.839
907.2	-72.8358
907.4	-72.8327
907.6	-72.8296
907.8	-72.8265
908	-72.8234
908.2	-72.8203
908.4	-72.8172
908.6	-72.8141
908.8	-72.811
909	-72.8079
909.2	-72.8048
909.4	-72.8017
909.6	-72.7986
909.8	-72.7956
910	-72.7925
910.2	-72.7894
910.4	-72.7864
910.6	-72.7833
910.8	-72.7803
911	-72.7772
911.2	-72.7742
911.4	-72.7711
911.6	-72.7681
911.8	-72.7651
912	-72.762
912.2	-72.759
912.4	-72.756
912.6	-72.753
912.8	-72.75
913	-72.747
913.2	-72.744
913.4	-72.741
913.6	-72.738
913.8	-72.735
914	-72.732
914.2	-72.729
914.4	-72.7261
914.6	-72.7231
914.8	-72.7201
915	-72.7171
915.2	-72.7142
915.4	-72.7112
915.6	-72.7083
915.8	-72.7053
916	-72.7024
916.2	-72.6995
916.4	-72.6965
916.6	-72.6936
916.8	-72.6907
917	-72.6877
917.2	-72.6848
917.4	-72.6819
917.6	-72.679
917.8	-72.6761
918	-72.6732
918.2	-72.6703
918.4	-72.6674
918.6	-72.6645
918.8	-72.6616
919	-72.6587
919.2	-72.6559
919.4	-72.653
919.6	-72.6501
919.8	-72.6472
920	-72.6444
920.2	-72.6415
920.4	-72.6387
920.6	-72.6358
920.8	-72.633
921	-72.6301
921.2	-72.6273
921.4	-72.6245
921.6	-72.6216
921.8	-72.6188
922	-72.616
922.2	-72.6132
922.4	-72.6103
922.6	-72.6075
922.8	-72.6047
923	-72.6019
923.2	-72.5991
923.4	-72.5963
923.6	-72.5935
923.8	-72.5907
924	-72.588
924.2	-72.5852
924.4	-72.5824
924.6	-72.5796
924.8	-72.5769
925	-72.5741
925.2	-72.5713
925.4	-72.5686
925.6	-72.5658
925.8	-72.5631
926	-72.5603
926.2	-72.5576
926.4	-72.5548
926.6	-72.5521
926.8	-72.5494
927	-72.5466
927.2	-72.5439
927.4	-72.5412
927.6	-72.5385
927.8	-72.5358
928	-72.5331
928.2	-72.5304
928.4	-72.5277
928.6	-72.525
928.8	-72.5223
929	-72.5196
929.2	-72.5169
929.4	-72.5142
929.6	-72.5115
929.8	-72.5089
930	-72.5062
930.2	-72.5035
930.4	-72.5009
930.6	-72.4982
930.8	-72.4955
931	-72.4929
931.2	-72.4902
931.4	-72.4876
931.6	-72.485
931.8	-72.4823
932	-72.4797
932.2	-72.4771
932.4	-72.4744
932.6	-72.4718
932.8	-72.4692
933	-72.4666
933.2	-72.464
933.4	-72.4613
933.6	-72.4587
933.8	-72.4561
934	-72.4535
934.2	-72.451
934.4	-72.4484
934.6	-72.4458
934.8	-72.4432
935	-72.4406
935.2	-72.438
935.4	-72.4355
935.6	-72.4329
935.8	-72.4303
936	-72.4278
936.2	-72.4252
936.4	-72.4227
936.6	-72.4201
936.8	-72.4175
937	-72.415
937.2	-72.4125
937.4	-72.4099
937.6	-72.4074
937.8	-72.4049
938	-72.4023
938.2	-72.3998
938.4	-72.3973
938.6	-72.3948
938.8	-72.3923
939	-72.3898
939.2	-72.3873
939.4	-72.3848
939.6	-72.3822
939.8	-72.3798
940	-72.3773
940.2	-72.3748
940.4	-72.3723
940.6	-72.3698
940.8	-72.3673
941	-72.3649
941.2	-72.3624
941.4	-72.3599
941.6	-72.3574
941.8	-72.355
942	-72.3525
942.2	-72.3501
942.4	-72.3476
942.6	-72.3452
942.8	-72.3427
943	-72.3403
943.2	-72.3379
943.4	-72.3354
943.6	-72.333
943.8	-72.3306
944	-72.3281
944.2	-72.3257
944.4	-72.3233
944.6	-72.3209
944.8	-72.3185
945	-72.3161
945.2	-72.3137
945.4	-72.3113
945.6	-72.3089
945.8	-72.3065
946	-72.3041
946.2	-72.3017
946.4	-72.2993
946.6	-72.2969
946.8	-72.2946
947	-72.2922
947.2	-72.2898
947.4	-72.2874
947.6	-72.2851
947.8	-72.2827
948	-72.2804
948.2	-72.278
948.4	-72.2757
948.6	-72.2733
948.8	-72.271
949	-72.2686
949.2	-72.2663
949.4	-72.2639
949.6	-72.2616
949.8	-72.2593
950	-72.257
950.2	-72.2546
950.4	-72.2523
950.6	-72.25
950.8	-72.2477
951	-72.2454
951.2	-72.2431
951.4	-72.2408
951.6	-72.2385
951.8	-72.2362
952	-72.2339
952.2	-72.2316
952.4	-72.2293
952.6	-72.227
952.8	-72.2247
953	-72.2225
953.2	-72.2202
953.4	-72.2179
953.6	-72.2157
953.8	-72.2134
954	-72.2111
954.2	-72.2089
954.4	-72.2066
954.6	-72.2044
954.8	-72.2021
955	-72.1999
955.2	-72.1976
955.4	-72.1954
955.6	-72.1931
955.8	-72.1909
956	-72.1887
956.2	-72.1864
956.4	-72.1842
956.6	-72.182
956.8	-72.1798
957	-72.1776
957.2	-72.1754
957.4	-72.1731
957.6	-72.1709
957.8	-72.1687
958	-72.1665
958.2	-72.1643
958.4	-72.1621
958.6	-72.16
958.8	-72.1578
959	-72.1556
959.2	-72.1534
959.4	-72.1512
959.6	-72.149
959.8	-72.1469
960	-72.1447
960.2	-72.1425
960.4	-72.1404
960.6	-72.1382
960.8	-72.1361
961	-72.1339
961.2	-72.1318
961.4	-72.1296
961.6	-72.1275
961.8	-72.1253
962	-72.1232
962.2	-72.121
962.4	-72.1189
962.6	-72.1168
962.8	-72.1146
963	-72.1125
963.2	-72.1104
963.4	-72.1083
963.6	-72.1062
963.8	-72.104
964	-72.1019
964.2	-72.0998
964.4	-72.0977
964.6	-72.0956
964.8	-72.0935
965	-72.0914
965.2	-72.0893
965.4	-72.0872
965.6	-72.0852
965.8	-72.0831
966	-72.081
966.2	-72.0789
966.4	-72.0768
966.6	-72.0748
966.8	-72.0727
967	-72.0706
967.2	-72.0686
967.4	-72.0665
967.6	-72.0644
967.8	-72.0624
968	-72.0603
968.2	-72.0583
968.4	-72.0562
968.6	-72.0542
968.8	-72.0521
969	-72.0501
969.2	-72.0481
969.4	-72.046
969.6	-72.044
969.8	-72.042
970	-72.04
970.2	-72.0379
970.4	-72.0359
970.6	-72.0339
970.8	-72.0319
971	-72.0299
971.2	-72.0279
971.4	-72.0259
971.6	-72.0239
971.8	-72.0219
972	-72.0199
972.2	-72.0179
972.4	-72.0159
972.6	-72.0139
972.8	-72.0119
973	-72.0099
973.2	-72.0079
973.4	-72.006
973.6	-72.004
973.8	-72.002
974	-72
974.2	-71.9981
974.4	-71.9961
974.6	-71.9942
974.8	-71.9922
975	-71.9902
975.2	-71.9883
975.4	-71.9863
975.6	-71.9844
975.8	-71.9824
976	-71.9805
976.2	-71.9786
976.4	-71.9766
976.6	-71.9747
976.8	-71.9728
977	-71.9708
977.2	-71.9689
977.4	-71.967
977.6	-71.9651
977.8	-71.9631
978	-71.9612
978.2	-71.9593
978.4	-71.9574
978.6	-71.9555
978.8	-71.9536
979	-71.9517
979.2	-71.9498
979.4	-71.9479
979.6	-71.946
979.8	-71.9441
980	-71.9422
980.2	-71.9403
980.4	-71.9384
980.6	-71.9366
980.8	-71.9347
981	-71.9328
981.2	-71.9309
981.4	-71.9291
981.6	-71.9272
981.8	-71.9253
982	-71.9235
982.2	-71.9216
982.4	-71.9197
982.6	-71.9179
982.8	-71.916
983	-71.9142
983.2	-71.9123
983.4	-71.9105
983.6	-71.9086
983.8	-71.9068
984	-71.905
984.2	-71.9031
984.4	-71.9013
984.6	-71.8995
984.8	-71.8976
985	-71.8958
985.2	-71.894
985.4	-71.8922
985.6	-71.8904
985.8	-71.8885
986	-71.8867
986.2	-71.8849
986.4	-71.8831
986.6	-71.8813
986.8	-71.8795
987	-71.8777
987.2	-71.8759
987.4	-71.8741
987.6	-71.8723
987.8	-71.8705
988	-71.8687
988.2	-71.867
988.4	-71.8652
988.6	-71.8634
988.8	-71.8616
989	-71.8598
989.2	-71.8581
989.4	-71.8563
989.6	-71.8545
989.8	-71.8528
990	-71.851
990.2	-71.8492
990.4	-71.8475
990.6	-71.8457
990.8	-71.844
991	-71.8422
991.2	-71.8405
991.4	-71.8387
991.6	-71.837
991.8	-71.8352
992	-71.8335
992.2	-71.8318
992.4	-71.83
992.6	-71.8283
992.8	-71.8266
993	-71.8248
993.2	-71.8231
993.4	-71.8214
993.6	-71.8197
993.8	-71.8179
994	-71.8162
994.2	-71.8145
994.4	-71.8128
994.6	-71.8111
994.8	-71.8094
995	-71.8077
995.2	-71.806
995.4	-71.8043
995.6	-71.8026
995.8	-71.8009
996	-71.7992
996.2	-71.7975
996.4	-71.7958
996.6	-71.7942
996.8	-71.7925
997	-71.7908
997.2	-71.7891
997.4	-71.7874
997.6	-71.7858
997.8	-71.7841
998	-71.7824
998.2	-71.7808
998.4	-71.7791
998.6	-71.7774
998.8	-71.7758
999	-71.7741
999.2	-71.7725
999.4	-71.7708
999.6	-71.7692
999.8	-71.7675
1000	-71.7659
