label:PY[0].soma.m_im
5001
0	0
0.2	3.70744e-05
0.4	7.41019e-05
0.6	0.000111083
0.8	0.000148016
1	0.000184903
1.2	0.000221743
1.4	0.000258537
1.6	0.000295283
1.8	0.000331983
2	0.000368636
2.2	0.000405243
2.4	0.000441802
2.6	0.000478316
2.8	0.000514782
3	0.000551203
3.2	0.000587576
3.4	0.000623904
3.6	0.000660185
3.8	0.000696419
4	0.000732607
4.2	0.000768749
4.4	0.000804844
4.6	0.000840894
4.8	0.000876897
5	0.000912854
5.2	0.000948765
5.4	0.000984629
5.6	0.00102045
5.8	0.00105622
6	0.00109195
6.2	0.00112763
6.4	0.00116326
6.6	0.00119885
6.8	0.0012344
7	0.00126989
7.2	0.00130534
7.4	0.00134075
7.6	0.00137611
7.8	0.00141143
8	0.00144669
8.2	0.00148192
8.4	0.0015171
8.6	0.00155223
8.8	0.00158732
9	0.00162236
9.2	0.00165736
9.4	0.00169231
9.6	0.00172721
9.8	0.00176207
10	0.00179689
10.2	0.00183166
10.4	0.00186639
10.6	0.00190107
10.8	0.0019357
11	0.00197029
11.2	0.00200484
11.4	0.00203934
11.6	0.0020738
11.8	0.00210821
12	0.00214258
12.2	0.0021769
12.4	0.00221118
12.6	0.00224541
12.8	0.0022796
13	0.00231374
13.2	0.00234784
13.4	0.0023819
13.6	0.00241591
13.8	0.00244988
14	0.0024838
14.2	0.00251768
14.4	0.00255151
14.6	0.0025853
14.8	0.00261905
15	0.00265275
15.2	0.00268641
15.4	0.00272003
15.6	0.0027536
15.8	0.00278712
16	0.00282061
16.2	0.00285405
16.4	0.00288744
16.6	0.00292079
16.8	0.0029541
17	0.00298737
17.2	0.00302059
17.4	0.00305377
17.6	0.0030869
17.8	0.00311999
18	0.00315304
18.2	0.00318605
18.4	0.00321901
18.6	0.00325193
18.8	0.00328481
19	0.00331764
19.2	0.00335043
19.4	0.00338318
19.6	0.00341588
19.8	0.00344854
20	0.00348116
20.2	0.00351374
20.4	0.00354627
20.6	0.00357876
20.8	0.00361121
21	0.00364361
21.2	0.00367598
21.4	0.0037083
21.6	0.00374058
21.8	0.00377281
22	0.003805
22.2	0.00383716
22.4	0.00386927
22.6	0.00390133
22.8	0.00393336
23	0.00396534
23.2	0.00399728
23.4	0.00402918
23.6	0.00406104
23.8	0.00409285
24	0.00412463
24.2	0.00415636
24.4	0.00418805
24.6	0.0042197
24.8	0.00425131
25	0.00428287
25.2	0.00431439
25.4	0.00434588
25.6	0.00437732
25.8	0.00440872
26	0.00444008
26.2	0.00447139
26.4	0.00450267
26.6	0.0045339
26.8	0.0045651
27	0.00459625
27.2	0.00462736
27.4	0.00465843
27.6	0.00468946
27.8	0.00472045
28	0.0047514
28.2	0.00478231
28.4	0.00481318
28.6	0.004844
28.8	0.00487479
29	0.00490553
29.2	0.00493624
29.4	0.0049669
29.6	0.00499753
29.8	0.00502811
30	0.00505865
30.2	0.00508916
30.4	0.00511962
30.6	0.00515004
30.8	0.00518042
31	0.00521077
31.2	0.00524107
31.4	0.00527133
31.6	0.00530155
31.8	0.00533174
32	0.00536188
32.2	0.00539198
32.4	0.00542205
32.6	0.00545207
32.8	0.00548205
33	0.005512
33.2	0.0055419
33.4	0.00557177
33.6	0.0056016
33.8	0.00563138
34	0.00566113
34.2	0.00569084
34.4	0.00572051
34.6	0.00575014
34.8	0.00577973
35	0.00580928
35.2	0.00583879
35.4	0.00586827
35.6	0.0058977
35.8	0.0059271
36	0.00595645
36.2	0.00598577
36.4	0.00601505
36.6	0.00604429
36.8	0.0060735
37	0.00610266
37.2	0.00613178
37.4	0.00616087
37.6	0.00618992
37.8	0.00621893
38	0.0062479
38.2	0.00627683
38.4	0.00630573
38.6	0.00633459
38.8	0.0063634
39	0.00639219
39.2	0.00642093
39.4	0.00644963
39.6	0.0064783
39.8	0.00650693
40	0.00653552
40.2	0.00656407
40.4	0.00659259
40.6	0.00662106
40.8	0.0066495
41	0.00667791
41.2	0.00670627
41.4	0.0067346
41.6	0.00676289
41.8	0.00679114
42	0.00681935
42.2	0.00684753
42.4	0.00687567
42.6	0.00690377
42.8	0.00693184
43	0.00695987
43.2	0.00698786
43.4	0.00701581
43.6	0.00704373
43.8	0.00707161
44	0.00709945
44.2	0.00712726
44.4	0.00715503
44.6	0.00718276
44.8	0.00721046
45	0.00723812
45.2	0.00726574
45.4	0.00729333
45.6	0.00732088
45.8	0.00734839
46	0.00737587
46.2	0.00740331
46.4	0.00743071
46.6	0.00745808
46.8	0.00748541
47	0.0075127
47.2	0.00753996
47.4	0.00756719
47.6	0.00759437
47.8	0.00762152
48	0.00764864
48.2	0.00767572
48.4	0.00770276
48.6	0.00772977
48.8	0.00775674
49	0.00778367
49.2	0.00781057
49.4	0.00783744
49.6	0.00786427
49.8	0.00789106
50	0.00791782
50.2	0.00794454
50.4	0.00797122
50.6	0.00799788
50.8	0.00802449
51	0.00805107
51.2	0.00807762
51.4	0.00810413
51.6	0.0081306
51.8	0.00815704
52	0.00818344
52.2	0.00820981
52.4	0.00823615
52.6	0.00826245
52.8	0.00828871
53	0.00831494
53.2	0.00834114
53.4	0.0083673
53.6	0.00839342
53.8	0.00841951
54	0.00844557
54.2	0.00847159
54.4	0.00849758
54.6	0.00852353
54.8	0.00854945
55	0.00857533
55.2	0.00860118
55.4	0.00862699
55.6	0.00865277
55.8	0.00867852
56	0.00870423
56.2	0.00872991
56.4	0.00875555
56.6	0.00878116
56.8	0.00880674
57	0.00883228
57.2	0.00885779
57.4	0.00888326
57.6	0.0089087
57.8	0.00893411
58	0.00895948
58.2	0.00898482
58.4	0.00901012
58.6	0.00903539
58.8	0.00906063
59	0.00908584
59.2	0.00911101
59.4	0.00913614
59.6	0.00916125
59.8	0.00918632
60	0.00921135
60.2	0.00923636
60.4	0.00926133
60.6	0.00928627
60.8	0.00931117
61	0.00933604
61.2	0.00936088
61.4	0.00938568
61.6	0.00941046
61.8	0.00943519
62	0.0094599
62.2	0.00948457
62.4	0.00950921
62.6	0.00953382
62.8	0.0095584
63	0.00958294
63.2	0.00960745
63.4	0.00963192
63.6	0.00965637
63.8	0.00968078
64	0.00970516
64.2	0.00972951
64.4	0.00975382
64.6	0.0097781
64.8	0.00980235
65	0.00982657
65.2	0.00985075
65.4	0.00987491
65.6	0.00989903
65.8	0.00992312
66	0.00994717
66.2	0.0099712
66.4	0.00999519
66.6	0.0100192
66.8	0.0100431
67	0.010067
67.2	0.0100908
67.4	0.0101147
67.6	0.0101385
67.8	0.0101622
68	0.010186
68.2	0.0102097
68.4	0.0102334
68.6	0.010257
68.8	0.0102806
69	0.0103042
69.2	0.0103278
69.4	0.0103513
69.6	0.0103748
69.8	0.0103982
70	0.0104216
70.2	0.010445
70.4	0.0104684
70.6	0.0104917
70.8	0.010515
71	0.0105383
71.2	0.0105615
71.4	0.0105847
71.6	0.0106079
71.8	0.010631
72	0.0106542
72.2	0.0106772
72.4	0.0107003
72.6	0.0107233
72.8	0.0107463
73	0.0107693
73.2	0.0107922
73.4	0.0108151
73.6	0.010838
73.8	0.0108608
74	0.0108836
74.2	0.0109064
74.4	0.0109291
74.6	0.0109519
74.8	0.0109745
75	0.0109972
75.2	0.0110198
75.4	0.0110424
75.6	0.011065
75.8	0.0110875
76	0.01111
76.2	0.0111325
76.4	0.0111549
76.6	0.0111774
76.8	0.0111997
77	0.0112221
77.2	0.0112444
77.4	0.0112667
77.6	0.011289
77.8	0.0113112
78	0.0113334
78.2	0.0113556
78.4	0.0113777
78.6	0.0113999
78.8	0.011422
79	0.011444
79.2	0.011466
79.4	0.011488
79.6	0.01151
79.8	0.011532
80	0.0115539
80.2	0.0115757
80.4	0.0115976
80.6	0.0116194
80.8	0.0116412
81	0.011663
81.2	0.0116847
81.4	0.0117064
81.6	0.0117281
81.8	0.0117498
82	0.0117714
82.2	0.011793
82.4	0.0118145
82.6	0.0118361
82.8	0.0118576
83	0.011879
83.2	0.0119005
83.4	0.0119219
83.6	0.0119433
83.8	0.0119647
84	0.011986
84.2	0.0120073
84.4	0.0120286
84.6	0.0120498
84.8	0.0120711
85	0.0120922
85.2	0.0121134
85.4	0.0121345
85.6	0.0121557
85.8	0.0121767
86	0.0121978
86.2	0.0122188
86.4	0.0122398
86.6	0.0122608
86.8	0.0122817
87	0.0123026
87.2	0.0123235
87.4	0.0123444
87.6	0.0123652
87.8	0.012386
88	0.0124067
88.2	0.0124275
88.4	0.0124482
88.6	0.0124689
88.8	0.0124896
89	0.0125102
89.2	0.0125308
89.4	0.0125514
89.6	0.0125719
89.8	0.0125924
90	0.0126129
90.2	0.0126334
90.4	0.0126538
90.6	0.0126743
90.8	0.0126946
91	0.012715
91.2	0.0127353
91.4	0.0127556
91.6	0.0127759
91.8	0.0127962
92	0.0128164
92.2	0.0128366
92.4	0.0128567
92.6	0.0128769
92.8	0.012897
93	0.0129171
93.2	0.0129371
93.4	0.0129572
93.6	0.0129772
93.8	0.0129972
94	0.0130171
94.2	0.013037
94.4	0.0130569
94.6	0.0130768
94.8	0.0130967
95	0.0131165
95.2	0.0131363
95.4	0.0131561
95.6	0.0131758
95.8	0.0131955
96	0.0132152
96.2	0.0132349
96.4	0.0132545
96.6	0.0132741
96.8	0.0132937
97	0.0133132
97.2	0.0133328
97.4	0.0133523
97.6	0.0133718
97.8	0.0133912
98	0.0134106
98.2	0.01343
98.4	0.0134494
98.6	0.0134688
98.8	0.0134881
99	0.0135074
99.2	0.0135266
99.4	0.0135459
99.6	0.0135651
99.8	0.0135843
100	0.0136035
100.2	0.0136226
100.4	0.0136417
100.6	0.0136608
100.8	0.0136799
101	0.0136989
101.2	0.0137179
101.4	0.0137369
101.6	0.0137559
101.8	0.0137748
102	0.0137937
102.2	0.0138126
102.4	0.0138315
102.6	0.0138503
102.8	0.0138691
103	0.0138879
103.2	0.0139067
103.4	0.0139254
103.6	0.0139441
103.8	0.0139628
104	0.0139815
104.2	0.0140001
104.4	0.0140187
104.6	0.0140373
104.8	0.0140559
105	0.0140744
105.2	0.0140929
105.4	0.0141114
105.6	0.0141298
105.8	0.0141483
106	0.0141667
106.2	0.0141851
106.4	0.0142034
106.6	0.0142218
106.8	0.0142401
107	0.0142584
107.2	0.0142766
107.4	0.0142949
107.6	0.0143131
107.8	0.0143313
108	0.0143495
108.2	0.0143676
108.4	0.0143857
108.6	0.0144038
108.8	0.0144219
109	0.0144399
109.2	0.0144579
109.4	0.0144759
109.6	0.0144939
109.8	0.0145119
110	0.0145298
110.2	0.0145477
110.4	0.0145656
110.6	0.0145834
110.8	0.0146012
111	0.014619
111.2	0.0146368
111.4	0.0146546
111.6	0.0146723
111.8	0.01469
112	0.0147077
112.2	0.0147254
112.4	0.014743
112.6	0.0147606
112.8	0.0147782
113	0.0147958
113.2	0.0148133
113.4	0.0148308
113.6	0.0148483
113.8	0.0148658
114	0.0148833
114.2	0.0149007
114.4	0.0149181
114.6	0.0149355
114.8	0.0149528
115	0.0149701
115.2	0.0149875
115.4	0.0150047
115.6	0.015022
115.8	0.0150392
116	0.0150565
116.2	0.0150736
116.4	0.0150908
116.6	0.015108
116.8	0.0151251
117	0.0151422
117.2	0.0151593
117.4	0.0151763
117.6	0.0151934
117.8	0.0152104
118	0.0152274
118.2	0.0152443
118.4	0.0152613
118.6	0.0152782
118.8	0.0152951
119	0.0153119
119.2	0.0153288
119.4	0.0153456
119.6	0.0153624
119.8	0.0153792
120	0.015396
120.2	0.0154127
120.4	0.0154294
120.6	0.0154461
120.8	0.0154628
121	0.0154794
121.2	0.015496
121.4	0.0155127
121.6	0.0155292
121.8	0.0155458
122	0.0155623
122.2	0.0155788
122.4	0.0155953
122.6	0.0156118
122.8	0.0156282
123	0.0156447
123.2	0.0156611
123.4	0.0156775
123.6	0.0156938
123.8	0.0157102
124	0.0157265
124.2	0.0157428
124.4	0.015759
124.6	0.0157753
124.8	0.0157915
125	0.0158077
125.2	0.0158239
125.4	0.0158401
125.6	0.0158562
125.8	0.0158723
126	0.0158884
126.2	0.0159045
126.4	0.0159205
126.6	0.0159366
126.8	0.0159526
127	0.0159686
127.2	0.0159845
127.4	0.0160005
127.6	0.0160164
127.8	0.0160323
128	0.0160482
128.2	0.0160641
128.4	0.0160799
128.6	0.0160957
128.8	0.0161115
129	0.0161273
129.2	0.016143
129.4	0.0161588
129.6	0.0161745
129.8	0.0161902
130	0.0162058
130.2	0.0162215
130.4	0.0162371
130.6	0.0162527
130.8	0.0162683
131	0.0162839
131.2	0.0162994
131.4	0.0163149
131.6	0.0163304
131.8	0.0163459
132	0.0163614
132.2	0.0163768
132.4	0.0163922
132.6	0.0164076
132.8	0.016423
133	0.0164384
133.2	0.0164537
133.4	0.016469
133.6	0.0164843
133.8	0.0164996
134	0.0165148
134.2	0.0165301
134.4	0.0165453
134.6	0.0165605
134.8	0.0165756
135	0.0165908
135.2	0.0166059
135.4	0.016621
135.6	0.0166361
135.8	0.0166512
136	0.0166662
136.2	0.0166813
136.4	0.0166963
136.6	0.0167113
136.8	0.0167262
137	0.0167412
137.2	0.0167561
137.4	0.016771
137.6	0.0167859
137.8	0.0168008
138	0.0168156
138.2	0.0168304
138.4	0.0168453
138.6	0.01686
138.8	0.0168748
139	0.0168896
139.2	0.0169043
139.4	0.016919
139.6	0.0169337
139.8	0.0169483
140	0.016963
140.2	0.0169776
140.4	0.0169922
140.6	0.0170068
140.8	0.0170214
141	0.0170359
141.2	0.0170505
141.4	0.017065
141.6	0.0170795
141.8	0.0170939
142	0.0171084
142.2	0.0171228
142.4	0.0171372
142.6	0.0171516
142.8	0.017166
143	0.0171804
143.2	0.0171947
143.4	0.017209
143.6	0.0172233
143.8	0.0172376
144	0.0172519
144.2	0.0172661
144.4	0.0172803
144.6	0.0172945
144.8	0.0173087
145	0.0173229
145.2	0.017337
145.4	0.0173511
145.6	0.0173652
145.8	0.0173793
146	0.0173934
146.2	0.0174074
146.4	0.0174215
146.6	0.0174355
146.8	0.0174495
147	0.0174635
147.2	0.0174774
147.4	0.0174913
147.6	0.0175053
147.8	0.0175192
148	0.017533
148.2	0.0175469
148.4	0.0175607
148.6	0.0175746
148.8	0.0175884
149	0.0176022
149.2	0.0176159
149.4	0.0176297
149.6	0.0176434
149.8	0.0176571
150	0.0176708
150.2	0.0176845
150.4	0.0176981
150.6	0.0177118
150.8	0.0177254
151	0.017739
151.2	0.0177526
151.4	0.0177662
151.6	0.0177797
151.8	0.0177932
152	0.0178067
152.2	0.0178202
152.4	0.0178337
152.6	0.0178472
152.8	0.0178606
153	0.017874
153.2	0.0178874
153.4	0.0179008
153.6	0.0179142
153.8	0.0179275
154	0.0179408
154.2	0.0179542
154.4	0.0179674
154.6	0.0179807
154.8	0.017994
155	0.0180072
155.2	0.0180204
155.4	0.0180336
155.6	0.0180468
155.8	0.01806
156	0.0180731
156.2	0.0180863
156.4	0.0180994
156.6	0.0181125
156.8	0.0181256
157	0.0181386
157.2	0.0181517
157.4	0.0181647
157.6	0.0181777
157.8	0.0181907
158	0.0182037
158.2	0.0182166
158.4	0.0182296
158.6	0.0182425
158.8	0.0182554
159	0.0182683
159.2	0.0182811
159.4	0.018294
159.6	0.0183068
159.8	0.0183196
160	0.0183324
160.2	0.0183452
160.4	0.018358
160.6	0.0183707
160.8	0.0183835
161	0.0183962
161.2	0.0184089
161.4	0.0184216
161.6	0.0184342
161.8	0.0184469
162	0.0184595
162.2	0.0184721
162.4	0.0184847
162.6	0.0184973
162.8	0.0185098
163	0.0185224
163.2	0.0185349
163.4	0.0185474
163.6	0.0185599
163.8	0.0185724
164	0.0185848
164.2	0.0185973
164.4	0.0186097
164.6	0.0186221
164.8	0.0186345
165	0.0186469
165.2	0.0186592
165.4	0.0186716
165.6	0.0186839
165.8	0.0186962
166	0.0187085
166.2	0.0187208
166.4	0.018733
166.6	0.0187453
166.8	0.0187575
167	0.0187697
167.2	0.0187819
167.4	0.0187941
167.6	0.0188062
167.8	0.0188184
168	0.0188305
168.2	0.0188426
168.4	0.0188547
168.6	0.0188668
168.8	0.0188789
169	0.0188909
169.2	0.0189029
169.4	0.0189149
169.6	0.0189269
169.8	0.0189389
170	0.0189509
170.2	0.0189628
170.4	0.0189748
170.6	0.0189867
170.8	0.0189986
171	0.0190104
171.2	0.0190223
171.4	0.0190342
171.6	0.019046
171.8	0.0190578
172	0.0190696
172.2	0.0190814
172.4	0.0190932
172.6	0.0191049
172.8	0.0191167
173	0.0191284
173.2	0.0191401
173.4	0.0191518
173.6	0.0191635
173.8	0.0191751
174	0.0191868
174.2	0.0191984
174.4	0.01921
174.6	0.0192216
174.8	0.0192332
175	0.0192448
175.2	0.0192563
175.4	0.0192678
175.6	0.0192794
175.8	0.0192909
176	0.0193024
176.2	0.0193138
176.4	0.0193253
176.6	0.0193367
176.8	0.0193481
177	0.0193596
177.2	0.019371
177.4	0.0193823
177.6	0.0193937
177.8	0.019405
178	0.0194164
178.2	0.0194277
178.4	0.019439
178.6	0.0194503
178.8	0.0194616
179	0.0194728
179.2	0.0194841
179.4	0.0194953
179.6	0.0195065
179.8	0.0195177
180	0.0195289
180.2	0.01954
180.4	0.0195512
180.6	0.0195623
180.8	0.0195734
181	0.0195845
181.2	0.0195956
181.4	0.0196067
181.6	0.0196178
181.8	0.0196288
182	0.0196398
182.2	0.0196509
182.4	0.0196619
182.6	0.0196729
182.8	0.0196838
183	0.0196948
183.2	0.0197057
183.4	0.0197166
183.6	0.0197276
183.8	0.0197385
184	0.0197493
184.2	0.0197602
184.4	0.0197711
184.6	0.0197819
184.8	0.0197927
185	0.0198035
185.2	0.0198143
185.4	0.0198251
185.6	0.0198359
185.8	0.0198466
186	0.0198574
186.2	0.0198681
186.4	0.0198788
186.6	0.0198895
186.8	0.0199002
187	0.0199108
187.2	0.0199215
187.4	0.0199321
187.6	0.0199427
187.8	0.0199533
188	0.0199639
188.2	0.0199745
188.4	0.0199851
188.6	0.0199956
188.8	0.0200061
189	0.0200167
189.2	0.0200272
189.4	0.0200377
189.6	0.0200481
189.8	0.0200586
190	0.020069
190.2	0.0200795
190.4	0.0200899
190.6	0.0201003
190.8	0.0201107
191	0.0201211
191.2	0.0201314
191.4	0.0201418
191.6	0.0201521
191.8	0.0201625
192	0.0201728
192.2	0.0201831
192.4	0.0201933
192.6	0.0202036
192.8	0.0202139
193	0.0202241
193.2	0.0202343
193.4	0.0202445
193.6	0.0202547
193.8	0.0202649
194	0.0202751
194.2	0.0202852
194.4	0.0202954
194.6	0.0203055
194.8	0.0203156
195	0.0203257
195.2	0.0203358
195.4	0.0203459
195.6	0.0203559
195.8	0.020366
196	0.020376
196.2	0.020386
196.4	0.020396
196.6	0.020406
196.8	0.020416
197	0.020426
197.2	0.0204359
197.4	0.0204459
197.6	0.0204558
197.8	0.0204657
198	0.0204756
198.2	0.0204855
198.4	0.0204954
198.6	0.0205052
198.8	0.0205151
199	0.0205249
199.2	0.0205347
199.4	0.0205445
199.6	0.0205543
199.8	0.0205641
200	0.0205738
200.2	0.0205836
200.4	0.0205933
200.6	0.0206031
200.8	0.0206128
201	0.0206225
201.2	0.0206322
201.4	0.0206418
201.6	0.0206515
201.8	0.0206611
202	0.0206708
202.2	0.0206804
202.4	0.02069
202.6	0.0206996
202.8	0.0207092
203	0.0207187
203.2	0.0207283
203.4	0.0207378
203.6	0.0207474
203.8	0.0207569
204	0.0207664
204.2	0.0207759
204.4	0.0207854
204.6	0.0207948
204.8	0.0208043
205	0.0208137
205.2	0.0208231
205.4	0.0208325
205.6	0.0208419
205.8	0.0208513
206	0.0208607
206.2	0.0208701
206.4	0.0208794
206.6	0.0208888
206.8	0.0208981
207	0.0209074
207.2	0.0209167
207.4	0.020926
207.6	0.0209353
207.8	0.0209445
208	0.0209538
208.2	0.020963
208.4	0.0209722
208.6	0.0209814
208.8	0.0209906
209	0.0209998
209.2	0.021009
209.4	0.0210182
209.6	0.0210273
209.8	0.0210364
210	0.0210456
210.2	0.0210547
210.4	0.0210638
210.6	0.0210729
210.8	0.0210819
211	0.021091
211.2	0.0211001
211.4	0.0211091
211.6	0.0211181
211.8	0.0211271
212	0.0211361
212.2	0.0211451
212.4	0.0211541
212.6	0.0211631
212.8	0.021172
213	0.021181
213.2	0.0211899
213.4	0.0211988
213.6	0.0212077
213.8	0.0212166
214	0.0212255
214.2	0.0212343
214.4	0.0212432
214.6	0.021252
214.8	0.0212609
215	0.0212697
215.2	0.0212785
215.4	0.0212873
215.6	0.0212961
215.8	0.0213049
216	0.0213136
216.2	0.0213224
216.4	0.0213311
216.6	0.0213398
216.8	0.0213485
217	0.0213572
217.2	0.0213659
217.4	0.0213746
217.6	0.0213833
217.8	0.0213919
218	0.0214006
218.2	0.0214092
218.4	0.0214178
218.6	0.0214264
218.8	0.021435
219	0.0214436
219.2	0.0214522
219.4	0.0214607
219.6	0.0214693
219.8	0.0214778
220	0.0214863
220.2	0.0214949
220.4	0.0215034
220.6	0.0215118
220.8	0.0215203
221	0.0215288
221.2	0.0215373
221.4	0.0215457
221.6	0.0215541
221.8	0.0215626
222	0.021571
222.2	0.0215794
222.4	0.0215878
222.6	0.0215961
222.8	0.0216045
223	0.0216128
223.2	0.0216212
223.4	0.0216295
223.6	0.0216378
223.8	0.0216461
224	0.0216544
224.2	0.0216627
224.4	0.021671
224.6	0.0216793
224.8	0.0216875
225	0.0216958
225.2	0.021704
225.4	0.0217122
225.6	0.0217204
225.8	0.0217286
226	0.0217368
226.2	0.021745
226.4	0.0217531
226.6	0.0217613
226.8	0.0217694
227	0.0217776
227.2	0.0217857
227.4	0.0217938
227.6	0.0218019
227.8	0.02181
228	0.021818
228.2	0.0218261
228.4	0.0218342
228.6	0.0218422
228.8	0.0218502
229	0.0218583
229.2	0.0218663
229.4	0.0218743
229.6	0.0218822
229.8	0.0218902
230	0.0218982
230.2	0.0219061
230.4	0.0219141
230.6	0.021922
230.8	0.0219299
231	0.0219379
231.2	0.0219458
231.4	0.0219537
231.6	0.0219615
231.8	0.0219694
232	0.0219773
232.2	0.0219851
232.4	0.0219929
232.6	0.0220008
232.8	0.0220086
233	0.0220164
233.2	0.0220242
233.4	0.022032
233.6	0.0220397
233.8	0.0220475
234	0.0220553
234.2	0.022063
234.4	0.0220707
234.6	0.0220785
234.8	0.0220862
235	0.0220939
235.2	0.0221016
235.4	0.0221092
235.6	0.0221169
235.8	0.0221246
236	0.0221322
236.2	0.0221398
236.4	0.0221475
236.6	0.0221551
236.8	0.0221627
237	0.0221703
237.2	0.0221779
237.4	0.0221854
237.6	0.022193
237.8	0.0222006
238	0.0222081
238.2	0.0222156
238.4	0.0222232
238.6	0.0222307
238.8	0.0222382
239	0.0222457
239.2	0.0222532
239.4	0.0222606
239.6	0.0222681
239.8	0.0222756
240	0.022283
240.2	0.0222904
240.4	0.0222978
240.6	0.0223053
240.8	0.0223127
241	0.0223201
241.2	0.0223274
241.4	0.0223348
241.6	0.0223422
241.8	0.0223495
242	0.0223569
242.2	0.0223642
242.4	0.0223715
242.6	0.0223788
242.8	0.0223861
243	0.0223934
243.2	0.0224007
243.4	0.022408
243.6	0.0224152
243.8	0.0224225
244	0.0224297
244.2	0.022437
244.4	0.0224442
244.6	0.0224514
244.8	0.0224586
245	0.0224658
245.2	0.022473
245.4	0.0224802
245.6	0.0224873
245.8	0.0224945
246	0.0225016
246.2	0.0225088
246.4	0.0225159
246.6	0.022523
246.8	0.0225301
247	0.0225372
247.2	0.0225443
247.4	0.0225514
247.6	0.0225584
247.8	0.0225655
248	0.0225725
248.2	0.0225796
248.4	0.0225866
248.6	0.0225936
248.8	0.0226006
249	0.0226076
249.2	0.0226146
249.4	0.0226216
249.6	0.0226286
249.8	0.0226356
250	0.0226425
250.2	0.0226495
250.4	0.0226564
250.6	0.0226633
250.8	0.0226702
251	0.0226771
251.2	0.022684
251.4	0.0226909
251.6	0.0226978
251.8	0.0227047
252	0.0227115
252.2	0.0227184
252.4	0.0227252
252.6	0.022732
252.8	0.0227389
253	0.0227457
253.2	0.0227525
253.4	0.0227593
253.6	0.0227661
253.8	0.0227728
254	0.0227796
254.2	0.0227864
254.4	0.0227931
254.6	0.0227999
254.8	0.0228066
255	0.0228133
255.2	0.02282
255.4	0.0228267
255.6	0.0228334
255.8	0.0228401
256	0.0228468
256.2	0.0228534
256.4	0.0228601
256.6	0.0228667
256.8	0.0228734
257	0.02288
257.2	0.0228866
257.4	0.0228932
257.6	0.0228998
257.8	0.0229064
258	0.022913
258.2	0.0229196
258.4	0.0229262
258.6	0.0229327
258.8	0.0229393
259	0.0229458
259.2	0.0229523
259.4	0.0229589
259.6	0.0229654
259.8	0.0229719
260	0.0229784
260.2	0.0229849
260.4	0.0229913
260.6	0.0229978
260.8	0.0230043
261	0.0230107
261.2	0.0230172
261.4	0.0230236
261.6	0.02303
261.8	0.0230365
262	0.0230429
262.2	0.0230493
262.4	0.0230556
262.6	0.023062
262.8	0.0230684
263	0.0230748
263.2	0.0230811
263.4	0.0230875
263.6	0.0230938
263.8	0.0231001
264	0.0231065
264.2	0.0231128
264.4	0.0231191
264.6	0.0231254
264.8	0.0231317
265	0.0231379
265.2	0.0231442
265.4	0.0231505
265.6	0.0231567
265.8	0.023163
266	0.0231692
266.2	0.0231754
266.4	0.0231817
266.6	0.0231879
266.8	0.0231941
267	0.0232003
267.2	0.0232064
267.4	0.0232126
267.6	0.0232188
267.8	0.0232249
268	0.0232311
268.2	0.0232372
268.4	0.0232434
268.6	0.0232495
268.8	0.0232556
269	0.0232617
269.2	0.0232678
269.4	0.0232739
269.6	0.02328
269.8	0.0232861
270	0.0232922
270.2	0.0232982
270.4	0.0233043
270.6	0.0233103
270.8	0.0233164
271	0.0233224
271.2	0.0233284
271.4	0.0233344
271.6	0.0233404
271.8	0.0233464
272	0.0233524
272.2	0.0233584
272.4	0.0233643
272.6	0.0233703
272.8	0.0233763
273	0.0233822
273.2	0.0233881
273.4	0.0233941
273.6	0.0234
273.8	0.0234059
274	0.0234118
274.2	0.0234177
274.4	0.0234236
274.6	0.0234295
274.8	0.0234354
275	0.0234412
275.2	0.0234471
275.4	0.0234529
275.6	0.0234588
275.8	0.0234646
276	0.0234704
276.2	0.0234762
276.4	0.0234821
276.6	0.0234879
276.8	0.0234936
277	0.0234994
277.2	0.0235052
277.4	0.023511
277.6	0.0235167
277.8	0.0235225
278	0.0235282
278.2	0.023534
278.4	0.0235397
278.6	0.0235454
278.8	0.0235512
279	0.0235569
279.2	0.0235626
279.4	0.0235683
279.6	0.0235739
279.8	0.0235796
280	0.0235853
280.2	0.0235909
280.4	0.0235966
280.6	0.0236022
280.8	0.0236079
281	0.0236135
281.2	0.0236191
281.4	0.0236248
281.6	0.0236304
281.8	0.023636
282	0.0236416
282.2	0.0236471
282.4	0.0236527
282.6	0.0236583
282.8	0.0236638
283	0.0236694
283.2	0.0236749
283.4	0.0236805
283.6	0.023686
283.8	0.0236915
284	0.0236971
284.2	0.0237026
284.4	0.0237081
284.6	0.0237136
284.8	0.023719
285	0.0237245
285.2	0.02373
285.4	0.0237355
285.6	0.0237409
285.8	0.0237464
286	0.0237518
286.2	0.0237572
286.4	0.0237627
286.6	0.0237681
286.8	0.0237735
287	0.0237789
287.2	0.0237843
287.4	0.0237897
287.6	0.0237951
287.8	0.0238005
288	0.0238058
288.2	0.0238112
288.4	0.0238165
288.6	0.0238219
288.8	0.0238272
289	0.0238326
289.2	0.0238379
289.4	0.0238432
289.6	0.0238485
289.8	0.0238538
290	0.0238591
290.2	0.0238644
290.4	0.0238697
290.6	0.023875
290.8	0.0238802
291	0.0238855
291.2	0.0238907
291.4	0.023896
291.6	0.0239012
291.8	0.0239064
292	0.0239117
292.2	0.0239169
292.4	0.0239221
292.6	0.0239273
292.8	0.0239325
293	0.0239377
293.2	0.0239429
293.4	0.023948
293.6	0.0239532
293.8	0.0239584
294	0.0239635
294.2	0.0239687
294.4	0.0239738
294.6	0.0239789
294.8	0.0239841
295	0.0239892
295.2	0.0239943
295.4	0.0239994
295.6	0.0240045
295.8	0.0240096
296	0.0240147
296.2	0.0240197
296.4	0.0240248
296.6	0.0240299
296.8	0.0240349
297	0.02404
297.2	0.024045
297.4	0.0240501
297.6	0.0240551
297.8	0.0240601
298	0.0240651
298.2	0.0240701
298.4	0.0240751
298.6	0.0240801
298.8	0.0240851
299	0.0240901
299.2	0.0240951
299.4	0.0241
299.6	0.024105
299.8	0.0241099
300	0.0241149
300.2	0.0241224
300.4	0.0241333
300.6	0.0241475
300.8	0.0241652
301	0.0241864
301.2	0.024211
301.4	0.0242392
301.6	0.024271
301.8	0.0243065
302	0.0243457
302.2	0.0243888
302.4	0.0244359
302.6	0.024487
302.8	0.0245424
303	0.024602
303.2	0.0246661
303.4	0.0247348
303.6	0.0248083
303.8	0.0248867
304	0.0249702
304.2	0.0250589
304.4	0.0251532
304.6	0.0252531
304.8	0.025359
305	0.0254712
305.2	0.02559
305.4	0.0257159
305.6	0.0258494
305.8	0.0259915
306	0.0261432
306.2	0.0263063
306.4	0.0264838
306.6	0.026681
306.8	0.0269101
307	0.02721
307.2	0.0278989
307.4	0.0407328
307.6	0.0729074
307.8	0.0934571
308	0.100576
308.2	0.102524
308.4	0.103036
308.6	0.103137
308.8	0.103132
309	0.103091
309.2	0.103036
309.4	0.102977
309.6	0.102918
309.8	0.102863
310	0.102812
310.2	0.102766
310.4	0.102726
310.6	0.10269
310.8	0.102661
311	0.102636
311.2	0.102617
311.4	0.102603
311.6	0.102594
311.8	0.10259
312	0.102592
312.2	0.102599
312.4	0.102611
312.6	0.102629
312.8	0.102652
313	0.102681
313.2	0.102715
313.4	0.102755
313.6	0.102801
313.8	0.102853
314	0.102911
314.2	0.102975
314.4	0.103046
314.6	0.103125
314.8	0.103211
315	0.103306
315.2	0.103411
315.4	0.103529
315.6	0.103663
315.8	0.10382
316	0.104019
316.2	0.104343
316.4	0.106449
316.6	0.129222
316.8	0.154925
317	0.166563
317.2	0.169964
317.4	0.170853
317.6	0.171036
317.8	0.171014
318	0.170926
318.2	0.17081
318.4	0.170682
318.6	0.170552
318.8	0.170425
319	0.170303
319.2	0.170188
319.4	0.170079
319.6	0.169976
319.8	0.169881
320	0.169792
320.2	0.169709
320.4	0.169633
320.6	0.169562
320.8	0.169498
321	0.16944
321.2	0.169387
321.4	0.16934
321.6	0.169299
321.8	0.169264
322	0.169235
322.2	0.169211
322.4	0.169192
322.6	0.16918
322.8	0.169173
323	0.169171
323.2	0.169176
323.4	0.169187
323.6	0.169204
323.8	0.169227
324	0.169258
324.2	0.169296
324.4	0.169342
324.6	0.169397
324.8	0.169464
325	0.169544
325.2	0.169644
325.4	0.169777
325.6	0.169988
325.8	0.170726
326	0.184654
326.2	0.211152
326.4	0.226173
326.6	0.231032
326.8	0.232316
327	0.232594
327.2	0.232568
327.4	0.232443
327.6	0.232271
327.8	0.23208
328	0.231884
328.2	0.231689
328.4	0.2315
328.6	0.231318
328.8	0.231144
329	0.230978
329.2	0.23082
329.4	0.230669
329.6	0.230526
329.8	0.23039
330	0.230262
330.2	0.23014
330.4	0.230025
330.6	0.229916
330.8	0.229814
331	0.229717
331.2	0.229627
331.4	0.229543
331.6	0.229464
331.8	0.229392
332	0.229325
332.2	0.229263
332.4	0.229208
332.6	0.229158
332.8	0.229113
333	0.229075
333.2	0.229042
333.4	0.229015
333.6	0.228995
333.8	0.22898
334	0.228973
334.2	0.228974
334.4	0.228982
334.6	0.229001
334.8	0.229032
335	0.229078
335.2	0.229149
335.4	0.229266
335.6	0.229541
335.8	0.233353
336	0.256378
336.2	0.276467
336.4	0.284577
336.6	0.286852
336.8	0.287398
337	0.287432
337.2	0.2873
337.4	0.287095
337.6	0.286854
337.8	0.2866
338	0.286345
338.2	0.286094
338.4	0.285851
338.6	0.285616
338.8	0.28539
339	0.285174
339.2	0.284966
339.4	0.284767
339.6	0.284576
339.8	0.284394
340	0.284218
340.2	0.284051
340.4	0.28389
340.6	0.283736
340.8	0.283589
341	0.283448
341.2	0.283313
341.4	0.283185
341.6	0.283063
341.8	0.282946
342	0.282835
342.2	0.28273
342.4	0.282631
342.6	0.282537
342.8	0.282449
343	0.282366
343.2	0.282288
343.4	0.282217
343.6	0.282151
343.8	0.282091
344	0.282037
344.2	0.281989
344.4	0.281949
344.6	0.281916
344.8	0.281891
345	0.281878
345.2	0.281877
345.4	0.281895
345.6	0.281943
345.8	0.282062
346	0.282641
346.2	0.294581
346.4	0.317563
346.6	0.330657
346.8	0.334906
347	0.336005
347.2	0.336194
347.4	0.336092
347.6	0.335877
347.8	0.335603
348	0.335303
348.2	0.334994
348.4	0.334687
348.6	0.334387
348.8	0.334096
349	0.333815
349.2	0.333545
349.4	0.333284
349.6	0.333032
349.8	0.33279
350	0.332557
350.2	0.332332
350.4	0.332115
350.6	0.331906
350.8	0.331705
351	0.33151
351.2	0.331323
351.4	0.331142
351.6	0.330968
351.8	0.3308
352	0.330638
352.2	0.330482
352.4	0.330332
352.6	0.330188
352.8	0.330049
353	0.329916
353.2	0.329788
353.4	0.329666
353.6	0.329548
353.8	0.329437
354	0.32933
354.2	0.329229
354.4	0.329134
354.6	0.329045
354.8	0.328961
355	0.328884
355.2	0.328814
355.4	0.328752
355.6	0.328699
355.8	0.328657
356	0.32863
356.2	0.328624
356.4	0.328658
356.6	0.328817
356.8	0.331197
357	0.350294
357.2	0.368664
357.4	0.376457
357.6	0.378669
357.8	0.379175
358	0.379163
358.2	0.378967
358.4	0.378681
358.6	0.378348
358.8	0.377995
359	0.37764
359.2	0.377289
359.4	0.376947
359.6	0.376615
359.8	0.376294
360	0.375984
360.2	0.375685
360.4	0.375395
360.6	0.375115
360.8	0.374845
361	0.374583
361.2	0.37433
361.4	0.374085
361.6	0.373847
361.8	0.373617
362	0.373395
362.2	0.373179
362.4	0.372969
362.6	0.372766
362.8	0.37257
363	0.372379
363.2	0.372194
363.4	0.372015
363.6	0.371842
363.8	0.371674
364	0.371511
364.2	0.371354
364.4	0.371201
364.6	0.371054
364.8	0.370913
365	0.370776
365.2	0.370644
365.4	0.370518
365.6	0.370398
365.8	0.370283
366	0.370174
366.2	0.370072
366.4	0.369977
366.6	0.36989
366.8	0.369812
367	0.369747
367.2	0.369699
367.4	0.369678
367.6	0.369718
367.8	0.370098
368	0.379258
368.2	0.399564
368.4	0.411772
368.6	0.415838
368.8	0.416878
369	0.417025
369.2	0.416874
369.4	0.416596
369.6	0.416245
369.8	0.415859
370	0.415462
370.2	0.415067
370.4	0.414679
370.6	0.414301
370.8	0.413935
371	0.41358
371.2	0.413237
371.4	0.412904
371.6	0.412582
371.8	0.41227
372	0.411968
372.2	0.411674
372.4	0.41139
372.6	0.411114
372.8	0.410845
373	0.410584
373.2	0.410331
373.4	0.410084
373.6	0.409845
373.8	0.409611
374	0.409384
374.2	0.409163
374.4	0.408948
374.6	0.408739
374.8	0.408535
375	0.408337
375.2	0.408144
375.4	0.407956
375.6	0.407773
375.8	0.407595
376	0.407422
376.2	0.407255
376.4	0.407092
376.6	0.406934
376.8	0.406781
377	0.406634
377.2	0.406492
377.4	0.406356
377.6	0.406226
377.8	0.406103
378	0.405987
378.2	0.40588
378.4	0.405784
378.6	0.405702
378.8	0.405641
379	0.405621
379.2	0.405735
379.4	0.40859
379.6	0.426367
379.8	0.441891
380	0.448179
380.2	0.449921
380.4	0.450274
380.6	0.450185
380.8	0.449922
381	0.449563
381.2	0.449153
381.4	0.448722
381.6	0.448288
381.8	0.447859
382	0.447441
382.2	0.447034
382.4	0.446639
382.6	0.446257
382.8	0.445886
383	0.445526
383.2	0.445177
383.4	0.444838
383.6	0.444508
383.8	0.444188
384	0.443877
384.2	0.443575
384.4	0.44328
384.6	0.442993
384.8	0.442713
385	0.44244
385.2	0.442174
385.4	0.441915
385.6	0.441662
385.8	0.441415
386	0.441174
386.2	0.440938
386.4	0.440709
386.6	0.440484
386.8	0.440265
387	0.44005
387.2	0.439841
387.4	0.439637
387.6	0.439438
387.8	0.439243
388	0.439053
388.2	0.438868
388.4	0.438688
388.6	0.438513
388.8	0.438343
389	0.438178
389.2	0.438019
389.4	0.437865
389.6	0.437718
389.8	0.437578
390	0.437447
390.2	0.437325
390.4	0.437217
390.6	0.437127
390.8	0.437069
391	0.4371
391.2	0.438126
391.4	0.451816
391.6	0.46821
391.8	0.475843
392	0.478073
392.2	0.478563
392.4	0.478513
392.6	0.478259
392.8	0.477893
393	0.477464
393.2	0.477008
393.4	0.476544
393.6	0.476085
393.8	0.475635
394	0.475197
394.2	0.474771
394.4	0.474358
394.6	0.473957
394.8	0.473568
395	0.473189
395.2	0.472822
395.4	0.472464
395.6	0.472116
395.8	0.471777
396	0.471447
396.2	0.471125
396.4	0.470811
396.6	0.470505
396.8	0.470206
397	0.469914
397.2	0.469628
397.4	0.469349
397.6	0.469076
397.8	0.46881
398	0.468549
398.2	0.468293
398.4	0.468043
398.6	0.467798
398.8	0.467558
399	0.467324
399.2	0.467094
399.4	0.466869
399.6	0.466649
399.8	0.466433
400	0.466222
400.2	0.466016
400.4	0.465814
400.6	0.465618
400.8	0.465426
401	0.465239
401.2	0.465057
401.4	0.46488
401.6	0.46471
401.8	0.464546
402	0.464389
402.2	0.46424
402.4	0.464102
402.6	0.463978
402.8	0.463874
403	0.463809
403.2	0.463868
403.4	0.466372
403.6	0.48237
403.8	0.496409
404	0.502112
404.2	0.503683
404.4	0.503973
404.6	0.503844
404.8	0.50354
405	0.50313
405.2	0.502663
405.4	0.502173
405.6	0.501679
405.8	0.501191
406	0.500713
406.2	0.500248
406.4	0.499796
406.6	0.499357
406.8	0.498931
407	0.498516
407.2	0.498113
407.4	0.497721
407.6	0.49734
407.8	0.496968
408	0.496605
408.2	0.496252
408.4	0.495906
408.6	0.495569
408.8	0.49524
409	0.494918
409.2	0.494604
409.4	0.494296
409.6	0.493994
409.8	0.493699
410	0.49341
410.2	0.493126
410.4	0.492849
410.6	0.492576
410.8	0.492309
411	0.492048
411.2	0.491791
411.4	0.491539
411.6	0.491292
411.8	0.491049
412	0.490811
412.2	0.490578
412.4	0.490349
412.6	0.490125
412.8	0.489905
413	0.48969
413.2	0.489479
413.4	0.489273
413.6	0.489072
413.8	0.488877
414	0.488686
414.2	0.488502
414.4	0.488325
414.6	0.488155
414.8	0.487994
415	0.487844
415.2	0.487711
415.4	0.487604
415.6	0.487555
415.8	0.487859
416	0.496254
416.2	0.512673
416.4	0.522074
416.6	0.525127
416.8	0.525862
417	0.525882
417.2	0.52564
417.4	0.52526
417.6	0.524795
417.8	0.524291
418	0.523772
418.2	0.523256
418.4	0.522748
418.6	0.522252
418.8	0.521769
419	0.5213
419.2	0.520844
419.4	0.5204
419.6	0.519969
419.8	0.519549
420	0.51914
420.2	0.518741
420.4	0.518353
420.6	0.517973
420.8	0.517603
421	0.517241
421.2	0.516887
421.4	0.516541
421.6	0.516202
421.8	0.51587
422	0.515545
422.2	0.515227
422.4	0.514914
422.6	0.514608
422.8	0.514308
423	0.514013
423.2	0.513724
423.4	0.513439
423.6	0.51316
423.8	0.512886
424	0.512617
424.2	0.512352
424.4	0.512092
424.6	0.511837
424.8	0.511586
425	0.511339
425.2	0.511097
425.4	0.510859
425.6	0.510626
425.8	0.510397
426	0.510172
426.2	0.509952
426.4	0.509737
426.6	0.509527
426.8	0.509323
427	0.509124
427.2	0.508932
427.4	0.508747
427.6	0.508571
427.8	0.508407
428	0.508258
428.2	0.508135
428.4	0.508069
428.6	0.508331
428.8	0.516171
429	0.531959
429.2	0.541097
429.4	0.544079
429.6	0.544793
429.8	0.544801
430	0.544547
430.2	0.544152
430.4	0.54367
430.6	0.543145
430.8	0.542606
431	0.542068
431.2	0.541538
431.4	0.541022
431.6	0.540518
431.8	0.540029
432	0.539552
432.2	0.539089
432.4	0.538638
432.6	0.538199
432.8	0.537771
433	0.537353
433.2	0.536946
433.4	0.536548
433.6	0.536159
433.8	0.535779
434	0.535407
434.2	0.535043
434.4	0.534687
434.6	0.534337
434.8	0.533995
435	0.533659
435.2	0.533329
435.4	0.533006
435.6	0.532688
435.8	0.532377
436	0.53207
436.2	0.531769
436.4	0.531473
436.6	0.531182
436.8	0.530895
437	0.530614
437.2	0.530336
437.4	0.530064
437.6	0.529796
437.8	0.529532
438	0.529272
438.2	0.529017
438.4	0.528766
438.6	0.528519
438.8	0.528277
439	0.528039
439.2	0.527805
439.4	0.527577
439.6	0.527353
439.8	0.527134
440	0.526921
440.2	0.526714
440.4	0.526514
440.6	0.526322
440.8	0.52614
441	0.525972
441.2	0.525825
441.4	0.525717
441.6	0.525746
441.8	0.528735
442	0.543321
442.2	0.554974
442.4	0.559466
442.6	0.560656
442.8	0.560817
443	0.560622
443.2	0.560258
443.4	0.559787
443.6	0.559257
443.8	0.558704
444	0.558147
444.2	0.557598
444.4	0.55706
444.6	0.556535
444.8	0.556024
445	0.555527
445.2	0.555043
445.4	0.554572
445.6	0.554113
445.8	0.553665
446	0.553229
446.2	0.552803
446.4	0.552386
446.6	0.551979
446.8	0.551581
447	0.551192
447.2	0.55081
447.4	0.550437
447.6	0.55007
447.8	0.549711
448	0.549358
448.2	0.549012
448.4	0.548672
448.6	0.548339
448.8	0.54801
449	0.547688
449.2	0.547371
449.4	0.547059
449.6	0.546752
449.8	0.546449
450	0.546152
450.2	0.545859
450.4	0.545571
450.6	0.545287
450.8	0.545007
451	0.544732
451.2	0.544461
451.4	0.544194
451.6	0.543931
451.8	0.543672
452	0.543418
452.2	0.543168
452.4	0.542922
452.6	0.54268
452.8	0.542444
453	0.542212
453.2	0.541986
453.4	0.541765
453.6	0.541551
453.8	0.541344
454	0.541146
454.2	0.54096
454.4	0.54079
454.6	0.540647
454.8	0.540567
455	0.540946
455.2	0.549893
455.4	0.564187
455.6	0.571722
455.8	0.574055
456	0.574569
456.2	0.574501
456.4	0.574202
456.6	0.573766
456.8	0.573246
457	0.572686
457.2	0.572114
457.4	0.571545
457.6	0.570985
457.8	0.570438
458	0.569905
458.2	0.569386
458.4	0.56888
458.6	0.568389
458.8	0.567909
459	0.567442
459.2	0.566986
459.4	0.566541
459.6	0.566106
459.8	0.565681
460	0.565265
460.2	0.564858
460.4	0.564459
460.6	0.564069
460.8	0.563686
461	0.56331
461.2	0.562941
461.4	0.562579
461.6	0.562223
461.8	0.561874
462	0.56153
462.2	0.561192
462.4	0.56086
462.6	0.560533
462.8	0.560211
463	0.559894
463.2	0.559581
463.4	0.559274
463.6	0.558971
463.8	0.558672
464	0.558378
464.2	0.558088
464.4	0.557802
464.6	0.55752
464.8	0.557242
465	0.556969
465.2	0.5567
465.4	0.556434
465.6	0.556173
465.8	0.555916
466	0.555663
466.2	0.555415
466.4	0.555172
466.6	0.554933
466.8	0.5547
467	0.554473
467.2	0.554253
467.4	0.55404
467.6	0.553838
467.8	0.553648
468	0.553477
468.2	0.553342
468.4	0.553317
468.6	0.555261
468.8	0.568493
469	0.580268
469.2	0.585085
469.4	0.5864
469.6	0.586596
469.8	0.586407
470	0.586037
470.2	0.58555
470.4	0.584996
470.6	0.584414
470.8	0.583827
471	0.583246
471.2	0.582677
471.4	0.582121
471.6	0.581579
471.8	0.581052
472	0.580538
472.2	0.580038
472.4	0.579551
472.6	0.579075
472.8	0.578611
473	0.578157
473.2	0.577714
473.4	0.57728
473.6	0.576855
473.8	0.57644
474	0.576032
474.2	0.575633
474.4	0.575241
474.6	0.574856
474.8	0.574479
475	0.574108
475.2	0.573743
475.4	0.573385
475.6	0.573032
475.8	0.572685
476	0.572343
476.2	0.572007
476.4	0.571676
476.6	0.57135
476.8	0.571028
477	0.570711
477.2	0.570399
477.4	0.570091
477.6	0.569787
477.8	0.569487
478	0.569192
478.2	0.568901
478.4	0.568613
478.6	0.56833
478.8	0.568051
479	0.567776
479.2	0.567504
479.4	0.567237
479.6	0.566974
479.8	0.566716
480	0.566462
480.2	0.566212
480.4	0.565968
480.6	0.565729
480.8	0.565497
481	0.565271
481.2	0.565054
481.4	0.564847
481.6	0.564655
481.8	0.564486
482	0.564364
482.2	0.564466
482.4	0.569876
482.6	0.583837
482.8	0.592687
483	0.595699
483.2	0.596423
483.4	0.596423
483.6	0.59615
483.8	0.595724
484	0.595198
484.2	0.594621
484.4	0.594027
484.6	0.593432
484.8	0.592845
485	0.592271
485.2	0.591711
485.4	0.591166
485.6	0.590634
485.8	0.590117
486	0.589612
486.2	0.58912
486.4	0.588639
486.6	0.58817
486.8	0.587711
487	0.587263
487.2	0.586823
487.4	0.586393
487.6	0.585972
487.8	0.585559
488	0.585154
488.2	0.584756
488.4	0.584365
488.6	0.583981
488.8	0.583604
489	0.583233
489.2	0.582868
489.4	0.582509
489.6	0.582155
489.8	0.581807
490	0.581464
490.2	0.581126
490.4	0.580793
490.6	0.580465
490.8	0.580141
491	0.579822
491.2	0.579507
491.4	0.579196
491.6	0.578889
491.8	0.578586
492	0.578288
492.2	0.577993
492.4	0.577703
492.6	0.577416
492.8	0.577133
493	0.576854
493.2	0.57658
493.4	0.576309
493.6	0.576042
493.8	0.57578
494	0.575523
494.2	0.57527
494.4	0.575023
494.6	0.574781
494.8	0.574547
495	0.57432
495.2	0.574102
495.4	0.573897
495.6	0.573711
495.8	0.573558
496	0.573508
496.2	0.575141
496.4	0.587546
496.6	0.598979
496.8	0.603737
497	0.605042
497.2	0.605232
497.4	0.605036
497.6	0.604656
497.8	0.604153
498	0.603581
498.2	0.602979
498.4	0.602371
498.6	0.601769
498.8	0.601178
499	0.600601
499.2	0.600039
499.4	0.599491
499.6	0.598958
499.8	0.598438
500	0.59793
500.2	0.597435
500.4	0.596952
500.6	0.596479
500.8	0.596017
501	0.595565
501.2	0.595122
501.4	0.594688
501.6	0.594262
501.8	0.593845
502	0.593435
502.2	0.593033
502.4	0.592638
502.6	0.592249
502.8	0.591867
503	0.591491
503.2	0.591121
503.4	0.590757
503.6	0.590398
503.8	0.590045
504	0.589697
504.2	0.589353
504.4	0.589015
504.6	0.588681
504.8	0.588351
505	0.588026
505.2	0.587705
505.4	0.587389
505.6	0.587076
505.8	0.586768
506	0.586463
506.2	0.586162
506.4	0.585866
506.6	0.585573
506.8	0.585284
507	0.584999
507.2	0.584718
507.4	0.584441
507.6	0.584168
507.8	0.583899
508	0.583635
508.2	0.583376
508.4	0.583121
508.6	0.582873
508.8	0.58263
509	0.582396
509.2	0.58217
509.4	0.581956
509.6	0.581758
509.8	0.581588
510	0.58149
510.2	0.582039
510.4	0.59157
510.6	0.603965
510.8	0.609934
511	0.611685
511.2	0.612016
511.4	0.611872
511.6	0.611523
511.8	0.611039
512	0.610475
512.2	0.609873
512.4	0.60926
512.6	0.608652
512.8	0.608053
513	0.607468
513.2	0.606898
513.4	0.606342
513.6	0.605801
513.8	0.605272
514	0.604757
514.2	0.604254
514.4	0.603763
514.6	0.603283
514.8	0.602814
515	0.602354
515.2	0.601904
515.4	0.601463
515.6	0.60103
515.8	0.600605
516	0.600189
516.2	0.599779
516.4	0.599377
516.6	0.598982
516.8	0.598593
517	0.59821
517.2	0.597834
517.4	0.597463
517.6	0.597097
517.8	0.596737
518	0.596382
518.2	0.596032
518.4	0.595687
518.6	0.595347
518.8	0.595011
519	0.594679
519.2	0.594352
519.4	0.594029
519.6	0.59371
519.8	0.593394
520	0.593083
520.2	0.592776
520.4	0.592473
520.6	0.592173
520.8	0.591878
521	0.591586
521.2	0.591298
521.4	0.591014
521.6	0.590734
521.8	0.590458
522	0.590186
522.2	0.589919
522.4	0.589657
522.6	0.5894
522.8	0.589149
523	0.588905
523.2	0.588668
523.4	0.588441
523.6	0.588227
523.8	0.588031
524	0.587871
524.2	0.587825
524.4	0.589878
524.6	0.602294
524.8	0.612892
525	0.617133
525.2	0.618266
525.4	0.6184
525.6	0.618177
525.8	0.617776
526	0.617254
526.2	0.616665
526.4	0.616048
526.6	0.615425
526.8	0.614808
527	0.614204
527.2	0.613614
527.4	0.613038
527.6	0.612477
527.8	0.611931
528	0.611398
528.2	0.610878
528.4	0.61037
528.6	0.609874
528.8	0.609389
529	0.608914
529.2	0.60845
529.4	0.607994
529.6	0.607548
529.8	0.607111
530	0.606681
530.2	0.60626
530.4	0.605845
530.6	0.605438
530.8	0.605038
531	0.604644
531.2	0.604256
531.4	0.603875
531.6	0.603499
531.8	0.603128
532	0.602763
532.2	0.602403
532.4	0.602048
532.6	0.601698
532.8	0.601352
533	0.601011
533.2	0.600674
533.4	0.600341
533.6	0.600013
533.8	0.599689
534	0.599369
534.2	0.599052
534.4	0.59874
534.6	0.598431
534.8	0.598126
535	0.597825
535.2	0.597528
535.4	0.597234
535.6	0.596945
535.8	0.596659
536	0.596378
536.2	0.5961
536.4	0.595827
536.6	0.595559
536.8	0.595296
537	0.595038
537.2	0.594786
537.4	0.594542
537.6	0.594306
537.8	0.594082
538	0.593873
538.2	0.59369
538.4	0.593567
538.6	0.593869
538.8	0.601801
539	0.614423
539.2	0.621059
539.4	0.623105
539.6	0.623529
539.8	0.623417
540	0.623081
540.2	0.6226
540.4	0.62203
540.6	0.621416
540.8	0.620789
541	0.620164
541.2	0.619549
541.4	0.618948
541.6	0.618361
541.8	0.617789
542	0.617232
542.2	0.616688
542.4	0.616158
542.6	0.61564
542.8	0.615135
543	0.61464
543.2	0.614157
543.4	0.613683
543.6	0.613219
543.8	0.612765
544	0.612319
544.2	0.611882
544.4	0.611452
544.6	0.61103
544.8	0.610616
545	0.610208
545.2	0.609807
545.4	0.609412
545.6	0.609023
545.8	0.60864
546	0.608263
546.2	0.607891
546.4	0.607524
546.6	0.607163
546.8	0.606806
547	0.606454
547.2	0.606106
547.4	0.605763
547.6	0.605424
547.8	0.60509
548	0.604759
548.2	0.604433
548.4	0.60411
548.6	0.603791
548.8	0.603476
549	0.603165
549.2	0.602858
549.4	0.602554
549.6	0.602255
549.8	0.601959
550	0.601666
550.2	0.601378
550.4	0.601094
550.6	0.600814
550.8	0.600538
551	0.600267
551.2	0.600002
551.4	0.599741
551.6	0.599487
551.8	0.599241
552	0.599003
552.2	0.598777
552.4	0.598567
552.6	0.598385
552.8	0.598275
553	0.59883
553.2	0.608152
553.4	0.619972
553.6	0.625601
553.8	0.627239
554	0.627533
554.2	0.627373
554.4	0.627008
554.6	0.626509
554.8	0.625927
555	0.625308
555.2	0.624678
555.4	0.624052
555.6	0.623436
555.8	0.622835
556	0.622247
556.2	0.621675
556.4	0.621117
556.6	0.620573
556.8	0.620042
557	0.619523
557.2	0.619016
557.4	0.618521
557.6	0.618036
557.8	0.617561
558	0.617096
558.2	0.616639
558.4	0.616192
558.6	0.615753
558.8	0.615321
559	0.614897
559.2	0.614481
559.4	0.614071
559.6	0.613668
559.8	0.613271
560	0.61288
560.2	0.612495
560.4	0.612115
560.6	0.611741
560.8	0.611372
561	0.611008
561.2	0.610648
561.4	0.610294
561.6	0.609944
561.8	0.609598
562	0.609257
562.2	0.608919
562.4	0.608586
562.6	0.608257
562.8	0.607931
563	0.60761
563.2	0.607292
563.4	0.606978
563.6	0.606668
563.8	0.606362
564	0.606059
564.2	0.60576
564.4	0.605465
564.6	0.605174
564.8	0.604886
565	0.604603
565.2	0.604325
565.4	0.604051
565.6	0.603782
565.8	0.603518
566	0.603261
566.2	0.60301
566.4	0.602769
566.6	0.602538
566.8	0.602323
567	0.602134
567.2	0.602005
567.4	0.60231
567.6	0.610187
567.8	0.622495
568	0.628914
568.2	0.630882
568.4	0.631281
568.6	0.631159
568.8	0.630815
569	0.630326
569.2	0.629747
569.4	0.629125
569.6	0.628489
569.8	0.627856
570	0.627232
570.2	0.626623
570.4	0.626028
570.6	0.625448
570.8	0.624882
571	0.624331
571.2	0.623793
571.4	0.623267
571.6	0.622754
571.8	0.622252
572	0.621761
572.2	0.62128
572.4	0.620809
572.6	0.620347
572.8	0.619894
573	0.619449
573.2	0.619012
573.4	0.618583
573.6	0.618161
573.8	0.617746
574	0.617338
574.2	0.616936
574.4	0.61654
574.6	0.61615
574.8	0.615766
575	0.615387
575.2	0.615014
575.4	0.614645
575.6	0.614281
575.8	0.613922
576	0.613567
576.2	0.613217
576.4	0.612872
576.6	0.61253
576.8	0.612192
577	0.611859
577.2	0.611529
577.4	0.611203
577.6	0.610881
577.8	0.610563
578	0.610249
578.2	0.609938
578.4	0.609631
578.6	0.609327
578.8	0.609028
579	0.608732
579.2	0.60844
579.4	0.608152
579.6	0.607869
579.8	0.607589
580	0.607315
580.2	0.607046
580.4	0.606782
580.6	0.606525
580.8	0.606276
581	0.606036
581.2	0.605809
581.4	0.6056
581.6	0.605425
581.8	0.605358
582	0.607185
582.2	0.618977
582.4	0.629241
582.6	0.63339
582.8	0.634501
583	0.634626
583.2	0.634395
583.4	0.633984
583.6	0.633448
583.8	0.632842
584	0.632207
584.2	0.631565
584.4	0.63093
584.6	0.630307
584.8	0.629698
585	0.629104
585.2	0.628525
585.4	0.627961
585.6	0.62741
585.8	0.626873
586	0.626348
586.2	0.625835
586.4	0.625333
586.6	0.624842
586.8	0.624361
587	0.62389
587.2	0.623428
587.4	0.622974
587.6	0.622529
587.8	0.622092
588	0.621662
588.2	0.621239
588.4	0.620823
588.6	0.620414
588.8	0.620011
589	0.619614
589.2	0.619223
589.4	0.618837
589.6	0.618457
589.8	0.618082
590	0.617712
590.2	0.617346
590.4	0.616986
590.6	0.61663
590.8	0.616278
591	0.615931
591.2	0.615587
591.4	0.615248
591.6	0.614913
591.8	0.614581
592	0.614254
592.2	0.61393
592.4	0.61361
592.6	0.613293
592.8	0.612981
593	0.612672
593.2	0.612366
593.4	0.612065
593.6	0.611767
593.8	0.611473
594	0.611183
594.2	0.610897
594.4	0.610616
594.6	0.61034
594.8	0.610069
595	0.609803
595.2	0.609544
595.4	0.609292
595.6	0.60905
595.8	0.608821
596	0.60861
596.2	0.608433
596.4	0.608365
596.6	0.610214
596.8	0.621945
597	0.632095
597.2	0.636185
597.4	0.637278
597.6	0.637396
597.8	0.637162
598	0.636747
598.2	0.636208
598.4	0.635599
598.6	0.63496
598.8	0.634316
599	0.633678
599.2	0.633051
599.4	0.63244
599.6	0.631843
599.8	0.631261
600	0.630694
600.2	0.63014
600.4	0.6296
600.6	0.629073
600.8	0.628557
601	0.628052
601.2	0.627559
601.4	0.627075
601.6	0.626601
601.8	0.626136
602	0.62568
602.2	0.625232
602.4	0.624792
602.6	0.624359
602.8	0.623934
603	0.623516
603.2	0.623104
603.4	0.622698
603.6	0.622299
603.8	0.621905
604	0.621517
604.2	0.621134
604.4	0.620757
604.6	0.620384
604.8	0.620016
605	0.619653
605.2	0.619295
605.4	0.61894
605.6	0.61859
605.8	0.618244
606	0.617903
606.2	0.617565
606.4	0.617231
606.6	0.616901
606.8	0.616574
607	0.616252
607.2	0.615933
607.4	0.615617
607.6	0.615306
607.8	0.614998
608	0.614694
608.2	0.614393
608.4	0.614096
608.6	0.613804
608.8	0.613515
609	0.613231
609.2	0.612952
609.4	0.612677
609.6	0.612408
609.8	0.612145
610	0.61189
610.2	0.611643
610.4	0.611408
610.6	0.61119
610.8	0.610999
611	0.610881
611.2	0.611466
611.4	0.620734
611.6	0.632085
611.8	0.637412
612	0.638948
612.2	0.639209
612.4	0.639033
612.6	0.638657
612.8	0.638144
613	0.637548
613.2	0.636916
613.4	0.636272
613.6	0.635633
613.8	0.635005
614	0.63439
614.2	0.633791
614.4	0.633206
614.6	0.632635
614.8	0.632079
615	0.631536
615.2	0.631006
615.4	0.630487
615.6	0.62998
615.8	0.629483
616	0.628997
616.2	0.62852
616.4	0.628053
616.6	0.627594
616.8	0.627144
617	0.626701
617.2	0.626267
617.4	0.625839
617.6	0.625418
617.8	0.625004
618	0.624596
618.2	0.624195
618.4	0.623799
618.6	0.623408
618.8	0.623023
619	0.622644
619.2	0.622269
619.4	0.621899
619.6	0.621534
619.8	0.621173
620	0.620817
620.2	0.620465
620.4	0.620117
620.6	0.619773
620.8	0.619433
621	0.619097
621.2	0.618765
621.4	0.618437
621.6	0.618112
621.8	0.617791
622	0.617473
622.2	0.61716
622.4	0.616849
622.6	0.616543
622.8	0.61624
623	0.615942
623.2	0.615647
623.4	0.615356
623.6	0.615069
623.8	0.614787
624	0.61451
624.2	0.614239
624.4	0.613973
624.6	0.613714
624.8	0.613464
625	0.613224
625.2	0.612999
625.4	0.612798
625.6	0.612649
625.8	0.612797
626	0.619148
626.2	0.631526
626.4	0.638585
626.6	0.640862
626.8	0.641361
627	0.641274
627.2	0.640944
627.4	0.640462
627.6	0.63988
627.8	0.639248
628	0.6386
628.2	0.637953
628.4	0.637316
628.6	0.636691
628.8	0.636082
629	0.635488
629.2	0.634909
629.4	0.634344
629.6	0.633792
629.8	0.633254
630	0.632728
630.2	0.632213
630.4	0.63171
630.6	0.631217
630.8	0.630733
631	0.63026
631.2	0.629795
631.4	0.629339
631.6	0.628891
631.8	0.628451
632	0.628018
632.2	0.627592
632.4	0.627173
632.6	0.62676
632.8	0.626354
633	0.625953
633.2	0.625558
633.4	0.625169
633.6	0.624785
633.8	0.624406
634	0.624032
634.2	0.623663
634.4	0.623298
634.6	0.622938
634.8	0.622582
635	0.62223
635.2	0.621883
635.4	0.621539
635.6	0.6212
635.8	0.620864
636	0.620532
636.2	0.620203
636.4	0.619879
636.6	0.619558
636.8	0.61924
637	0.618927
637.2	0.618617
637.4	0.61831
637.6	0.618008
637.8	0.617709
638	0.617414
638.2	0.617123
638.4	0.616837
638.6	0.616555
638.8	0.616279
639	0.616008
639.2	0.615743
639.4	0.615485
639.6	0.615237
639.8	0.615
640	0.61478
640.2	0.61459
640.4	0.614478
640.6	0.615256
640.8	0.625156
641	0.636135
641.2	0.64108
641.4	0.642477
641.6	0.642693
641.8	0.642499
642	0.642109
642.2	0.641586
642.4	0.640983
642.6	0.640344
642.8	0.639696
643	0.639052
643.2	0.63842
643.4	0.637802
643.6	0.637198
643.8	0.63661
644	0.636036
644.2	0.635476
644.4	0.63493
644.6	0.634396
644.8	0.633874
645	0.633363
645.2	0.632864
645.4	0.632374
645.6	0.631894
645.8	0.631423
646	0.630962
646.2	0.630508
646.4	0.630062
646.6	0.629624
646.8	0.629193
647	0.62877
647.2	0.628352
647.4	0.627941
647.6	0.627537
647.8	0.627137
648	0.626744
648.2	0.626356
648.4	0.625973
648.6	0.625595
648.8	0.625222
649	0.624854
649.2	0.62449
649.4	0.624131
649.6	0.623776
649.8	0.623425
650	0.623078
650.2	0.622735
650.4	0.622396
650.6	0.62206
650.8	0.621729
651	0.621401
651.2	0.621077
651.4	0.620756
651.6	0.620439
651.8	0.620126
652	0.619816
652.2	0.61951
652.4	0.619208
652.6	0.618909
652.8	0.618615
653	0.618325
653.2	0.618039
653.4	0.617758
653.6	0.617483
653.8	0.617213
654	0.616949
654.2	0.616694
654.4	0.616448
654.6	0.616215
654.8	0.616002
655	0.615827
655.2	0.615789
655.4	0.61863
655.6	0.630557
655.8	0.639562
656	0.642914
656.2	0.643758
656.4	0.64379
656.6	0.643519
656.8	0.643078
657	0.642521
657.2	0.641901
657.4	0.641255
657.6	0.640607
657.8	0.639965
658	0.639336
658.2	0.638721
658.4	0.638122
658.6	0.637537
658.8	0.636967
659	0.636411
659.2	0.635867
659.4	0.635336
659.6	0.634817
659.8	0.634309
660	0.633812
660.2	0.633324
660.4	0.632847
660.6	0.632378
660.8	0.631918
661	0.631466
661.2	0.631022
661.4	0.630585
661.6	0.630155
661.8	0.629733
662	0.629317
662.2	0.628907
662.4	0.628503
662.6	0.628105
662.8	0.627712
663	0.627325
663.2	0.626942
663.4	0.626565
663.6	0.626193
663.8	0.625825
664	0.625462
664.2	0.625103
664.4	0.624748
664.6	0.624397
664.8	0.62405
665	0.623708
665.2	0.623369
665.4	0.623034
665.6	0.622702
665.8	0.622375
666	0.622051
666.2	0.62173
666.4	0.621413
666.6	0.6211
666.8	0.620791
667	0.620485
667.2	0.620183
667.4	0.619885
667.6	0.619591
667.8	0.619301
668	0.619015
668.2	0.618735
668.4	0.61846
668.6	0.61819
668.8	0.617928
669	0.617673
669.2	0.617429
669.4	0.617199
669.6	0.616992
669.8	0.616831
670	0.616894
670.2	0.621978
670.4	0.634273
670.6	0.64187
670.8	0.644419
671	0.645004
671.2	0.644947
671.4	0.644633
671.6	0.64416
671.8	0.643583
672	0.642952
672.2	0.642302
672.4	0.641651
672.6	0.64101
672.8	0.640381
673	0.639768
673.2	0.639169
673.4	0.638585
673.6	0.638016
673.8	0.63746
674	0.636918
674.2	0.636388
674.4	0.635869
674.6	0.635361
674.8	0.634864
675	0.634377
675.2	0.6339
675.4	0.633431
675.6	0.632971
675.8	0.632519
676	0.632075
676.2	0.631639
676.4	0.631209
676.6	0.630786
676.8	0.63037
677	0.62996
677.2	0.629556
677.4	0.629157
677.6	0.628765
677.8	0.628377
678	0.627995
678.2	0.627617
678.4	0.627244
678.6	0.626876
678.8	0.626512
679	0.626153
679.2	0.625798
679.4	0.625447
679.6	0.6251
679.8	0.624756
680	0.624417
680.2	0.624081
680.4	0.623749
680.6	0.623421
680.8	0.623097
681	0.622776
681.2	0.622458
681.4	0.622145
681.6	0.621835
681.8	0.621528
682	0.621226
682.2	0.620927
682.4	0.620632
682.6	0.620342
682.8	0.620056
683	0.619775
683.2	0.619499
683.4	0.619229
683.6	0.618966
683.8	0.618711
684	0.618467
684.2	0.618237
684.4	0.61803
684.6	0.617871
684.8	0.617958
685	0.623452
685.2	0.635726
685.4	0.643092
685.6	0.645529
685.8	0.64608
686	0.64601
686.2	0.645688
686.4	0.64521
686.6	0.644629
686.8	0.643995
687	0.643342
687.2	0.64269
687.4	0.642047
687.6	0.641417
687.8	0.640802
688	0.640202
688.2	0.639618
688.4	0.639047
688.6	0.63849
688.8	0.637946
689	0.637415
689.2	0.636895
689.4	0.636387
689.6	0.635889
689.8	0.635401
690	0.634922
690.2	0.634452
690.4	0.633991
690.6	0.633538
690.8	0.633093
691	0.632656
691.2	0.632225
691.4	0.631801
691.6	0.631384
691.8	0.630973
692	0.630568
692.2	0.630168
692.4	0.629775
692.6	0.629386
692.8	0.629003
693	0.628624
693.2	0.62825
693.4	0.627881
693.6	0.627517
693.8	0.627156
694	0.6268
694.2	0.626448
694.4	0.6261
694.6	0.625756
694.8	0.625415
695	0.625079
695.2	0.624746
695.4	0.624417
695.6	0.624091
695.8	0.623769
696	0.623451
696.2	0.623136
696.4	0.622825
696.6	0.622518
696.8	0.622214
697	0.621914
697.2	0.621618
697.4	0.621327
697.6	0.62104
697.8	0.620758
698	0.62048
698.2	0.620209
698.4	0.619945
698.6	0.619688
698.8	0.619442
699	0.619209
699.2	0.618998
699.4	0.618831
699.6	0.618852
699.8	0.623141
700	0.635279
700.2	0.643101
700.4	0.645763
700.6	0.646375
700.8	0.646319
701	0.645996
701.2	0.645498
701.4	0.644873
701.6	0.644168
701.8	0.643417
702	0.64264
702.2	0.641845
702.4	0.641039
702.6	0.640222
702.8	0.639397
703	0.638565
703.2	0.637724
703.4	0.636877
703.6	0.636023
703.8	0.635163
704	0.634295
704.2	0.633422
704.4	0.632542
704.6	0.631657
704.8	0.630766
705	0.629869
705.2	0.628968
705.4	0.62806
705.6	0.627148
705.8	0.626231
706	0.62531
706.2	0.624383
706.4	0.623453
706.6	0.622518
706.8	0.62158
707	0.620637
707.2	0.619691
707.4	0.618741
707.6	0.617788
707.8	0.616831
708	0.615872
708.2	0.614909
708.4	0.613943
708.6	0.612975
708.8	0.612005
709	0.611031
709.2	0.610056
709.4	0.609078
709.6	0.608098
709.8	0.607116
710	0.606133
710.2	0.605147
710.4	0.60416
710.6	0.603172
710.8	0.602182
711	0.601191
711.2	0.600198
711.4	0.599205
711.6	0.59821
711.8	0.597214
712	0.596218
712.2	0.595221
712.4	0.594223
712.6	0.593225
712.8	0.592226
713	0.591227
713.2	0.590227
713.4	0.589227
713.6	0.588227
713.8	0.587227
714	0.586227
714.2	0.585227
714.4	0.584226
714.6	0.583226
714.8	0.582227
715	0.581227
715.2	0.580228
715.4	0.579229
715.6	0.578231
715.8	0.577233
716	0.576235
716.2	0.575239
716.4	0.574243
716.6	0.573247
716.8	0.572252
717	0.571258
717.2	0.570265
717.4	0.569273
717.6	0.568282
717.8	0.567291
718	0.566302
718.2	0.565313
718.4	0.564326
718.6	0.563339
718.8	0.562354
719	0.56137
719.2	0.560387
719.4	0.559405
719.6	0.558425
719.8	0.557446
720	0.556468
720.2	0.555491
720.4	0.554516
720.6	0.553542
720.8	0.552569
721	0.551598
721.2	0.550628
721.4	0.54966
721.6	0.548693
721.8	0.547728
722	0.546764
722.2	0.545802
722.4	0.544841
722.6	0.543882
722.8	0.542924
723	0.541968
723.2	0.541014
723.4	0.540061
723.6	0.53911
723.8	0.53816
724	0.537212
724.2	0.536266
724.4	0.535322
724.6	0.534379
724.8	0.533438
725	0.532498
725.2	0.53156
725.4	0.530625
725.6	0.52969
725.8	0.528758
726	0.527827
726.2	0.526898
726.4	0.525971
726.6	0.525045
726.8	0.524121
727	0.5232
727.2	0.522279
727.4	0.521361
727.6	0.520445
727.8	0.51953
728	0.518617
728.2	0.517706
728.4	0.516796
728.6	0.515889
728.8	0.514983
729	0.51408
729.2	0.513178
729.4	0.512277
729.6	0.511379
729.8	0.510483
730	0.509588
730.2	0.508695
730.4	0.507804
730.6	0.506915
730.8	0.506028
731	0.505142
731.2	0.504259
731.4	0.503377
731.6	0.502497
731.8	0.501619
732	0.500743
732.2	0.499868
732.4	0.498996
732.6	0.498125
732.8	0.497256
733	0.496389
733.2	0.495524
733.4	0.49466
733.6	0.493799
733.8	0.492939
734	0.492081
734.2	0.491225
734.4	0.490371
734.6	0.489519
734.8	0.488668
735	0.48782
735.2	0.486973
735.4	0.486128
735.6	0.485285
735.8	0.484443
736	0.483604
736.2	0.482766
736.4	0.48193
736.6	0.481096
736.8	0.480264
737	0.479433
737.2	0.478604
737.4	0.477777
737.6	0.476952
737.8	0.476129
738	0.475307
738.2	0.474488
738.4	0.47367
738.6	0.472854
738.8	0.472039
739	0.471226
739.2	0.470416
739.4	0.469606
739.6	0.468799
739.8	0.467994
740	0.46719
740.2	0.466388
740.4	0.465587
740.6	0.464789
740.8	0.463992
741	0.463197
741.2	0.462404
741.4	0.461612
741.6	0.460822
741.8	0.460034
742	0.459248
742.2	0.458463
742.4	0.45768
742.6	0.456899
742.8	0.456119
743	0.455341
743.2	0.454565
743.4	0.453791
743.6	0.453018
743.8	0.452247
744	0.451477
744.2	0.45071
744.4	0.449944
744.6	0.449179
744.8	0.448417
745	0.447655
745.2	0.446896
745.4	0.446138
745.6	0.445382
745.8	0.444628
746	0.443875
746.2	0.443124
746.4	0.442375
746.6	0.441627
746.8	0.440881
747	0.440136
747.2	0.439393
747.4	0.438652
747.6	0.437912
747.8	0.437174
748	0.436437
748.2	0.435702
748.4	0.434969
748.6	0.434237
748.8	0.433507
749	0.432779
749.2	0.432052
749.4	0.431326
749.6	0.430602
749.8	0.42988
750	0.429159
750.2	0.42844
750.4	0.427723
750.6	0.427007
750.8	0.426292
751	0.425579
751.2	0.424868
751.4	0.424158
751.6	0.42345
751.8	0.422743
752	0.422038
752.2	0.421334
752.4	0.420632
752.6	0.419932
752.8	0.419232
753	0.418535
753.2	0.417839
753.4	0.417144
753.6	0.416451
753.8	0.415759
754	0.415069
754.2	0.41438
754.4	0.413693
754.6	0.413007
754.8	0.412323
755	0.41164
755.2	0.410959
755.4	0.410279
755.6	0.409601
755.8	0.408924
756	0.408248
756.2	0.407574
756.4	0.406902
756.6	0.40623
756.8	0.405561
757	0.404892
757.2	0.404226
757.4	0.40356
757.6	0.402896
757.8	0.402233
758	0.401572
758.2	0.400912
758.4	0.400254
758.6	0.399597
758.8	0.398942
759	0.398287
759.2	0.397635
759.4	0.396983
759.6	0.396333
759.8	0.395684
760	0.395037
760.2	0.394391
760.4	0.393747
760.6	0.393104
760.8	0.392462
761	0.391821
761.2	0.391182
761.4	0.390544
761.6	0.389908
761.8	0.389273
762	0.388639
762.2	0.388007
762.4	0.387376
762.6	0.386746
762.8	0.386118
763	0.385491
763.2	0.384865
763.4	0.384241
763.6	0.383617
763.8	0.382996
764	0.382375
764.2	0.381756
764.4	0.381138
764.6	0.380521
764.8	0.379906
765	0.379292
765.2	0.378679
765.4	0.378068
765.6	0.377458
765.8	0.376849
766	0.376241
766.2	0.375635
766.4	0.37503
766.6	0.374426
766.8	0.373823
767	0.373222
767.2	0.372622
767.4	0.372023
767.6	0.371426
767.8	0.370829
768	0.370234
768.2	0.36964
768.4	0.369048
768.6	0.368456
768.8	0.367866
769	0.367277
769.2	0.366689
769.4	0.366103
769.6	0.365518
769.8	0.364934
770	0.364351
770.2	0.363769
770.4	0.363189
770.6	0.362609
770.8	0.362031
771	0.361454
771.2	0.360879
771.4	0.360304
771.6	0.359731
771.8	0.359159
772	0.358588
772.2	0.358018
772.4	0.357449
772.6	0.356882
772.8	0.356316
773	0.355751
773.2	0.355187
773.4	0.354624
773.6	0.354062
773.8	0.353502
774	0.352942
774.2	0.352384
774.4	0.351827
774.6	0.351271
774.8	0.350716
775	0.350163
775.2	0.34961
775.4	0.349059
775.6	0.348508
775.8	0.347959
776	0.347411
776.2	0.346864
776.4	0.346319
776.6	0.345774
776.8	0.34523
777	0.344688
777.2	0.344146
777.4	0.343606
777.6	0.343067
777.8	0.342529
778	0.341992
778.2	0.341456
778.4	0.340921
778.6	0.340387
778.8	0.339855
779	0.339323
779.2	0.338792
779.4	0.338263
779.6	0.337735
779.8	0.337207
780	0.336681
780.2	0.336156
780.4	0.335632
780.6	0.335109
780.8	0.334587
781	0.334066
781.2	0.333546
781.4	0.333027
781.6	0.332509
781.8	0.331992
782	0.331476
782.2	0.330962
782.4	0.330448
782.6	0.329935
782.8	0.329424
783	0.328913
783.2	0.328403
783.4	0.327895
783.6	0.327387
783.8	0.326881
784	0.326375
784.2	0.325871
784.4	0.325367
784.6	0.324864
784.8	0.324363
785	0.323862
785.2	0.323363
785.4	0.322864
785.6	0.322367
785.8	0.32187
786	0.321375
786.2	0.32088
786.4	0.320387
786.6	0.319894
786.8	0.319402
787	0.318912
787.2	0.318422
787.4	0.317933
787.6	0.317445
787.8	0.316959
788	0.316473
788.2	0.315988
788.4	0.315504
788.6	0.315021
788.8	0.314539
789	0.314058
789.2	0.313578
789.4	0.313099
789.6	0.31262
789.8	0.312143
790	0.311667
790.2	0.311191
790.4	0.310717
790.6	0.310243
790.8	0.309771
791	0.309299
791.2	0.308828
791.4	0.308359
791.6	0.30789
791.8	0.307422
792	0.306955
792.2	0.306488
792.4	0.306023
792.6	0.305559
792.8	0.305095
793	0.304633
793.2	0.304171
793.4	0.303711
793.6	0.303251
793.8	0.302792
794	0.302334
794.2	0.301877
794.4	0.30142
794.6	0.300965
794.8	0.300511
795	0.300057
795.2	0.299604
795.4	0.299152
795.6	0.298701
795.8	0.298251
796	0.297802
796.2	0.297354
796.4	0.296906
796.6	0.29646
796.8	0.296014
797	0.295569
797.2	0.295125
797.4	0.294682
797.6	0.29424
797.8	0.293798
798	0.293358
798.2	0.292918
798.4	0.292479
798.6	0.292041
798.8	0.291604
799	0.291168
799.2	0.290732
799.4	0.290297
799.6	0.289864
799.8	0.289431
800	0.288998
800.2	0.288567
800.4	0.288137
800.6	0.287707
800.8	0.287278
801	0.28685
801.2	0.286423
801.4	0.285997
801.6	0.285571
801.8	0.285146
802	0.284722
802.2	0.284299
802.4	0.283877
802.6	0.283455
802.8	0.283035
803	0.282615
803.2	0.282196
803.4	0.281777
803.6	0.28136
803.8	0.280943
804	0.280527
804.2	0.280112
804.4	0.279698
804.6	0.279284
804.8	0.278871
805	0.278459
805.2	0.278048
805.4	0.277638
805.6	0.277228
805.8	0.276819
806	0.276411
806.2	0.276004
806.4	0.275597
806.6	0.275192
806.8	0.274787
807	0.274383
807.2	0.273979
807.4	0.273576
807.6	0.273174
807.8	0.272773
808	0.272373
808.2	0.271973
808.4	0.271574
808.6	0.271176
808.8	0.270779
809	0.270382
809.2	0.269986
809.4	0.269591
809.6	0.269197
809.8	0.268803
810	0.26841
810.2	0.268018
810.4	0.267626
810.6	0.267236
810.8	0.266846
811	0.266457
811.2	0.266068
811.4	0.26568
811.6	0.265293
811.8	0.264907
812	0.264521
812.2	0.264136
812.4	0.263752
812.6	0.263369
812.8	0.262986
813	0.262604
813.2	0.262223
813.4	0.261842
813.6	0.261462
813.8	0.261083
814	0.260705
814.2	0.260327
814.4	0.25995
814.6	0.259573
814.8	0.259198
815	0.258823
815.2	0.258449
815.4	0.258075
815.6	0.257702
815.8	0.25733
816	0.256959
816.2	0.256588
816.4	0.256218
816.6	0.255848
816.8	0.25548
817	0.255112
817.2	0.254744
817.4	0.254378
817.6	0.254012
817.8	0.253646
818	0.253282
818.2	0.252918
818.4	0.252554
818.6	0.252192
818.8	0.25183
819	0.251469
819.2	0.251108
819.4	0.250748
819.6	0.250389
819.8	0.25003
820	0.249672
820.2	0.249315
820.4	0.248958
820.6	0.248602
820.8	0.248247
821	0.247892
821.2	0.247538
821.4	0.247185
821.6	0.246832
821.8	0.24648
822	0.246129
822.2	0.245778
822.4	0.245428
822.6	0.245078
822.8	0.244729
823	0.244381
823.2	0.244034
823.4	0.243687
823.6	0.24334
823.8	0.242995
824	0.24265
824.2	0.242305
824.4	0.241962
824.6	0.241618
824.8	0.241276
825	0.240934
825.2	0.240593
825.4	0.240252
825.6	0.239912
825.8	0.239573
826	0.239234
826.2	0.238896
826.4	0.238558
826.6	0.238221
826.8	0.237885
827	0.237549
827.2	0.237214
827.4	0.23688
827.6	0.236546
827.8	0.236212
828	0.23588
828.2	0.235548
828.4	0.235216
828.6	0.234885
828.8	0.234555
829	0.234225
829.2	0.233896
829.4	0.233568
829.6	0.23324
829.8	0.232913
830	0.232586
830.2	0.23226
830.4	0.231934
830.6	0.231609
830.8	0.231285
831	0.230961
831.2	0.230638
831.4	0.230316
831.6	0.229994
831.8	0.229672
832	0.229351
832.2	0.229031
832.4	0.228711
832.6	0.228392
832.8	0.228074
833	0.227756
833.2	0.227438
833.4	0.227122
833.6	0.226805
833.8	0.22649
834	0.226175
834.2	0.22586
834.4	0.225546
834.6	0.225233
834.8	0.22492
835	0.224607
835.2	0.224296
835.4	0.223984
835.6	0.223674
835.8	0.223364
836	0.223054
836.2	0.222745
836.4	0.222437
836.6	0.222129
836.8	0.221822
837	0.221515
837.2	0.221209
837.4	0.220903
837.6	0.220598
837.8	0.220293
838	0.219989
838.2	0.219686
838.4	0.219383
838.6	0.219081
838.8	0.218779
839	0.218477
839.2	0.218177
839.4	0.217876
839.6	0.217577
839.8	0.217277
840	0.216979
840.2	0.216681
840.4	0.216383
840.6	0.216086
840.8	0.215789
841	0.215493
841.2	0.215198
841.4	0.214903
841.6	0.214608
841.8	0.214315
842	0.214021
842.2	0.213728
842.4	0.213436
842.6	0.213144
842.8	0.212853
843	0.212562
843.2	0.212272
843.4	0.211982
843.6	0.211692
843.8	0.211404
844	0.211115
844.2	0.210828
844.4	0.21054
844.6	0.210254
844.8	0.209967
845	0.209682
845.2	0.209396
845.4	0.209112
845.6	0.208828
845.8	0.208544
846	0.208261
846.2	0.207978
846.4	0.207696
846.6	0.207414
846.8	0.207133
847	0.206852
847.2	0.206572
847.4	0.206292
847.6	0.206013
847.8	0.205734
848	0.205456
848.2	0.205178
848.4	0.2049
848.6	0.204624
848.8	0.204347
849	0.204071
849.2	0.203796
849.4	0.203521
849.6	0.203247
849.8	0.202973
850	0.202699
850.2	0.202426
850.4	0.202154
850.6	0.201882
850.8	0.20161
851	0.201339
851.2	0.201069
851.4	0.200798
851.6	0.200529
851.8	0.20026
852	0.199991
852.2	0.199723
852.4	0.199455
852.6	0.199188
852.8	0.198921
853	0.198654
853.2	0.198388
853.4	0.198123
853.6	0.197858
853.8	0.197593
854	0.197329
854.2	0.197066
854.4	0.196802
854.6	0.19654
854.8	0.196277
855	0.196016
855.2	0.195754
855.4	0.195493
855.6	0.195233
855.8	0.194973
856	0.194713
856.2	0.194454
856.4	0.194196
856.6	0.193937
856.8	0.19368
857	0.193422
857.2	0.193165
857.4	0.192909
857.6	0.192653
857.8	0.192398
858	0.192142
858.2	0.191888
858.4	0.191634
858.6	0.19138
858.8	0.191126
859	0.190873
859.2	0.190621
859.4	0.190369
859.6	0.190117
859.8	0.189866
860	0.189615
860.2	0.189365
860.4	0.189115
860.6	0.188866
860.8	0.188617
861	0.188368
861.2	0.18812
861.4	0.187872
861.6	0.187625
861.8	0.187378
862	0.187132
862.2	0.186886
862.4	0.18664
862.6	0.186395
862.8	0.18615
863	0.185906
863.2	0.185662
863.4	0.185418
863.6	0.185175
863.8	0.184932
864	0.18469
864.2	0.184448
864.4	0.184207
864.6	0.183966
864.8	0.183725
865	0.183485
865.2	0.183245
865.4	0.183006
865.6	0.182767
865.8	0.182528
866	0.18229
866.2	0.182052
866.4	0.181815
866.6	0.181578
866.8	0.181341
867	0.181105
867.2	0.180869
867.4	0.180634
867.6	0.180399
867.8	0.180164
868	0.17993
868.2	0.179697
868.4	0.179463
868.6	0.17923
868.8	0.178998
869	0.178766
869.2	0.178534
869.4	0.178302
869.6	0.178071
869.8	0.177841
870	0.177611
870.2	0.177381
870.4	0.177151
870.6	0.176922
870.8	0.176694
871	0.176465
871.2	0.176237
871.4	0.17601
871.6	0.175783
871.8	0.175556
872	0.17533
872.2	0.175104
872.4	0.174878
872.6	0.174653
872.8	0.174428
873	0.174204
873.2	0.17398
873.4	0.173756
873.6	0.173533
873.8	0.17331
874	0.173087
874.2	0.172865
874.4	0.172643
874.6	0.172422
874.8	0.172201
875	0.17198
875.2	0.17176
875.4	0.17154
875.6	0.17132
875.8	0.171101
876	0.170882
876.2	0.170664
876.4	0.170446
876.6	0.170228
876.8	0.170011
877	0.169794
877.2	0.169577
877.4	0.169361
877.6	0.169145
877.8	0.168929
878	0.168714
878.2	0.168499
878.4	0.168285
878.6	0.16807
878.8	0.167857
879	0.167643
879.2	0.16743
879.4	0.167218
879.6	0.167005
879.8	0.166793
880	0.166582
880.2	0.16637
880.4	0.16616
880.6	0.165949
880.8	0.165739
881	0.165529
881.2	0.165319
881.4	0.16511
881.6	0.164901
881.8	0.164693
882	0.164485
882.2	0.164277
882.4	0.16407
882.6	0.163863
882.8	0.163656
883	0.163449
883.2	0.163243
883.4	0.163038
883.6	0.162832
883.8	0.162627
884	0.162423
884.2	0.162218
884.4	0.162014
884.6	0.161811
884.8	0.161607
885	0.161404
885.2	0.161202
885.4	0.160999
885.6	0.160797
885.8	0.160596
886	0.160395
886.2	0.160194
886.4	0.159993
886.6	0.159793
886.8	0.159593
887	0.159393
887.2	0.159194
887.4	0.158995
887.6	0.158796
887.8	0.158598
888	0.1584
888.2	0.158202
888.4	0.158005
888.6	0.157808
888.8	0.157611
889	0.157415
889.2	0.157219
889.4	0.157023
889.6	0.156828
889.8	0.156632
890	0.156438
890.2	0.156243
890.4	0.156049
890.6	0.155855
890.8	0.155662
891	0.155469
891.2	0.155276
891.4	0.155083
891.6	0.154891
891.8	0.154699
892	0.154508
892.2	0.154317
892.4	0.154126
892.6	0.153935
892.8	0.153745
893	0.153555
893.2	0.153365
893.4	0.153176
893.6	0.152987
893.8	0.152798
894	0.152609
894.2	0.152421
894.4	0.152233
894.6	0.152046
894.8	0.151859
895	0.151672
895.2	0.151485
895.4	0.151299
895.6	0.151113
895.8	0.150927
896	0.150742
896.2	0.150557
896.4	0.150372
896.6	0.150188
896.8	0.150003
897	0.14982
897.2	0.149636
897.4	0.149453
897.6	0.14927
897.8	0.149087
898	0.148905
898.2	0.148723
898.4	0.148541
898.6	0.14836
898.8	0.148178
899	0.147997
899.2	0.147817
899.4	0.147637
899.6	0.147457
899.8	0.147277
900	0.147097
900.2	0.146918
900.4	0.14674
900.6	0.146561
900.8	0.146383
901	0.146205
901.2	0.146027
901.4	0.14585
901.6	0.145673
901.8	0.145496
902	0.145319
902.2	0.145143
902.4	0.144967
902.6	0.144792
902.8	0.144616
903	0.144441
903.2	0.144266
903.4	0.144092
903.6	0.143918
903.8	0.143744
904	0.14357
904.2	0.143397
904.4	0.143224
904.6	0.143051
904.8	0.142878
905	0.142706
905.2	0.142534
905.4	0.142362
905.6	0.142191
905.8	0.14202
906	0.141849
906.2	0.141678
906.4	0.141508
906.6	0.141338
906.8	0.141168
907	0.140999
907.2	0.140829
907.4	0.14066
907.6	0.140492
907.8	0.140323
908	0.140155
908.2	0.139987
908.4	0.13982
908.6	0.139652
908.8	0.139485
909	0.139319
909.2	0.139152
909.4	0.138986
909.6	0.13882
909.8	0.138654
910	0.138489
910.2	0.138324
910.4	0.138159
910.6	0.137994
910.8	0.13783
911	0.137666
911.2	0.137502
911.4	0.137338
911.6	0.137175
911.8	0.137012
912	0.136849
912.2	0.136687
912.4	0.136524
912.6	0.136362
912.8	0.1362
913	0.136039
913.2	0.135878
913.4	0.135717
913.6	0.135556
913.8	0.135396
914	0.135235
914.2	0.135076
914.4	0.134916
914.6	0.134756
914.8	0.134597
915	0.134438
915.2	0.13428
915.4	0.134121
915.6	0.133963
915.8	0.133805
916	0.133648
916.2	0.13349
916.4	0.133333
916.6	0.133176
916.8	0.133019
917	0.132863
917.2	0.132707
917.4	0.132551
917.6	0.132395
917.8	0.13224
918	0.132085
918.2	0.13193
918.4	0.131775
918.6	0.131621
918.8	0.131467
919	0.131313
919.2	0.131159
919.4	0.131006
919.6	0.130853
919.8	0.1307
920	0.130547
920.2	0.130395
920.4	0.130242
920.6	0.13009
920.8	0.129939
921	0.129787
921.2	0.129636
921.4	0.129485
921.6	0.129334
921.8	0.129184
922	0.129033
922.2	0.128883
922.4	0.128734
922.6	0.128584
922.8	0.128435
923	0.128286
923.2	0.128137
923.4	0.127988
923.6	0.12784
923.8	0.127692
924	0.127544
924.2	0.127396
924.4	0.127249
924.6	0.127102
924.8	0.126955
925	0.126808
925.2	0.126661
925.4	0.126515
925.6	0.126369
925.8	0.126223
926	0.126078
926.2	0.125932
926.4	0.125787
926.6	0.125642
926.8	0.125498
927	0.125353
927.2	0.125209
927.4	0.125065
927.6	0.124921
927.8	0.124778
928	0.124635
928.2	0.124492
928.4	0.124349
928.6	0.124206
928.8	0.124064
929	0.123922
929.2	0.12378
929.4	0.123638
929.6	0.123497
929.8	0.123355
930	0.123214
930.2	0.123073
930.4	0.122933
930.6	0.122792
930.8	0.122652
931	0.122512
931.2	0.122373
931.4	0.122233
931.6	0.122094
931.8	0.121955
932	0.121816
932.2	0.121677
932.4	0.121539
932.6	0.121401
932.8	0.121263
933	0.121125
933.2	0.120988
933.4	0.12085
933.6	0.120713
933.8	0.120576
934	0.12044
934.2	0.120303
934.4	0.120167
934.6	0.120031
934.8	0.119895
935	0.11976
935.2	0.119624
935.4	0.119489
935.6	0.119354
935.8	0.11922
936	0.119085
936.2	0.118951
936.4	0.118817
936.6	0.118683
936.8	0.118549
937	0.118416
937.2	0.118282
937.4	0.118149
937.6	0.118016
937.8	0.117884
938	0.117751
938.2	0.117619
938.4	0.117487
938.6	0.117355
938.8	0.117224
939	0.117092
939.2	0.116961
939.4	0.11683
939.6	0.116699
939.8	0.116569
940	0.116438
940.2	0.116308
940.4	0.116178
940.6	0.116049
940.8	0.115919
941	0.11579
941.2	0.11566
941.4	0.115531
941.6	0.115403
941.8	0.115274
942	0.115146
942.2	0.115018
942.4	0.11489
942.6	0.114762
942.8	0.114634
943	0.114507
943.2	0.11438
943.4	0.114253
943.6	0.114126
943.8	0.114
944	0.113873
944.2	0.113747
944.4	0.113621
944.6	0.113495
944.8	0.11337
945	0.113244
945.2	0.113119
945.4	0.112994
945.6	0.11287
945.8	0.112745
946	0.112621
946.2	0.112496
946.4	0.112372
946.6	0.112248
946.8	0.112125
947	0.112001
947.2	0.111878
947.4	0.111755
947.6	0.111632
947.8	0.11151
948	0.111387
948.2	0.111265
948.4	0.111143
948.6	0.111021
948.8	0.110899
949	0.110777
949.2	0.110656
949.4	0.110535
949.6	0.110414
949.8	0.110293
950	0.110173
950.2	0.110052
950.4	0.109932
950.6	0.109812
950.8	0.109692
951	0.109572
951.2	0.109453
951.4	0.109334
951.6	0.109215
951.8	0.109096
952	0.108977
952.2	0.108858
952.4	0.10874
952.6	0.108622
952.8	0.108504
953	0.108386
953.2	0.108268
953.4	0.108151
953.6	0.108034
953.8	0.107916
954	0.107799
954.2	0.107683
954.4	0.107566
954.6	0.10745
954.8	0.107334
955	0.107218
955.2	0.107102
955.4	0.106986
955.6	0.106871
955.8	0.106755
956	0.10664
956.2	0.106525
956.4	0.10641
956.6	0.106296
956.8	0.106181
957	0.106067
957.2	0.105953
957.4	0.105839
957.6	0.105726
957.8	0.105612
958	0.105499
958.2	0.105385
958.4	0.105272
958.6	0.10516
958.8	0.105047
959	0.104934
959.2	0.104822
959.4	0.10471
959.6	0.104598
959.8	0.104486
960	0.104375
960.2	0.104263
960.4	0.104152
960.6	0.104041
960.8	0.10393
961	0.103819
961.2	0.103708
961.4	0.103598
961.6	0.103488
961.8	0.103378
962	0.103268
962.2	0.103158
962.4	0.103048
962.6	0.102939
962.8	0.10283
963	0.102721
963.2	0.102612
963.4	0.102503
963.6	0.102394
963.8	0.102286
964	0.102178
964.2	0.10207
964.4	0.101962
964.6	0.101854
964.8	0.101746
965	0.101639
965.2	0.101532
965.4	0.101424
965.6	0.101318
965.8	0.101211
966	0.101104
966.2	0.100998
966.4	0.100891
966.6	0.100785
966.8	0.100679
967	0.100574
967.2	0.100468
967.4	0.100362
967.6	0.100257
967.8	0.100152
968	0.100047
968.2	0.0999422
968.4	0.0998375
968.6	0.099733
968.8	0.0996287
969	0.0995245
969.2	0.0994205
969.4	0.0993166
969.6	0.0992129
969.8	0.0991093
970	0.0990059
970.2	0.0989027
970.4	0.0987996
970.6	0.0986967
970.8	0.0985939
971	0.0984913
971.2	0.0983889
971.4	0.0982866
971.6	0.0981845
971.8	0.0980825
972	0.0979806
972.2	0.097879
972.4	0.0977774
972.6	0.0976761
972.8	0.0975749
973	0.0974738
973.2	0.0973729
973.4	0.0972722
973.6	0.0971716
973.8	0.0970711
974	0.0969709
974.2	0.0968707
974.4	0.0967707
974.6	0.0966709
974.8	0.0965712
975	0.0964717
975.2	0.0963723
975.4	0.0962731
975.6	0.096174
975.8	0.0960751
976	0.0959763
976.2	0.0958777
976.4	0.0957792
976.6	0.0956809
976.8	0.0955827
977	0.0954847
977.2	0.0953868
977.4	0.0952891
977.6	0.0951915
977.8	0.0950941
978	0.0949968
978.2	0.0948997
978.4	0.0948027
978.6	0.0947059
978.8	0.0946092
979	0.0945126
979.2	0.0944162
979.4	0.09432
979.6	0.0942238
979.8	0.0941279
980	0.0940321
980.2	0.0939364
980.4	0.0938409
980.6	0.0937455
980.8	0.0936502
981	0.0935552
981.2	0.0934602
981.4	0.0933654
981.6	0.0932707
981.8	0.0931762
982	0.0930818
982.2	0.0929876
982.4	0.0928935
982.6	0.0927996
982.8	0.0927058
983	0.0926121
983.2	0.0925186
983.4	0.0924252
983.6	0.0923319
983.8	0.0922388
984	0.0921459
984.2	0.0920531
984.4	0.0919604
984.6	0.0918678
984.8	0.0917755
985	0.0916832
985.2	0.0915911
985.4	0.0914991
985.6	0.0914073
985.8	0.0913156
986	0.091224
986.2	0.0911326
986.4	0.0910413
986.6	0.0909501
986.8	0.0908591
987	0.0907682
987.2	0.0906775
987.4	0.0905869
987.6	0.0904964
987.8	0.0904061
988	0.0903159
988.2	0.0902258
988.4	0.0901359
988.6	0.0900461
988.8	0.0899565
989	0.089867
989.2	0.0897776
989.4	0.0896883
989.6	0.0895992
989.8	0.0895103
990	0.0894214
990.2	0.0893327
990.4	0.0892441
990.6	0.0891557
990.8	0.0890674
991	0.0889792
991.2	0.0888912
991.4	0.0888032
991.6	0.0887155
991.8	0.0886278
992	0.0885403
992.2	0.0884529
992.4	0.0883657
992.6	0.0882785
992.8	0.0881915
993	0.0881047
993.2	0.088018
993.4	0.0879314
993.6	0.0878449
993.8	0.0877585
994	0.0876723
994.2	0.0875863
994.4	0.0875003
994.6	0.0874145
994.8	0.0873288
995	0.0872432
995.2	0.0871578
995.4	0.0870725
995.6	0.0869873
995.8	0.0869023
996	0.0868173
996.2	0.0867325
996.4	0.0866479
996.6	0.0865633
996.8	0.0864789
997	0.0863946
997.2	0.0863105
997.4	0.0862264
997.6	0.0861425
997.8	0.0860587
998	0.0859751
998.2	0.0858915
998.4	0.0858081
998.6	0.0857248
998.8	0.0856417
999	0.0855586
999.2	0.0854757
999.4	0.0853929
999.6	0.0853103
999.8	0.0852277
1000	0.0851453
